PDG	Ctau	CtauScaleFactor	Efficiency	StatError	RelativeStatError	PuUpEffic	PuDownEffic	TruncEffic	StatError	PuUpTrunEffic	PuDownTruncEffic	EfficiencyNeg	StatError	RelativeStatError	TrunEfficNeg	StatError
6001113	0.4	0.01		5.472e-105		0.000000		1.014853		0.000000		0.000000		0.000000		0.000000		0.000000		0.00000000		8.264e-138		0.000000		1.052572		8.264e-138		0.000000
6001113	0.8	0.02		6.185e-53		0.000000		0.897427		0.000000		0.000000		0.000000		0.000000		0.000000		0.00000000		2.59e-69		0.000000		1.017094		2.59e-69		0.000000
6001113	1.6	0.04		3.614e-27		0.000000		0.794167		0.000000		0.000000		0.000000		0.000000		0.000000		0.00000000		2.313e-35		0.000000		1.004607		2.313e-35		0.000000
6001113	2.4	0.06		1.028e-18		0.000000		0.730281		0.000000		0.000000		0.000000		0.000000		0.000000		0.00000000		3.319e-24		0.000000		1.002046		3.319e-24		0.000000
6001113	3.2	0.08		1.511e-14		0.000000		0.679613		0.000000		0.000000		0.000000		0.000000		0.000000		0.00000000		1.051e-18		0.000000		1.001155		1.051e-18		0.000000
6001113	4	0.1		4.447e-12		0.000000		0.637340		0.000000		0.000000		0.000000		0.000000		0.000000		0.00000000		1.896e-15		0.000000		1.000751		1.896e-15		0.000000
6001113	8	0.2		2.805e-07		0.000000		0.513563		0.000000		0.000000		0.000000		0.000000		0.000000		0.00000027		3.819e-09		0.000000		1.000218		3.819e-09		0.000000
6001113	16	0.4		4.696e-05		0.000019		0.406728		0.000048		0.000045		0.000047		0.000014		0.000048		0.00004538		2.763e-06		0.000003		1.000068		2.763e-06		0.000002
6001113	24	0.6		0.0002593		0.000077		0.295902		0.000265		0.000249		0.000259		0.000054		0.000265		0.00024898		1.749e-05		0.000017		1.000024		1.749e-05		0.000012
6001113	32	0.8		0.0006805		0.000157		0.230616		0.000696		0.000654		0.000681		0.000111		0.000696		0.00065426		3.713e-05		0.000037		0.999994		3.713e-05		0.000026
6001113	40	1		0.001275		0.000270		0.212112		0.001307		0.001227		0.001276		0.000191		0.001308		0.00122776		5.276e-05		0.000053		0.999976		5.278e-05		0.000037
6001113	80	2		0.00414		0.001037		0.250549		0.004377		0.003942		0.004106		0.000727		0.004340		0.00390857		6.644e-05		0.000066		1.000055		6.589e-05		0.000047
6001113	160	4		0.005622		0.001678		0.298491		0.006178		0.005241		0.004919		0.001036		0.005408		0.00458056		4.634e-05		0.000046		1.000825		4.054e-05		0.000029
6001113	240	6		0.005751		0.001829		0.317970		0.006425		0.005307		0.004240		0.000952		0.004744		0.00390671		3.7e-05		0.000037		1.001541		2.728e-05		0.000019
6001113	320	8		0.005724		0.001879		0.328364		0.006453		0.005252		0.003589		0.000832		0.004052		0.00328636		3.238e-05		0.000032		1.002034		2.03e-05		0.000014
6001113	400	10		0.005679		0.001901		0.334803		0.006438		0.005193		0.003079		0.000728		0.003498		0.00280896		2.971e-05		0.000030		1.002378		1.611e-05		0.000011
6001113	800	20		0.005532		0.001926		0.348110		0.006343		0.005019		0.001762		0.000433		0.002025		0.00159390		2.466e-05		0.000025		1.003177		7.851e-06		0.000006
6001113	1.6e+03	40		0.005432		0.001928		0.354965		0.006264		0.004908		0.000940		0.000236		0.001087		0.00084663		2.231e-05		0.000022		1.003633		3.861e-06		0.000003
6001113	2.4e+03	60		0.005395		0.001927		0.357278		0.006234		0.004868		0.000640		0.000162		0.000742		0.00057569		2.156e-05		0.000022		1.003793		2.558e-06		0.000002
6001113	3.2e+03	80		0.005376		0.001927		0.358440		0.006218		0.004847		0.000485		0.000123		0.000563		0.00043602		2.119e-05		0.000021		1.003874		1.912e-06		0.000001
6001113	4e+03	1e+02		0.005364		0.001926		0.359138		0.006208		0.004835		0.000391		0.000099		0.000454		0.00035087		2.097e-05		0.000021		1.003923		1.527e-06		0.000001
6002113	4	0.01		1.038e-09		0.000000		1.074533		0.000000		0.000000		0.000000		0.000000		0.000000		0.00000000		1.479e-26		0.000000		1.074546		1.479e-26		0.000000
6002113	8	0.02		7.472e-06		0.000008		1.016321		0.000008		0.000007		0.000007		0.000005		0.000008		0.00000694		6.209e-15		0.000000		1.021939		6.209e-15		0.000000
6002113	16	0.04		0.0003483		0.000305		0.875785		0.000361		0.000330		0.000348		0.000216		0.000361		0.00033027		1.934e-09		0.000000		1.005178		1.934e-09		0.000000
6002113	24	0.06		0.001111		0.000735		0.661466		0.001145		0.001054		0.001111		0.000520		0.001145		0.00105398		9.01e-08		0.000000		1.002141		9.01e-08		0.000000
6002113	32	0.08		0.002035		0.000996		0.489550		0.002089		0.001936		0.002035		0.000705		0.002089		0.00193634		5.178e-07		0.000001		0.997796		5.178e-07		0.000000
6002113	40	0.1		0.003022		0.001130		0.373809		0.003086		0.002897		0.003022		0.000799		0.003086		0.00289682		1.372e-06		0.000001		0.968480		1.372e-06		0.000001
6002113	80	0.2		0.007739		0.001245		0.160933		0.007725		0.007706		0.007739		0.000881		0.007725		0.00770552		2.42e-05		0.000010		0.427444		2.42e-05		0.000007
6002113	160	0.4		0.01325		0.001150		0.086726		0.013194		0.013307		0.013255		0.000813		0.013194		0.01330747		0.000215		0.000090		0.419577		0.000215		0.000064
6002113	240	0.6		0.01481		0.001040		0.070225		0.014855		0.014750		0.014807		0.000735		0.014854		0.01474952		0.0003388		0.000141		0.414763		0.0003388		0.000099
6002113	320	0.8		0.01484		0.000950		0.063974		0.014963		0.014705		0.014837		0.000671		0.014955		0.01470080		0.0003611		0.000149		0.412225		0.0003611		0.000105
6002113	400	1		0.01437		0.000897		0.062410		0.014514		0.014210		0.014352		0.000634		0.014487		0.01419279		0.0003395		0.000140		0.410897		0.0003396		0.000099
6002113	800	2		0.011		0.001031		0.093766		0.011038		0.010888		0.010747		0.000694		0.010759		0.01068419		0.0001848		0.000076		0.409288		0.000184		0.000053
6002113	1.6e+03	4		0.007273		0.001231		0.169239		0.007243		0.007200		0.006233		0.000709		0.006168		0.00623767		8.137e-05		0.000033		0.411566		7.321e-05		0.000021
6002113	2.4e+03	6		0.005898		0.001230		0.208592		0.005859		0.005831		0.004261		0.000598		0.004197		0.00427298		5.49e-05		0.000023		0.414241		4.227e-05		0.000012
6002113	3.2e+03	8		0.005238		0.001208		0.230648		0.005198		0.005175		0.003219		0.000502		0.003163		0.00323096		4.405e-05		0.000018		0.416137		2.909e-05		0.000009
6002113	4e+03	10		0.004859		0.001188		0.244532		0.004818		0.004796		0.002582		0.000428		0.002534		0.00259309		3.831e-05		0.000016		0.417465		2.2e-05		0.000006
6002113	8e+03	20		0.004144		0.001133		0.273514		0.004105		0.004084		0.001294		0.000242		0.001266		0.00130039		2.853e-05		0.000012		0.420548		9.735e-06		0.000003
6002113	1.6e+04	40		0.003812		0.001100		0.288498		0.003774		0.003754		0.000647		0.000128		0.000632		0.00065014		2.444e-05		0.000010		0.422295		4.557e-06		0.000001
6002113	2.4e+04	60		0.003706		0.001088		0.293550		0.003668		0.003647		0.000431		0.000087		0.000421		0.00043333		2.319e-05		0.000010		0.422906		2.97e-06		0.000001
6002113	3.2e+04	80		0.003653		0.001082		0.296086		0.003616		0.003595		0.000323		0.000066		0.000315		0.00032495		2.258e-05		0.000010		0.423216		2.202e-06		0.000001
6002113	4e+04	1e+02		0.003622		0.001078		0.297611		0.003584		0.003564		0.000258		0.000053		0.000252		0.00025993		2.222e-05		0.000009		0.423404		1.75e-06		0.000001
6003113	40	0.01		0.001767		0.001336		0.756027		0.001757		0.001750		0.001767		0.000945		0.001757		0.00174962		0		0.000000		-1.000000		0		0.000000
6003113	80	0.02		0.01239		0.007403		0.597590		0.012171		0.012411		0.012388		0.005235		0.012171		0.01241058		0		0.000000		-1.000000		0		0.000000
6003113	160	0.04		0.02154		0.010481		0.486609		0.021437		0.021292		0.021540		0.007411		0.021437		0.02129167		0		0.000000		-1.000000		0		0.000000
6003113	240	0.06		0.02063		0.008735		0.423344		0.020894		0.019973		0.020634		0.006177		0.020894		0.01997313		0		0.000000		-1.000000		0		0.000000
6003113	320	0.08		0.01821		0.006876		0.377546		0.018664		0.017379		0.018212		0.004862		0.018664		0.01737919		0		0.000000		-1.000000		0		0.000000
6003113	400	0.1		0.01601		0.005475		0.341965		0.016527		0.015159		0.016012		0.003872		0.016527		0.01515948		0		0.000000		-1.000000		0		0.000000
6003113	800	0.2		0.00994		0.002415		0.242977		0.010318		0.009396		0.009940		0.001708		0.010318		0.00939601		0		0.000000		-1.000000		0		0.000000
6003113	1.6e+03	0.4		0.005636		0.001048		0.185958		0.005822		0.005387		0.005636		0.000741		0.005822		0.00538677		0		0.000000		-1.000000		0		0.000000
6003113	2.4e+03	0.6		0.003889		0.000646		0.166184		0.004011		0.003730		0.003889		0.000457		0.004011		0.00372962		0		0.000000		-1.000000		0		0.000000
6003113	3.2e+03	0.8		0.002944		0.000464		0.157488		0.003033		0.002831		0.002944		0.000328		0.003033		0.00283038		0		0.000000		-1.000000		0		0.000000
6003113	4e+03	1		0.002342		0.000364		0.155512		0.002410		0.002259		0.002342		0.000258		0.002409		0.00225837		0		0.000000		-1.000000		0		0.000000
6003113	8e+03	2		0.001036		0.000183		0.176171		0.001057		0.001013		0.001031		0.000128		0.001052		0.00100812		0		0.000000		-1.000000		0		0.000000
6003113	1.6e+04	4		0.0004347		0.000093		0.214188		0.000440		0.000431		0.000395		0.000059		0.000399		0.00039150		0		0.000000		-1.000000		0		0.000000
6003113	2.4e+04	6		0.0002884		0.000068		0.235039		0.000290		0.000287		0.000226		0.000037		0.000228		0.00022522		0		0.000000		-1.000000		0		0.000000
6003113	3.2e+04	8		0.0002293		0.000057		0.247254		0.000230		0.000229		0.000155		0.000027		0.000156		0.00015466		0		0.000000		-1.000000		0		0.000000
6003113	4e+04	10		0.0001983		0.000051		0.255122		0.000199		0.000199		0.000117		0.000021		0.000117		0.00011681		0		0.000000		-1.000000		0		0.000000
6003113	8e+04	20		0.000146		0.000040		0.271939		0.000146		0.000147		0.000051		0.000010		0.000051		0.00005152		0		0.000000		-1.000000		0		0.000000
6003113	1.6e+05	40		0.0001243		0.000035		0.280819		0.000124		0.000125		0.000024		0.000005		0.000024		0.00002407		0		0.000000		-1.000000		0		0.000000
6003113	2.4e+05	60		0.0001177		0.000033		0.283840		0.000118		0.000119		0.000016		0.000003		0.000016		0.00001568		0		0.000000		-1.000000		0		0.000000
6003113	3.2e+05	80		0.0001145		0.000033		0.285361		0.000114		0.000115		0.000012		0.000002		0.000012		0.00001162		0		0.000000		-1.000000		0		0.000000
6003113	4e+05	1e+02		0.0001126		0.000032		0.286277		0.000112		0.000113		0.000009		0.000002		0.000009		0.00000923		0		0.000000		-1.000000		0		0.000000
