PDG	Ctau	CtauScaleFactor	Efficiency	StatError	RelativeStatError	PuUpEffic	PuDownEffic	TruncEffic	StatError	PuUpTrunEffic	PuDownTruncEffic	EfficiencyNeg	StatError	RelativeStatError	TrunEfficNeg	StatError
6001113	2	0.01		2.309e-25		0.000000		0.999599		0.000000		0.000000		0.000000		0.000000		0.000000		0.00000000		0		0.000000		-1.000000		0		0.000000
6001113	4	0.02		2.033e-14		0.000000		0.967757		0.000000		0.000000		0.000000		0.000000		0.000000		0.00000000		0		0.000000		-1.000000		0		0.000000
6001113	8	0.04		4.846e-09		0.000000		0.840606		0.000000		0.000000		0.000000		0.000000		0.000000		0.00000000		0		0.000000		-1.000000		0		0.000000
6001113	12	0.06		2.805e-07		0.000000		0.737847		0.000000		0.000000		0.000000		0.000000		0.000000		0.00000025		0		0.000000		-1.000000		0		0.000000
6001113	16	0.08		2.121e-06		0.000001		0.652513		0.000002		0.000002		0.000002		0.000001		0.000002		0.00000188		0		0.000000		-1.000000		0		0.000000
6001113	20	0.1		7.391e-06		0.000004		0.565505		0.000008		0.000007		0.000007		0.000004		0.000008		0.00000653		0		0.000000		-1.000000		0		0.000000
6001113	40	0.2		0.0001522		0.000036		0.233844		0.000158		0.000145		0.000152		0.000036		0.000158		0.00014479		0		0.000000		-1.000000		0		0.000000
6001113	80	0.4		0.001509		0.000143		0.094936		0.001525		0.001499		0.001509		0.000143		0.001525		0.00149926		0		0.000000		-1.000000		0		0.000000
6001113	120	0.6		0.003937		0.000285		0.072408		0.003968		0.003919		0.003937		0.000285		0.003967		0.00391886		0		0.000000		-1.000000		0		0.000000
6001113	160	0.8		0.006547		0.000433		0.066111		0.006591		0.006514		0.006539		0.000433		0.006582		0.00650714		0		0.000000		-1.000000		0		0.000000
6001113	200	1		0.008892		0.000575		0.064668		0.008943		0.008844		0.008854		0.000574		0.008900		0.00881334		0		0.000000		-1.000000		0		0.000000
6001113	400	2		0.01543		0.001258		0.081535		0.015472		0.015326		0.014716		0.001117		0.014693		0.01472865		0		0.000000		-1.000000		0		0.000000
6001113	800	4		0.01798		0.002335		0.129873		0.018009		0.017747		0.014749		0.001448		0.014618		0.01487118		0		0.000000		-1.000000		0		0.000000
6001113	1.2e+03	6		0.01812		0.002885		0.159195		0.018156		0.017817		0.012606		0.001382		0.012453		0.01275321		0		0.000000		-1.000000		0		0.000000
6001113	1.6e+03	8		0.018		0.003185		0.176931		0.018035		0.017650		0.010741		0.001249		0.010592		0.01088651		0		0.000000		-1.000000		0		0.000000
6001113	2e+03	10		0.01786		0.003369		0.188597		0.017897		0.017482		0.009287		0.001119		0.009148		0.00942330		0		0.000000		-1.000000		0		0.000000
6001113	4e+03	20		0.01743		0.003735		0.214240		0.017470		0.016993		0.005437		0.000705		0.005343		0.00553050		0		0.000000		-1.000000		0		0.000000
6001113	8e+03	40		0.01715		0.003913		0.228201		0.017185		0.016676		0.002946		0.000396		0.002891		0.00299992		0		0.000000		-1.000000		0		0.000000
6001113	1.2e+04	60		0.01704		0.003970		0.233019		0.017079		0.016559		0.002017		0.000275		0.001979		0.00205540		0		0.000000		-1.000000		0		0.000000
6001113	1.6e+04	80		0.01698		0.003999		0.235458		0.017024		0.016499		0.001534		0.000210		0.001504		0.00156284		0		0.000000		-1.000000		0		0.000000
6001113	2e+04	1e+02		0.01695		0.004016		0.236931		0.016991		0.016463		0.001237		0.000170		0.001213		0.00126061		0		0.000000		-1.000000		0		0.000000
6002113	20	0.01		6.14e-07		0.000000		0.312632		0.000001		0.000001		0.000001		0.000000		0.000001		0.00000055		0		0.000000		-1.000000		0		0.000000
6002113	40	0.02		0.0001146		0.000025		0.214195		0.000121		0.000108		0.000115		0.000025		0.000121		0.00010814		0		0.000000		-1.000000		0		0.000000
6002113	80	0.04		0.001675		0.000248		0.147982		0.001733		0.001605		0.001675		0.000248		0.001733		0.00160497		0		0.000000		-1.000000		0		0.000000
6002113	120	0.06		0.004209		0.000496		0.117931		0.004339		0.004055		0.004209		0.000496		0.004339		0.00405548		0		0.000000		-1.000000		0		0.000000
6002113	160	0.08		0.006675		0.000679		0.101655		0.006870		0.006455		0.006675		0.000679		0.006870		0.00645505		0		0.000000		-1.000000		0		0.000000
6002113	200	0.1		0.008728		0.000802		0.091868		0.008976		0.008463		0.008728		0.000802		0.008976		0.00846301		0		0.000000		-1.000000		0		0.000000
6002113	400	0.2		0.01344		0.000995		0.074046		0.013794		0.013099		0.013438		0.000995		0.013794		0.01309906		0		0.000000		-1.000000		0		0.000000
6002113	800	0.4		0.01305		0.000887		0.067961		0.013381		0.012751		0.013051		0.000887		0.013381		0.01275071		0		0.000000		-1.000000		0		0.000000
6002113	1.2e+03	0.6		0.01107		0.000741		0.066923		0.011346		0.010820		0.011070		0.000741		0.011346		0.01082041		0		0.000000		-1.000000		0		0.000000
6002113	1.6e+03	0.8		0.009399		0.000627		0.066710		0.009631		0.009187		0.009399		0.000627		0.009631		0.00918698		0		0.000000		-1.000000		0		0.000000
6002113	2e+03	1		0.008109		0.000541		0.066716		0.008307		0.007926		0.008107		0.000541		0.008307		0.00792438		0		0.000000		-1.000000		0		0.000000
6002113	4e+03	2		0.004784		0.000323		0.067450		0.004891		0.004686		0.004722		0.000318		0.004837		0.00461586		0		0.000000		-1.000000		0		0.000000
6002113	8e+03	4		0.002872		0.000205		0.071435		0.002918		0.002828		0.002552		0.000174		0.002613		0.00249614		0		0.000000		-1.000000		0		0.000000
6002113	1.2e+04	6		0.002268		0.000173		0.076211		0.002295		0.002241		0.001747		0.000120		0.001788		0.00170911		0		0.000000		-1.000000		0		0.000000
6002113	1.6e+04	8		0.001984		0.000159		0.080070		0.002003		0.001965		0.001328		0.000092		0.001359		0.00129922		0		0.000000		-1.000000		0		0.000000
6002113	2e+04	10		0.001821		0.000151		0.082999		0.001836		0.001806		0.001071		0.000074		0.001096		0.00104786		0		0.000000		-1.000000		0		0.000000
6002113	4e+04	20		0.001516		0.000137		0.090475		0.001522		0.001507		0.000544		0.000038		0.000557		0.00053257		0		0.000000		-1.000000		0		0.000000
6002113	8e+04	40		0.001374		0.000131		0.095101		0.001377		0.001368		0.000274		0.000019		0.000281		0.00026849		0		0.000000		-1.000000		0		0.000000
6002113	1.2e+05	60		0.001328		0.000129		0.096782		0.001330		0.001324		0.000183		0.000013		0.000188		0.00017949		0		0.000000		-1.000000		0		0.000000
6002113	1.6e+05	80		0.001306		0.000128		0.097649		0.001307		0.001302		0.000138		0.000010		0.000141		0.00013480		0		0.000000		-1.000000		0		0.000000
6002113	2e+05	1e+02		0.001292		0.000127		0.098177		0.001294		0.001288		0.000110		0.000008		0.000113		0.00010793		0		0.000000		-1.000000		0		0.000000
6003113	200	0.01		0.00912		0.002363		0.259061		0.008505		0.009670		0.009120		0.002363		0.008505		0.00966999		0		0.000000		-1.000000		0		0.000000
6003113	400	0.02		0.01475		0.003150		0.213523		0.013931		0.015515		0.014755		0.003150		0.013931		0.01551463		0		0.000000		-1.000000		0		0.000000
6003113	800	0.04		0.01439		0.002753		0.191246		0.013716		0.015050		0.014395		0.002753		0.013716		0.01504962		0		0.000000		-1.000000		0		0.000000
6003113	1.2e+03	0.06		0.0122		0.002264		0.185592		0.011659		0.012728		0.012198		0.002264		0.011659		0.01272821		0		0.000000		-1.000000		0		0.000000
6003113	1.6e+03	0.08		0.01036		0.001900		0.183392		0.009918		0.010800		0.010360		0.001900		0.009918		0.01080000		0		0.000000		-1.000000		0		0.000000
6003113	2e+03	0.1		0.008948		0.001631		0.182320		0.008575		0.009323		0.008948		0.001631		0.008575		0.00932275		0		0.000000		-1.000000		0		0.000000
6003113	4e+03	0.2		0.005248		0.000949		0.180834		0.005039		0.005460		0.005248		0.000949		0.005039		0.00545999		0		0.000000		-1.000000		0		0.000000
6003113	8e+03	0.4		0.002847		0.000514		0.180466		0.002738		0.002959		0.002847		0.000514		0.002738		0.00295903		0		0.000000		-1.000000		0		0.000000
6003113	1.2e+04	0.6		0.001948		0.000351		0.180409		0.001874		0.002023		0.001948		0.000351		0.001874		0.00202279		0		0.000000		-1.000000		0		0.000000
6003113	1.6e+04	0.8		0.001478		0.000267		0.180396		0.001423		0.001535		0.001478		0.000267		0.001423		0.00153488		0		0.000000		-1.000000		0		0.000000
6003113	2e+04	1		0.00119		0.000215		0.180397		0.001146		0.001236		0.001191		0.000215		0.001147		0.00123631		0		0.000000		-1.000000		0		0.000000
6003113	4e+04	2		0.0005998		0.000108		0.180665		0.000578		0.000622		0.000606		0.000109		0.000584		0.00062788		0		0.000000		-1.000000		0		0.000000
6003113	8e+04	4		0.0003067		0.000057		0.187438		0.000297		0.000317		0.000307		0.000055		0.000296		0.00031762		0		0.000000		-1.000000		0		0.000000
6003113	1.2e+05	6		0.0002199		0.000044		0.200138		0.000213		0.000226		0.000206		0.000037		0.000198		0.00021281		0		0.000000		-1.000000		0		0.000000
6003113	1.6e+05	8		0.000181		0.000038		0.211768		0.000176		0.000186		0.000155		0.000028		0.000149		0.00016004		0		0.000000		-1.000000		0		0.000000
6003113	2e+05	10		0.0001595		0.000035		0.220971		0.000155		0.000164		0.000124		0.000022		0.000120		0.00012826		0		0.000000		-1.000000		0		0.000000
6003113	4e+05	20		0.000121		0.000030		0.244944		0.000118		0.000124		0.000062		0.000011		0.000060		0.00006436		0		0.000000		-1.000000		0		0.000000
6003113	8e+05	40		0.0001041		0.000027		0.259757		0.000102		0.000106		0.000031		0.000006		0.000030		0.00003224		0		0.000000		-1.000000		0		0.000000
6003113	1.2e+06	60		9.889e-05		0.000026		0.265098		0.000097		0.000101		0.000021		0.000004		0.000020		0.00002151		0		0.000000		-1.000000		0		0.000000
6003113	1.6e+06	80		9.633e-05		0.000026		0.267842		0.000094		0.000098		0.000016		0.000003		0.000015		0.00001614		0		0.000000		-1.000000		0		0.000000
6003113	2e+06	1e+02		9.482e-05		0.000026		0.269511		0.000093		0.000097		0.000012		0.000002		0.000012		0.00001291		0		0.000000		-1.000000		0		0.000000
