PDG	Ctau	CtauScaleFactor	Efficiency	StatError	RelativeStatError	PuUpEffic	PuDownEffic	TruncEffic	StatError	PuUpTrunEffic	PuDownTruncEffic	EfficiencyNeg	StatError	RelativeStatError	TrunEfficNeg	StatError
6001113	0.7	0.01		1.855e-67		0.000000		1.049150		0.000000		0.000000		0.000000		0.000000		0.000000		0.00000000		1.953e-172		0.000000		0.000000		1.953e-172		0.000000
6001113	1.4	0.02		1.539e-34		0.000000		1.015236		0.000000		0.000000		0.000000		0.000000		0.000000		0.00000000		1.601e-86		0.000000		1.015570		1.601e-86		0.000000
6001113	2.8	0.04		2.534e-18		0.000000		0.989739		0.000000		0.000000		0.000000		0.000000		0.000000		0.00000000		8.16e-44		0.000000		1.004836		8.16e-44		0.000000
6001113	4.2	0.06		4.806e-13		0.000000		0.948725		0.000000		0.000000		0.000000		0.000000		0.000000		0.00000000		1.01e-29		0.000000		1.002246		1.01e-29		0.000000
6001113	5.6	0.08		1.831e-10		0.000000		0.898511		0.000000		0.000000		0.000000		0.000000		0.000000		0.00000000		9.471e-23		0.000000		1.001275		9.471e-23		0.000000
6001113	7	0.1		6.036e-09		0.000000		0.845723		0.000000		0.000000		0.000000		0.000000		0.000000		0.00000000		1.304e-18		0.000000		1.000821		1.304e-18		0.000000
6001113	14	0.2		5.196e-06		0.000003		0.606402		0.000006		0.000004		0.000005		0.000002		0.000006		0.00000410		1.507e-10		0.000000		1.000222		1.507e-10		0.000000
6001113	28	0.4		0.000151		0.000049		0.327752		0.000167		0.000132		0.000151		0.000035		0.000167		0.00013189		8.127e-07		0.000001		1.000069		8.127e-07		0.000001
6001113	42	0.6		0.0005716		0.000120		0.209237		0.000607		0.000530		0.000570		0.000085		0.000605		0.00052817		1.004e-05		0.000010		1.000030		1.004e-05		0.000007
6001113	56	0.8		0.001325		0.000213		0.160354		0.001382		0.001256		0.001306		0.000150		0.001364		0.00123599		2.975e-05		0.000030		1.000001		2.975e-05		0.000021
6001113	70	1		0.002385		0.000357		0.149853		0.002460		0.002287		0.002306		0.000249		0.002385		0.00220471		5.158e-05		0.000052		0.999977		5.16e-05		0.000036
6001113	140	2		0.008649		0.002311		0.267220		0.008608		0.008585		0.007342		0.001304		0.007374		0.00721633		9.389e-05		0.000094		1.000102		9.422e-05		0.000067
6001113	280	4		0.01396		0.006715		0.480902		0.013630		0.014128		0.009560		0.003232		0.009428		0.00956064		6.928e-05		0.000069		1.002808		6.508e-05		0.000046
6001113	420	6		0.01509		0.008538		0.565633		0.014674		0.015333		0.008523		0.003542		0.008367		0.00856065		5.357e-05		0.000054		1.005864		4.39e-05		0.000031
6001113	560	8		0.01541		0.009367		0.607696		0.014960		0.015681		0.007332		0.003352		0.007184		0.00737707		4.568e-05		0.000046		1.008019		3.242e-05		0.000023
6001113	700	10		0.01552		0.009816		0.632483		0.015053		0.015802		0.006351		0.003066		0.006217		0.00639634		4.113e-05		0.000042		1.009513		2.552e-05		0.000018
6001113	1.4e+03	20		0.01555		0.010583		0.680507		0.015065		0.015856		0.003701		0.001978		0.003617		0.00373379		3.268e-05		0.000033		1.012920		1.217e-05		0.000009
6001113	2.8e+03	40		0.01548		0.010893		0.703550		0.014990		0.015795		0.001993		0.001116		0.001946		0.00201141		2.887e-05		0.000029		1.014807		5.902e-06		0.000004
6001113	4.2e+03	60		0.01545		0.010985		0.711067		0.014954		0.015762		0.001361		0.000774		0.001329		0.00137415		2.766e-05		0.000028		1.015460		3.89e-06		0.000003
6001113	5.6e+03	80		0.01543		0.011028		0.714793		0.014934		0.015744		0.001033		0.000592		0.001009		0.00104323		2.707e-05		0.000027		1.015791		2.901e-06		0.000002
6001113	7e+03	1e+02		0.01542		0.011054		0.717019		0.014921		0.015732		0.000832		0.000479		0.000813		0.00084068		2.672e-05		0.000027		1.015990		2.312e-06		0.000002
6002113	7	0.01		1.648e-12		0.000000		1.076639		0.000000		0.000000		0.000000		0.000000		0.000000		0.00000000		7.355e-33		0.000000		1.083309		7.355e-33		0.000000
6002113	14	0.02		3.172e-07		0.000000		0.930560		0.000000		0.000000		0.000000		0.000000		0.000000		0.00000022		3.452e-17		0.000000		1.024423		3.452e-17		0.000000
6002113	28	0.04		9.075e-05		0.000057		0.625481		0.000106		0.000072		0.000091		0.000040		0.000106		0.00007244		1.047e-09		0.000000		0.998778		1.047e-09		0.000000
6002113	42	0.06		0.000585		0.000249		0.425076		0.000646		0.000511		0.000585		0.000176		0.000646		0.00051061		2.306e-07		0.000000		0.962420		2.306e-07		0.000000
6002113	56	0.08		0.001506		0.000477		0.316607		0.001607		0.001381		0.001506		0.000337		0.001607		0.00138094		3.012e-06		0.000003		0.901521		3.012e-06		0.000002
6002113	70	0.1		0.002685		0.000678		0.252392		0.002803		0.002537		0.002685		0.000479		0.002803		0.00253704		1.332e-05		0.000011		0.830197		1.332e-05		0.000008
6002113	140	0.2		0.009065		0.001165		0.128541		0.009115		0.008977		0.009065		0.000824		0.009115		0.00897697		0.0002182		0.000120		0.548810		0.0002182		0.000085
6002113	280	0.4		0.01583		0.001246		0.078738		0.015836		0.015758		0.015829		0.000881		0.015836		0.01575765		0.0006912		0.000246		0.355793		0.0006912		0.000174
6002113	420	0.6		0.01704		0.001133		0.066516		0.017046		0.016960		0.017036		0.000801		0.017045		0.01695921		0.0008339		0.000258		0.309792		0.0008339		0.000183
6002113	560	0.8		0.01649		0.001018		0.061764		0.016514		0.016406		0.016481		0.000720		0.016508		0.01639783		0.000805		0.000238		0.296241		0.0008049		0.000169
6002113	700	1		0.01549		0.000935		0.060363		0.015539		0.015402		0.015465		0.000661		0.015519		0.01537008		0.0007231		0.000211		0.292034		0.0007229		0.000149
6002113	1.4e+03	2		0.01102		0.000893		0.080969		0.011142		0.010991		0.010702		0.000601		0.010843		0.01059173		0.0003788		0.000111		0.293968		0.0003734		0.000078
6002113	2.8e+03	4		0.007263		0.001022		0.140672		0.007356		0.007364		0.006061		0.000568		0.006182		0.00601683		0.0001739		0.000053		0.303688		0.0001516		0.000032
6002113	4.2e+03	6		0.005938		0.001042		0.175485		0.006009		0.006090		0.004138		0.000481		0.004228		0.00412580		0.0001203		0.000037		0.310891		8.893e-05		0.000019
6002113	5.6e+03	8		0.005302		0.001039		0.195974		0.005360		0.005476		0.003127		0.000406		0.003197		0.00312753		9.782e-05		0.000031		0.315841		6.177e-05		0.000014
6002113	7e+03	10		0.004933		0.001032		0.209213		0.004984		0.005118		0.002510		0.000348		0.002566		0.00251529		8.579e-05		0.000027		0.319329		4.7e-05		0.000011
6002113	1.4e+04	20		0.004234		0.001006		0.237665		0.004271		0.004437		0.001259		0.000200		0.001287		0.00126793		6.493e-05		0.000021		0.327587		2.105e-05		0.000005
6002113	2.8e+04	40		0.003906		0.000987		0.252787		0.003937		0.004116		0.000629		0.000107		0.000643		0.00063582		5.605e-05		0.000019		0.332389		9.913e-06		0.000002
6002113	4.2e+04	60		0.0038		0.000980		0.257947		0.003829		0.004012		0.000420		0.000073		0.000429		0.00042422		5.331e-05		0.000018		0.334092		6.474e-06		0.000002
6002113	5.6e+04	80		0.003748		0.000976		0.260548		0.003776		0.003961		0.000315		0.000055		0.000322		0.00031829		5.198e-05		0.000017		0.334962		4.805e-06		0.000001
6002113	7e+04	1e+02		0.003717		0.000974		0.262116		0.003744		0.003930		0.000252		0.000044		0.000257		0.00025468		5.119e-05		0.000017		0.335491		3.82e-06		0.000001
6003113	70	0.01		0.01731		0.017608		1.017025		0.019236		0.015370		0.017313		0.012451		0.019236		0.01536988		2.443e-07		0.000000		1.053856		2.443e-07		0.000000
6003113	140	0.02		0.02922		0.024263		0.830400		0.029835		0.028105		0.029218		0.017156		0.029835		0.02810520		9.968e-05		0.000102		1.018783		9.968e-05		0.000072
6003113	280	0.04		0.02729		0.016362		0.599452		0.026755		0.027399		0.027294		0.011569		0.026755		0.02739872		0.001052		0.001056		1.004043		0.001052		0.000747
6003113	420	0.06		0.02272		0.010977		0.483148		0.022232		0.022832		0.022719		0.007762		0.022232		0.02283183		0.001617		0.001618		1.000626		0.001617		0.001144
6003113	560	0.08		0.0195		0.007932		0.406760		0.019103		0.019552		0.019500		0.005609		0.019103		0.01955184		0.001685		0.001685		0.999575		0.001685		0.001191
6003113	700	0.1		0.01724		0.006085		0.352972		0.016886		0.017277		0.017240		0.004303		0.016886		0.01727654		0.00156		0.001558		0.999254		0.00156		0.001102
6003113	1.4e+03	0.2		0.01141		0.002642		0.231528		0.011107		0.011525		0.011411		0.001868		0.011107		0.01152457		0.0008093		0.000809		0.999411		0.0008093		0.000572
6003113	2.8e+03	0.4		0.007108		0.001180		0.165959		0.006909		0.007245		0.007108		0.000834		0.006909		0.00724549		0.0002893		0.000289		0.999780		0.0002893		0.000205
6003113	4.2e+03	0.6		0.005235		0.000751		0.143463		0.005086		0.005367		0.005234		0.000531		0.005086		0.00536701		0.000145		0.000145		0.999895		0.000145		0.000103
6003113	5.6e+03	0.8		0.004138		0.000555		0.134207		0.004014		0.004263		0.004138		0.000393		0.004014		0.00426276		8.676e-05		0.000087		0.999944		8.676e-05		0.000061
6003113	7e+03	1		0.003394		0.000447		0.131673		0.003286		0.003508		0.003393		0.000316		0.003285		0.00350755		5.766e-05		0.000058		0.999971		5.765e-05		0.000041
6003113	1.4e+04	2		0.001621		0.000243		0.149629		0.001567		0.001673		0.001610		0.000170		0.001552		0.00166856		1.571e-05		0.000016		1.000199		1.56e-05		0.000011
6003113	2.8e+04	4		0.0006684		0.000144		0.215144		0.000665		0.000658		0.000626		0.000091		0.000613		0.00063007		4.45e-06		0.000004		1.006794		4.167e-06		0.000003
6003113	4.2e+04	6		0.000418		0.000113		0.270312		0.000426		0.000398		0.000348		0.000064		0.000346		0.00034105		2.415e-06		0.000002		1.016968		2.008e-06		0.000001
6003113	5.6e+04	8		0.0003178		0.000097		0.304533		0.000329		0.000297		0.000231		0.000049		0.000233		0.00022351		1.704e-06		0.000002		1.024754		1.241e-06		0.000001
6003113	7e+04	10		0.0002662		0.000087		0.326435		0.000278		0.000246		0.000171		0.000040		0.000174		0.00016321		1.364e-06		0.000001		1.030257		8.75e-07		0.000001
6003113	1.4e+05	20		0.0001821		0.000068		0.371651		0.000194		0.000164		0.000071		0.000019		0.000074		0.00006645		8.489e-07		0.000001		1.042771		3.316e-07		0.000000
6003113	2.8e+05	40		0.0001488		0.000059		0.394281		0.000160		0.000133		0.000032		0.000010		0.000034		0.00002966		6.609e-07		0.000001		1.049557		1.426e-07		0.000000
6003113	4.2e+05	60		0.0001389		0.000056		0.401753		0.000150		0.000124		0.000021		0.000006		0.000022		0.00001901		6.068e-07		0.000001		1.051867		9.029e-08		0.000000
6003113	5.6e+05	80		0.0001341		0.000054		0.405471		0.000145		0.000119		0.000015		0.000005		0.000016		0.00001397		5.813e-07		0.000001		1.053028		6.596e-08		0.000000
6003113	7e+05	1e+02		0.0001313		0.000054		0.407695		0.000142		0.000117		0.000012		0.000004		0.000013		0.00001105		5.665e-07		0.000001		1.053726		5.194e-08		0.000000
