0.212224 0.07792 0.212224 0.07792
value = 0.150065029531
0.152354 0.1496 0.152354 0.1496
value = 0.107730546541
0.12146 0.238 0.12146 0.238
value = 0.0858851896429
0.113 0.2892 0.113 0.2892
value = 0.0799030662741
0.109405 0.3213 0.109405 0.3213
value = 0.0773610173957
0.107472 0.3427 0.107472 0.3427
value = 0.0759941799877
0.104124 0.3866 0.104124 0.3866
value = 0.0736267864843
0.102804 0.3924 0.102804 0.3924
value = 0.0726934055331
0.102486 0.3783 0.102486 0.3783
value = 0.0724685455767
0.102405 0.3617 0.102405 0.3617
value = 0.0724112699274
0.102437 0.3456 0.102437 0.3456
value = 0.0724338973444
0.106827 0.271 0.106827 0.271
value = 0.0755380961138
0.106194 0.2069 0.106194 0.2069
value = 0.0750904975213
0.106279 0.1667 0.106279 0.1667
value = 0.0751506015977
0.106478 0.1392 0.106478 0.1392
value = 0.0752913158472
0.106696 0.1194 0.106696 0.1194
value = 0.0754454651255
0.13585 0.07221 0.13585 0.07221
value = 0.0960604562242
0.137211 0.03929 0.137211 0.03929
value = 0.0970228285534
0.13779 0.02706 0.13779 0.02706
value = 0.0974322433797
0.138088 0.02069 0.138088 0.02069
value = 0.0976429612005
0.138298 0.01677 0.138298 0.01677
value = 0.0977914536245
0.138986 0.008698 0.138986 0.008698
value = 0.09827794309
0.140335 0.004481 0.140335 0.004481
value = 0.0992318301378
0.141254 0.003027 0.141254 0.003027
value = 0.0998816612697
0.141808 0.002286 0.141808 0.002286
value = 0.100273398427
0.142133 0.001837 0.142133 0.001837
value = 0.10050320813
0.143033 0.000927 0.143033 0.000927
value = 0.101139604233
0.144188 0.000466 0.144188 0.000466
value = 0.101956312566
0.143409 0.000311 0.143409 0.000311
value = 0.101405476383
0.142524 0.000234 0.142524 0.000234
value = 0.100779686882
0.144723 0.000187 0.144723 0.000187
value = 0.102334614694
[0.07792, 0.1496, 0.238, 0.2892, 0.3213, 0.3427, 0.3866, 0.3924, 0.3783, 0.3617, 0.3456, 0.271, 0.2069, 0.1667, 0.1392, 0.1194, 0.07221, 0.03929, 0.02706, 0.02069, 0.01677, 0.008698, 0.004481, 0.003027, 0.002286, 0.001837, 0.000927, 0.000466, 0.000311, 0.000234, 0.000187]
[0.07792, 0.1496, 0.238, 0.2892, 0.3213, 0.3427, 0.3866, 0.3924, 0.3783, 0.3617, 0.3456, 0.271, 0.2069, 0.1667, 0.1392, 0.1194, 0.07221, 0.03929, 0.02706, 0.02069, 0.01677, 0.008698, 0.004481, 0.003027, 0.002286, 0.001837, 0.000927, 0.000466, 0.000311, 0.000234, 0.000187]
1.005189 0.0 0.188844 0.09036
value = 0.188844
1.005189 0.0 0.139932 0.1984
value = 0.139932
1.005189 0.0 0.117659 0.3158
value = 0.117659
1.005189 0.0 0.111447 0.372
value = 0.111447
1.005189 0.0 0.108677 0.404
value = 0.108677
1.005189 0.0 0.107134 0.4248
value = 0.107134
1.005189 0.0 0.104394 0.4706
value = 0.104394
0.992393 1.3e-05 0.103315 0.4884
value = 0.10331225346
0.929962 5.5e-05 0.103053 0.484
value = 0.103041344941
0.762445 0.000134 0.102987 0.4741
value = 0.102958125296
0.723149 0.000284 0.10302 0.4624
value = 0.102957722142
0.219027 0.001729 0.105297 0.4045
value = 0.104852977007
0.133713 0.01048 0.104773 0.325
value = 0.101585927472
0.123547 0.02133 0.104765 0.2676
value = 0.0974585425102
0.120333 0.03044 0.104869 0.2262
value = 0.0935259822418
0.119345 0.03718 0.105018 0.1954
value = 0.0902690687827
0.133243 0.04243 0.124536 0.1276
value = 0.0991972993112
0.129504 0.03826 0.126016 0.07054
value = 0.0935369147316
0.128989 0.03169 0.12663 0.04881
value = 0.0920524486115
0.129015 0.02663 0.127099 0.03737
value = 0.0915941926686
0.129173 0.02285 0.127533 0.03029
value = 0.0914854362761
0.130283 0.013249 0.129614 0.015718
value = 0.0921807641873
0.13236 0.007152 0.13274 0.008059
value = 0.0939095672811
0.133578 0.004893 0.134516 0.005425
value = 0.0949461789244
0.134308 0.003718 0.135512 0.00409
value = 0.0955454412197
0.134949 0.002998 0.136348 0.003282
value = 0.0960619620568
0.136178 0.001523 0.137953 0.001652
value = 0.0970528808876
0.136747 0.000767 0.138939 0.000829
value = 0.0976064676473
0.13749 0.000513 0.138978 0.000553
value = 0.0978558500495
0.136564 0.000385 0.138872 0.000415
value = 0.0975143358284
0.13838 0.000308 0.140006 0.000332
value = 0.098538249917
[0.0, 0.0, 0.0, 0.0, 0.0, 0.0, 0.0, 1.3e-05, 5.5e-05, 0.000134, 0.000284, 0.001729, 0.01048, 0.02133, 0.03044, 0.03718, 0.04243, 0.03826, 0.03169, 0.02663, 0.02285, 0.013249, 0.007152, 0.004893, 0.003718, 0.002998, 0.001523, 0.000767, 0.000513, 0.000385, 0.000308]
[0.09036, 0.1984, 0.3158, 0.372, 0.404, 0.4248, 0.4706, 0.4884, 0.484, 0.4741, 0.4624, 0.4045, 0.325, 0.2676, 0.2262, 0.1954, 0.1276, 0.07054, 0.04881, 0.03737, 0.03029, 0.015718, 0.008059, 0.005425, 0.00409, 0.003282, 0.001652, 0.000829, 0.000553, 0.000415, 0.000332]
0.295497 0.01048 0.295497 0.01048
value = 0.20894793252
0.18485 0.04605 0.18485 0.04605
value = 0.130708688502
0.134917 0.115 0.134917 0.115
value = 0.0954007255973
0.120703 0.1645 0.120703 0.1645
value = 0.0853499098096
0.114405 0.2003 0.114405 0.2003
value = 0.0808965513016
0.110987 0.2274 0.110987 0.2274
value = 0.0784796603236
0.10531 0.301 0.10531 0.301
value = 0.0744654151268
0.103193 0.3484 0.103193 0.3484
value = 0.072968470071
0.102626 0.3603 0.102626 0.3603
value = 0.0725675405261
0.10242 0.3611 0.10242 0.3611
value = 0.0724218765291
0.102373 0.3577 0.102373 0.3577
value = 0.0723886425104
0.105622 0.3321 0.105622 0.3321
value = 0.0746860324425
0.104615 0.2904 0.104615 0.2904
value = 0.0739739759138
0.104407 0.2588 0.104407 0.2588
value = 0.0738268977033
0.104399 0.2325 0.104399 0.2325
value = 0.0738212408491
0.104461 0.2105 0.104461 0.2105
value = 0.0738650814695
0.119831 0.1288 0.119831 0.1288
value = 0.0847333126964
0.120911 0.07439 0.120911 0.07439
value = 0.08549698802
0.121569 0.05245 0.121569 0.05245
value = 0.0859622642821
0.122033 0.04055 0.122033 0.04055
value = 0.0862903618285
0.122368 0.03306 0.122368 0.03306
value = 0.0865272426002
0.123765 0.017137 0.123765 0.017137
value = 0.0875150707736
0.126121 0.008662 0.126121 0.008662
value = 0.08918101435
0.127546 0.005783 0.127546 0.005783
value = 0.0901886415132
0.128393 0.004338 0.128393 0.004338
value = 0.0907875609569
0.129085 0.003471 0.129085 0.003471
value = 0.0912768788495
0.130349 0.001735 0.130349 0.001735
value = 0.0921706618209
0.13116 0.000867 0.13116 0.000867
value = 0.0927441254204
0.131609 0.000578 0.131609 0.000578
value = 0.0930616163652
0.131253 0.000433 0.131253 0.000433
value = 0.0928098863511
0.131128 0.000347 0.131128 0.000347
value = 0.0927214980034
[0.01048, 0.04605, 0.115, 0.1645, 0.2003, 0.2274, 0.301, 0.3484, 0.3603, 0.3611, 0.3577, 0.3321, 0.2904, 0.2588, 0.2325, 0.2105, 0.1288, 0.07439, 0.05245, 0.04055, 0.03306, 0.017137, 0.008662, 0.005783, 0.004338, 0.003471, 0.001735, 0.000867, 0.000578, 0.000433, 0.000347]
[0.01048, 0.04605, 0.115, 0.1645, 0.2003, 0.2274, 0.301, 0.3484, 0.3603, 0.3611, 0.3577, 0.3321, 0.2904, 0.2588, 0.2325, 0.2105, 0.1288, 0.07439, 0.05245, 0.04055, 0.03306, 0.017137, 0.008662, 0.005783, 0.004338, 0.003471, 0.001735, 0.000867, 0.000578, 0.000433, 0.000347]
9999.0 0.0 0.24503 0.01114
value = 0.24503
9999.0 0.0 0.162592 0.05754
value = 0.162592
9999.0 0.0 0.127315 0.1498
value = 0.127315
9999.0 0.0 0.116987 0.214
value = 0.116987
9999.0 0.0 0.11228 0.259
value = 0.11228
9999.0 0.0 0.109673 0.2919
value = 0.109673
9999.0 0.0 0.105184 0.3774
value = 0.105184
9999.0 0.0 0.103516 0.4347
value = 0.103516
9999.0 0.0 0.103122 0.4548
value = 0.103122
9999.0 0.0 0.103003 0.4617
value = 0.103003
9999.0 0.0 0.102998 0.4617
value = 0.102998
0.529771 0.000141 0.104592 0.4759
value = 0.104561138325
0.192767 0.001809 0.103957 0.4262
value = 0.103520827055
0.154084 0.005934 0.103886 0.3788
value = 0.102311304785
0.144562 0.01137 0.103935 0.3381
value = 0.100663413974
0.141735 0.01695 0.104044 0.304
value = 0.0988330961478
0.126022 0.04467 0.113713 0.1895
value = 0.0951095208268
0.118942 0.0575 0.114889 0.1117
value = 0.0859441842569
0.117782 0.05481 0.115506 0.07874
value = 0.0835130508155
0.117589 0.04974 0.115865 0.06085
value = 0.0828342365983
0.117678 0.04491 0.116116 0.04973
value = 0.0827114441279
0.118643 0.029387 0.117089 0.026414
value = 0.0835223081637
0.120454 0.01724 0.118726 0.013895
value = 0.0851821656445
0.121648 0.012177 0.119831 0.009457
value = 0.086210420779
0.122429 0.009408 0.120532 0.007171
value = 0.0868599227419
0.122974 0.007663 0.121061 0.005776
value = 0.0873163336574
0.124126 0.003974 0.122168 0.002928
value = 0.0882823718601
0.124793 0.002024 0.122849 0.001475
value = 0.0888413784051
0.125112 0.001358 0.122966 0.000985
value = 0.0890548695089
0.125266 0.001021 0.123487 0.00074
value = 0.0892603641581
0.12505 0.000819 0.123657 0.000592
value = 0.0892195624954
[0.0, 0.0, 0.0, 0.0, 0.0, 0.0, 0.0, 0.0, 0.0, 0.0, 0.0, 0.000141, 0.001809, 0.005934, 0.01137, 0.01695, 0.04467, 0.0575, 0.05481, 0.04974, 0.04491, 0.029387, 0.01724, 0.012177, 0.009408, 0.007663, 0.003974, 0.002024, 0.001358, 0.001021, 0.000819]
[0.01114, 0.05754, 0.1498, 0.214, 0.259, 0.2919, 0.3774, 0.4347, 0.4548, 0.4617, 0.4617, 0.4759, 0.4262, 0.3788, 0.3381, 0.304, 0.1895, 0.1117, 0.07874, 0.06085, 0.04973, 0.026414, 0.013895, 0.009457, 0.007171, 0.005776, 0.002928, 0.001475, 0.000985, 0.00074, 0.000592]
0.316018 0.000327 0.316018 0.000327
value = 0.223458470777
0.218097 0.006114 0.218097 0.006114
value = 0.154217867656
0.152303 0.03182 0.152303 0.03182
value = 0.107694484095
0.131476 0.05967 0.131476 0.05967
value = 0.0929675711633
0.122009 0.08426 0.122009 0.08426
value = 0.0862733912658
0.116766 0.1053 0.116766 0.1053
value = 0.082566030412
0.107615 0.1751 0.107615 0.1751
value = 0.0760952962574
0.104155 0.2372 0.104155 0.2372
value = 0.0736487067945
0.1033 0.263 0.1033 0.263
value = 0.0730441304966
0.102977 0.2747 0.102977 0.2747
value = 0.0728157350062
0.102862 0.2799 0.102862 0.2799
value = 0.0727344177264
0.106323 0.288 0.106323 0.288
value = 0.0751817142961
0.104623 0.2659 0.104623 0.2659
value = 0.0739796327681
0.104212 0.24 0.104212 0.24
value = 0.073689011881
0.104116 0.2165 0.104116 0.2165
value = 0.07362112963
0.104165 0.1961 0.104165 0.1961
value = 0.0736557778623
0.117409 0.1356 0.117409 0.1356
value = 0.0830207000723
0.117866 0.08018 0.117866 0.08018
value = 0.0833438478713
0.118289 0.0567 0.118289 0.0567
value = 0.0836429540398
0.118599 0.04385 0.118599 0.04385
value = 0.0838621571419
0.118827 0.03577 0.118827 0.03577
value = 0.0840233774881
0.119785 0.018716 0.119785 0.018716
value = 0.0847007857844
0.121437 0.00963 0.121437 0.00963
value = 0.085868926187
0.122502 0.006489 0.122502 0.006489
value = 0.0866219949089
0.123225 0.004894 0.123225 0.004894
value = 0.0871332331117
0.12365 0.003929 0.12365 0.003929
value = 0.0874337534937
0.124712 0.001978 0.124712 0.001978
value = 0.0881847008953
0.125177 0.000992 0.125177 0.000992
value = 0.0885135055486
0.125452 0.000662 0.125452 0.000662
value = 0.0887079599134
0.125709 0.000497 0.125709 0.000497
value = 0.0888896863562
0.126228 0.000398 0.126228 0.000398
value = 0.0892566747756
[0.000327, 0.006114, 0.03182, 0.05967, 0.08426, 0.1053, 0.1751, 0.2372, 0.263, 0.2747, 0.2799, 0.288, 0.2659, 0.24, 0.2165, 0.1961, 0.1356, 0.08018, 0.0567, 0.04385, 0.03577, 0.018716, 0.00963, 0.006489, 0.004894, 0.003929, 0.001978, 0.000992, 0.000662, 0.000497, 0.000398]
[0.000327, 0.006114, 0.03182, 0.05967, 0.08426, 0.1053, 0.1751, 0.2372, 0.263, 0.2747, 0.2799, 0.288, 0.2659, 0.24, 0.2165, 0.1961, 0.1356, 0.08018, 0.0567, 0.04385, 0.03577, 0.018716, 0.00963, 0.006489, 0.004894, 0.003929, 0.001978, 0.000992, 0.000662, 0.000497, 0.000398]
9999.0 0.0 0.374955 0.000184
value = 0.374955
9999.0 0.0 0.219818 0.00481
value = 0.219818
9999.0 0.0 0.148936 0.03048
value = 0.148936
9999.0 0.0 0.129348 0.06104
value = 0.129348
9999.0 0.0 0.120768 0.08907
value = 0.120768
9999.0 0.0 0.11613 0.1134
value = 0.11613
9999.0 0.0 0.108237 0.1936
value = 0.108237
9999.0 0.0 0.105234 0.2641
value = 0.105234
9999.0 0.0 0.104551 0.2944
value = 0.104551
9999.0 0.0 0.104319 0.3097
value = 0.104319
9999.0 0.0 0.104243 0.3183
value = 0.104243
0.524063 6e-06 0.106343 0.3181
value = 0.106340994656
0.266363 0.000325 0.105032 0.2967
value = 0.104917480477
0.218797 0.001426 0.104781 0.2694
value = 0.104235655523
0.20427 0.00306 0.104768 0.244
value = 0.103501306553
0.20058 0.004861 0.104846 0.2218
value = 0.102687599227
0.153646 0.01115 0.116247 0.1595
value = 0.109114401606
0.138995 0.01849 0.11709 0.09496
value = 0.100590737
0.136202 0.01959 0.117669 0.06747
value = 0.0962037814305
0.135564 0.01881 0.118115 0.05232
value = 0.0939856940677
0.135522 0.01756 0.118479 0.04275
value = 0.0927903269472
0.136754 0.012229 0.119968 0.022517
value = 0.0914377092153
0.138883 0.007345 0.121922 0.011685
value = 0.0920763043669
0.140116 0.005224 0.123001 0.007907
value = 0.0926994449118
0.140939 0.004049 0.123703 0.005977
value = 0.0931562580643
0.141474 0.003305 0.124189 0.004805
value = 0.0934765414802
0.142537 0.00172 0.125267 0.002427
value = 0.094178333895
0.143124 0.000878 0.126034 0.00122
value = 0.0946517300126
0.143907 0.000589 0.125969 0.000815
value = 0.0948243871724
0.143141 0.000444 0.125907 0.000611
value = 0.0945840770313
0.142586 0.000356 0.126397 0.000489
value = 0.0946515167354
[0.0, 0.0, 0.0, 0.0, 0.0, 0.0, 0.0, 0.0, 0.0, 0.0, 0.0, 6e-06, 0.000325, 0.001426, 0.00306, 0.004861, 0.01115, 0.01849, 0.01959, 0.01881, 0.01756, 0.012229, 0.007345, 0.005224, 0.004049, 0.003305, 0.00172, 0.000878, 0.000589, 0.000444, 0.000356]
[0.000184, 0.00481, 0.03048, 0.06104, 0.08907, 0.1134, 0.1936, 0.2641, 0.2944, 0.3097, 0.3183, 0.3181, 0.2967, 0.2694, 0.244, 0.2218, 0.1595, 0.09496, 0.06747, 0.05232, 0.04275, 0.022517, 0.011685, 0.007907, 0.005977, 0.004805, 0.002427, 0.00122, 0.000815, 0.000611, 0.000489]
1.012034 5.9e-05 1.012034 5.9e-05
value = 0.715616104191
0.896106 0.000537 0.896106 0.000537
value = 0.633642629262
0.459283 0.002278 0.459283 0.002278
value = 0.324762123784
0.25163 0.005636 0.25163 0.005636
value = 0.17792927935
0.183935 0.01033 0.183935 0.01033
value = 0.130061685798
0.156342 0.01578 0.156342 0.01578
value = 0.110550488384
0.12046 0.04418 0.12046 0.04418
value = 0.0851780828617
0.109318 0.08455 0.109318 0.08455
value = 0.0772994991058
0.106761 0.1078 0.106761 0.1078
value = 0.0754914270663
0.105862 0.1219 0.105862 0.1219
value = 0.07485573807
0.105588 0.1306 0.105588 0.1306
value = 0.0746619908119
0.111052 0.1533 0.111052 0.1533
value = 0.0785256222643
0.108114 0.1436 0.108114 0.1436
value = 0.0764481425412
0.107521 0.1278 0.107521 0.1278
value = 0.07602882822
0.107458 0.1136 0.107458 0.1136
value = 0.0759842804927
0.107602 0.1018 0.107602 0.1018
value = 0.0760861038692
0.137087 0.05914 0.137087 0.05914
value = 0.0969351473125
0.136923 0.03469 0.136923 0.03469
value = 0.0968191818004
0.137133 0.02452 0.137133 0.02452
value = 0.0969676742245
0.137334 0.01898 0.137334 0.01898
value = 0.0971098026875
0.13751 0.01551 0.13751 0.01551
value = 0.097234253481
0.138306 0.008143 0.138306 0.008143
value = 0.0977971104788
0.139689 0.004189 0.139689 0.004189
value = 0.0987750391572
0.140681 0.00282 0.140681 0.00282
value = 0.0994764890841
0.14134 0.002125 0.14134 0.002125
value = 0.0999424724529
0.141547 0.001705 0.141547 0.001705
value = 0.100088843557
0.142336 0.000858 0.142336 0.000858
value = 0.100646750807
0.143809 0.00043 0.143809 0.00043
value = 0.101688319096
0.142915 0.000287 0.142915 0.000287
value = 0.101056165633
0.143822 0.000215 0.143822 0.000215
value = 0.101697511484
0.145505 0.000172 0.145505 0.000172
value = 0.102887572197
[5.9e-05, 0.000537, 0.002278, 0.005636, 0.01033, 0.01578, 0.04418, 0.08455, 0.1078, 0.1219, 0.1306, 0.1533, 0.1436, 0.1278, 0.1136, 0.1018, 0.05914, 0.03469, 0.02452, 0.01898, 0.01551, 0.008143, 0.004189, 0.00282, 0.002125, 0.001705, 0.000858, 0.00043, 0.000287, 0.000215, 0.000172]
[5.9e-05, 0.000537, 0.002278, 0.005636, 0.01033, 0.01578, 0.04418, 0.08455, 0.1078, 0.1219, 0.1306, 0.1533, 0.1436, 0.1278, 0.1136, 0.1018, 0.05914, 0.03469, 0.02452, 0.01898, 0.01551, 0.008143, 0.004189, 0.00282, 0.002125, 0.001705, 0.000858, 0.00043, 0.000287, 0.000215, 0.000172]
9999.0 0.0 0.791473 2.2e-05
value = 0.791473
9999.0 0.0 0.590146 0.000376
value = 0.590146
9999.0 0.0 0.452845 0.001045
value = 0.452845
9999.0 0.0 0.371934 0.001825
value = 0.371934
9999.0 0.0 0.324236 0.002594
value = 0.324236
9999.0 0.0 0.23122 0.005454
value = 0.23122
9999.0 0.0 0.173902 0.008608
value = 0.173902
9999.0 0.0 0.155925 0.01046
value = 0.155925
9999.0 0.0 0.150092 0.01156
value = 0.150092
9999.0 0.0 0.149034 0.01219
value = 0.149034
9999.0 0.0 0.175592 0.01572
value = 0.175592
9999.0 0.0 0.152626 0.01656
value = 0.152626
9999.0 0.0 0.145073 0.01619
value = 0.145073
9999.0 0.0 0.142644 0.0155
value = 0.142644
9999.0 0.0 0.142275 0.01475
value = 0.142275
0.517469 0.000291 0.236922 0.01077
value = 0.23109025919
0.389617 0.000896 0.224972 0.007137
value = 0.204548422271
0.356755 0.001254 0.222937 0.005312
value = 0.19280015444
0.348272 0.001411 0.222612 0.004215
value = 0.188269236965
0.346739 0.001455 0.222727 0.003485
value = 0.187399277489
0.352811 0.001224 0.223833 0.001837
value = 0.19480087058
0.360689 0.000794 0.22511 0.000932
value = 0.205685741506
0.363088 0.000577 0.226573 0.000623
value = 0.210514782807
0.365311 0.000452 0.227628 0.000467
value = 0.213688439704
0.36692 0.000371 0.227463 0.000374
value = 0.215467600446
0.367801 0.000195 0.227472 0.000187
value = 0.218289898945
0.374133 0.0001 0.226607 9.4e-05
value = 0.221918446787
0.367751 6.7e-05 0.233459 6.2e-05
value = 0.221521834949
0.37587 5.1e-05 0.236154 4.7e-05
value = 0.226028546032
0.364287 4.1e-05 0.239834 3.7e-05
value = 0.22273127203
[0.0, 0.0, 0.0, 0.0, 0.0, 0.0, 0.0, 0.0, 0.0, 0.0, 0.0, 0.0, 0.0, 0.0, 0.0, 0.0, 0.000291, 0.000896, 0.001254, 0.001411, 0.001455, 0.001224, 0.000794, 0.000577, 0.000452, 0.000371, 0.000195, 0.0001, 6.7e-05, 5.1e-05, 4.1e-05]
[0.0, 2.2e-05, 0.000376, 0.001045, 0.001825, 0.002594, 0.005454, 0.008608, 0.01046, 0.01156, 0.01219, 0.01572, 0.01656, 0.01619, 0.0155, 0.01475, 0.01077, 0.007137, 0.005312, 0.004215, 0.003485, 0.001837, 0.000932, 0.000623, 0.000467, 0.000374, 0.000187, 9.4e-05, 6.2e-05, 4.7e-05, 3.7e-05]
0.219638 0.07031 0.219638 0.07031
value = 0.155307519206
0.160392 0.1328 0.160392 0.1328
value = 0.113414270848
0.130894 0.1831 0.130894 0.1831
value = 0.0925560350166
0.120836 0.2046 0.120836 0.2046
value = 0.0854439550115
0.115882 0.2169 0.115882 0.2169
value = 0.0819409480175
0.113002 0.2248 0.113002 0.2248
value = 0.0799044804876
0.107599 0.2398 0.107599 0.2398
value = 0.0760839825489
0.105192 0.2365 0.105192 0.2365
value = 0.0743819765266
0.104509 0.2248 0.104509 0.2248
value = 0.073899022595
0.104265 0.2128 0.104265 0.2128
value = 0.0737264885404
0.104239 0.2017 0.104239 0.2017
value = 0.0737081037641
0.113536 0.1534 0.113536 0.1534
value = 0.0802820755088
0.111466 0.113 0.111466 0.113
value = 0.0788183644717
0.111114 0.09 0.111114 0.09
value = 0.0785694628848
0.111171 0.07472 0.111171 0.07472
value = 0.0786097679713
0.111352 0.06381 0.111352 0.06381
value = 0.0787377542987
0.164278 0.03663 0.164278 0.03663
value = 0.1161620878
0.164437 0.01993 0.164437 0.01993
value = 0.116274517778
0.164688 0.01366 0.164688 0.01366
value = 0.11645200158
0.164937 0.01038 0.164937 0.01038
value = 0.116628071169
0.165068 0.008374 0.165068 0.008374
value = 0.116720702157
0.165698 0.004287 0.165698 0.004287
value = 0.117166179429
0.166469 0.002192 0.166469 0.002192
value = 0.117711358757
0.167325 0.001477 0.167325 0.001477
value = 0.118316642162
0.167625 0.001114 0.167625 0.001114
value = 0.118528774196
0.167887 0.000895 0.167887 0.000895
value = 0.118714036173
0.16882 0.000451 0.16882 0.000451
value = 0.1193737668
0.170369 0.000226 0.170369 0.000226
value = 0.120469075204
0.166585 0.000151 0.166585 0.000151
value = 0.117793383144
0.166863 0.000113 0.166863 0.000113
value = 0.117989958829
0.166103 9.1e-05 0.166103 9.1e-05
value = 0.117452557675
[0.07031, 0.1328, 0.1831, 0.2046, 0.2169, 0.2248, 0.2398, 0.2365, 0.2248, 0.2128, 0.2017, 0.1534, 0.113, 0.09, 0.07472, 0.06381, 0.03663, 0.01993, 0.01366, 0.01038, 0.008374, 0.004287, 0.002192, 0.001477, 0.001114, 0.000895, 0.000451, 0.000226, 0.000151, 0.000113, 9.1e-05]
[0.07031, 0.1328, 0.1831, 0.2046, 0.2169, 0.2248, 0.2398, 0.2365, 0.2248, 0.2128, 0.2017, 0.1534, 0.113, 0.09, 0.07472, 0.06381, 0.03663, 0.01993, 0.01366, 0.01038, 0.008374, 0.004287, 0.002192, 0.001477, 0.001114, 0.000895, 0.000451, 0.000226, 0.000151, 0.000113, 9.1e-05]
9999.0 0.0 0.204883 0.08485
value = 0.204883
9999.0 0.0 0.146829 0.1805
value = 0.146829
9999.0 0.0 0.12045 0.285
value = 0.12045
9999.0 0.0 0.11314 0.3348
value = 0.11314
9999.0 0.0 0.109937 0.3624
value = 0.109937
9999.0 0.0 0.108184 0.3796
value = 0.108184
9999.0 0.0 0.105091 0.4106
value = 0.105091
9999.0 0.0 0.103803 0.4126
value = 0.103803
9999.0 0.0 0.103489 0.4032
value = 0.103489
9999.0 0.0 0.103416 0.3925
value = 0.103416
9999.0 0.0 0.103457 0.382
value = 0.103457
0.233143 0.001204 0.106527 0.3188
value = 0.10612982233
0.146077 0.00686 0.105877 0.2518
value = 0.103141789113
0.132952 0.01398 0.105895 0.2056
value = 0.0995136393505
0.129586 0.02003 0.106027 0.1729
value = 0.0959669848811
0.128748 0.02451 0.106186 0.1488
value = 0.0929693008819
0.146286 0.02927 0.133151 0.07675
value = 0.104509532782
0.14113 0.02558 0.134291 0.0422
value = 0.0991335966886
0.140287 0.02087 0.134807 0.02907
value = 0.0979526195061
0.140126 0.01737 0.135083 0.02216
value = 0.097599434996
0.140232 0.0148 0.135244 0.01791
value = 0.0975163831343
0.14109 0.008409 0.135837 0.009118
value = 0.097855959944
0.143113 0.00447 0.137277 0.004583
value = 0.0991105221988
0.144312 0.003039 0.138234 0.003058
value = 0.0999053009421
0.145079 0.002302 0.138936 0.002294
value = 0.10044566244
0.145815 0.001852 0.139435 0.001835
value = 0.100898192651
0.147109 0.000937 0.140317 0.000917
value = 0.101706497498
0.147695 0.000471 0.141819 0.000459
value = 0.102441841774
0.148128 0.000315 0.141869 0.000306
value = 0.102628169859
0.149224 0.000236 0.140579 0.000229
value = 0.102609955581
0.148884 0.000189 0.142032 0.000183
value = 0.102974330233
[0.0, 0.0, 0.0, 0.0, 0.0, 0.0, 0.0, 0.0, 0.0, 0.0, 0.0, 0.001204, 0.00686, 0.01398, 0.02003, 0.02451, 0.02927, 0.02558, 0.02087, 0.01737, 0.0148, 0.008409, 0.00447, 0.003039, 0.002302, 0.001852, 0.000937, 0.000471, 0.000315, 0.000236, 0.000189]
[0.08485, 0.1805, 0.285, 0.3348, 0.3624, 0.3796, 0.4106, 0.4126, 0.4032, 0.3925, 0.382, 0.3188, 0.2518, 0.2056, 0.1729, 0.1488, 0.07675, 0.0422, 0.02907, 0.02216, 0.01791, 0.009118, 0.004583, 0.003058, 0.002294, 0.001835, 0.000917, 0.000459, 0.000306, 0.000229, 0.000183]
0.287104 0.00415 0.287104 0.00415
value = 0.203013185306
0.190796 0.02478 0.190796 0.02478
value = 0.134913145423
0.145426 0.06605 0.145426 0.06605
value = 0.102831710761
0.130299 0.09359 0.130299 0.09359
value = 0.0921353064818
0.122535 0.1127 0.122535 0.1127
value = 0.0866453294327
0.117883 0.1269 0.117883 0.1269
value = 0.0833558686866
0.109116 0.1653 0.109116 0.1653
value = 0.077156663536
0.105432 0.1915 0.105432 0.1915
value = 0.0745516821541
0.104477 0.1998 0.104477 0.1998
value = 0.073876395178
0.104166 0.2021 0.104166 0.2021
value = 0.0736564849691
0.10415 0.2015 0.10415 0.2015
value = 0.0736451712606
0.109601 0.2036 0.109601 0.2036
value = 0.0774996103248
0.107337 0.1809 0.107337 0.1809
value = 0.0758987205722
0.10662 0.1621 0.10662 0.1621
value = 0.0753917250101
0.10635 0.1459 0.10635 0.1459
value = 0.0752008061792
0.106277 0.1321 0.106277 0.1321
value = 0.0751491873842
0.130816 0.08414 0.130816 0.08414
value = 0.0925008806877
0.130478 0.04935 0.130478 0.04935
value = 0.0922618785957
0.130673 0.03474 0.130673 0.03474
value = 0.092399764418
0.13086 0.02675 0.13086 0.02675
value = 0.0925319933861
0.131038 0.02172 0.131038 0.02172
value = 0.0926578583931
0.131932 0.011112 0.131932 0.011112
value = 0.0932900118555
0.133641 0.005564 0.133641 0.005564
value = 0.0944984573446
0.134825 0.0037 0.134825 0.0037
value = 0.0953356717735
0.135509 0.00277 0.135509 0.00277
value = 0.0958193328118
0.135825 0.002213 0.135825 0.002213
value = 0.0960427785547
0.137205 0.001103 0.137205 0.001103
value = 0.0970185859127
0.1372 0.000551 0.1372 0.000551
value = 0.0970150503788
0.138481 0.000367 0.138481 0.000367
value = 0.0979208541655
0.137368 0.000275 0.137368 0.000275
value = 0.097133844318
0.137427 0.00022 0.137427 0.00022
value = 0.0971755636181
[0.00415, 0.02478, 0.06605, 0.09359, 0.1127, 0.1269, 0.1653, 0.1915, 0.1998, 0.2021, 0.2015, 0.2036, 0.1809, 0.1621, 0.1459, 0.1321, 0.08414, 0.04935, 0.03474, 0.02675, 0.02172, 0.011112, 0.005564, 0.0037, 0.00277, 0.002213, 0.001103, 0.000551, 0.000367, 0.000275, 0.00022]
[0.00415, 0.02478, 0.06605, 0.09359, 0.1127, 0.1269, 0.1653, 0.1915, 0.1998, 0.2021, 0.2015, 0.2036, 0.1809, 0.1621, 0.1459, 0.1321, 0.08414, 0.04935, 0.03474, 0.02675, 0.02172, 0.011112, 0.005564, 0.0037, 0.00277, 0.002213, 0.001103, 0.000551, 0.000367, 0.000275, 0.00022]
9999.0 0.0 0.26784 0.004709
value = 0.26784
9999.0 0.0 0.179326 0.03104
value = 0.179326
9999.0 0.0 0.134013 0.09339
value = 0.134013
9999.0 0.0 0.121008 0.141
value = 0.121008
9999.0 0.0 0.115298 0.1754
value = 0.115298
9999.0 0.0 0.112184 0.201
value = 0.112184
9999.0 0.0 0.106866 0.2687
value = 0.106866
9999.0 0.0 0.104887 0.3135
value = 0.104887
9999.0 0.0 0.104355 0.3284
value = 0.104355
9999.0 0.0 0.104108 0.3342
value = 0.104108
9999.0 0.0 0.103989 0.3363
value = 0.103989
0.422776 1e-05 0.105977 0.3239
value = 0.105973729
0.223673 0.000486 0.104679 0.2982
value = 0.104509307696
0.181496 0.002213 0.104434 0.2708
value = 0.103597921097
0.167332 0.005125 0.104433 0.2452
value = 0.102352252783
0.163045 0.00897 0.104529 0.2226
value = 0.100678296169
0.134302 0.0227 0.117341 0.1418
value = 0.102832472288
0.12495 0.03411 0.118185 0.08209
value = 0.0911936417009
0.123224 0.03443 0.118728 0.05749
value = 0.0874320954092
0.122826 0.0322 0.119072 0.04426
value = 0.0861770857473
0.122811 0.02958 0.119346 0.03603
value = 0.0857969331426
0.123711 0.019835 0.120383 0.018783
value = 0.086404351901
0.125531 0.011658 0.121964 0.009679
value = 0.0881199941308
0.126595 0.008226 0.122951 0.006531
value = 0.0891109016313
0.127304 0.00635 0.123496 0.00493
value = 0.0897169808582
0.127744 0.00517 0.123891 0.00396
value = 0.0901120330351
0.128713 0.002679 0.124854 0.001997
value = 0.0910014063021
0.129197 0.001364 0.12526 0.001003
value = 0.0914340281275
0.129563 0.000915 0.12527 0.000669
value = 0.0916546667995
0.129676 0.000688 0.125242 0.000502
value = 0.0917180303138
0.129645 0.000551 0.125459 0.000402
value = 0.0917569197864
[0.0, 0.0, 0.0, 0.0, 0.0, 0.0, 0.0, 0.0, 0.0, 0.0, 0.0, 1e-05, 0.000486, 0.002213, 0.005125, 0.00897, 0.0227, 0.03411, 0.03443, 0.0322, 0.02958, 0.019835, 0.011658, 0.008226, 0.00635, 0.00517, 0.002679, 0.001364, 0.000915, 0.000688, 0.000551]
[0.004709, 0.03104, 0.09339, 0.141, 0.1754, 0.201, 0.2687, 0.3135, 0.3284, 0.3342, 0.3363, 0.3239, 0.2982, 0.2708, 0.2452, 0.2226, 0.1418, 0.08209, 0.05749, 0.04426, 0.03603, 0.018783, 0.009679, 0.006531, 0.00493, 0.00396, 0.001997, 0.001003, 0.000669, 0.000502, 0.000402]
0.383578 4.6e-05 0.383578 4.6e-05
value = 0.271230604914
0.243734 0.001916 0.243734 0.001916
value = 0.172345964206
0.170663 0.01443 0.170663 0.01443
value = 0.120676964598
0.147361 0.02939 0.147361 0.02939
value = 0.104199962382
0.135583 0.04259 0.135583 0.04259
value = 0.0958716587136
0.128494 0.05368 0.128494 0.05368
value = 0.0908589787418
0.114702 0.08838 0.114702 0.08838
value = 0.0811065620157
0.108574 0.1169 0.108574 0.1169
value = 0.0767734116605
0.106791 0.1292 0.106791 0.1292
value = 0.0755126402697
0.106013 0.1362 0.106013 0.1362
value = 0.0749625111939
0.105717 0.1408 0.105717 0.1408
value = 0.0747532075867
0.111177 0.1527 0.111177 0.1527
value = 0.078614010612
0.108039 0.1449 0.108039 0.1449
value = 0.0763951095326
0.107381 0.1318 0.107381 0.1318
value = 0.0759298332706
0.107315 0.1191 0.107315 0.1191
value = 0.075883164223
0.10746 0.1078 0.10746 0.1078
value = 0.0759856947063
0.1357 0.06439 0.1357 0.06439
value = 0.095954390207
0.135708 0.03861 0.135708 0.03861
value = 0.0959600470613
0.13609 0.02738 0.13609 0.02738
value = 0.0962301618517
0.136356 0.02116 0.136356 0.02116
value = 0.0964182522555
0.136607 0.01722 0.136607 0.01722
value = 0.0965957360576
0.137419 0.008845 0.137419 0.008845
value = 0.0971699067639
0.138893 0.00448 0.138893 0.00448
value = 0.0982121821593
0.139721 0.003002 0.139721 0.003002
value = 0.0987976665742
0.140243 0.002257 0.140243 0.002257
value = 0.0991667763139
0.140434 0.001809 0.140434 0.001809
value = 0.0993018337092
0.141726 0.000908 0.141726 0.000908
value = 0.10021541567
0.141572 0.000455 0.141572 0.000455
value = 0.100106521226
0.141616 0.000303 0.141616 0.000303
value = 0.100137633925
0.143052 0.000228 0.143052 0.000228
value = 0.101153039262
0.141576 0.000182 0.141576 0.000182
value = 0.100109349653
[4.6e-05, 0.001916, 0.01443, 0.02939, 0.04259, 0.05368, 0.08838, 0.1169, 0.1292, 0.1362, 0.1408, 0.1527, 0.1449, 0.1318, 0.1191, 0.1078, 0.06439, 0.03861, 0.02738, 0.02116, 0.01722, 0.008845, 0.00448, 0.003002, 0.002257, 0.001809, 0.000908, 0.000455, 0.000303, 0.000228, 0.000182]
[4.6e-05, 0.001916, 0.01443, 0.02939, 0.04259, 0.05368, 0.08838, 0.1169, 0.1292, 0.1362, 0.1408, 0.1527, 0.1449, 0.1318, 0.1191, 0.1078, 0.06439, 0.03861, 0.02738, 0.02116, 0.01722, 0.008845, 0.00448, 0.003002, 0.002257, 0.001809, 0.000908, 0.000455, 0.000303, 0.000228, 0.000182]
9999.0 0.0 0.35981 0.000227
value = 0.35981
9999.0 0.0 0.234325 0.004604
value = 0.234325
9999.0 0.0 0.160506 0.02544
value = 0.160506
9999.0 0.0 0.136706 0.04919
value = 0.136706
9999.0 0.0 0.126265 0.07025
value = 0.126265
9999.0 0.0 0.120651 0.08782
value = 0.120651
9999.0 0.0 0.111127 0.1396
value = 0.111127
9999.0 0.0 0.107161 0.1779
value = 0.107161
9999.0 0.0 0.106089 0.1934
value = 0.106089
9999.0 0.0 0.105722 0.2008
value = 0.105722
9999.0 0.0 0.105636 0.2041
value = 0.105636
0.897542 1e-06 0.110022 0.1864
value = 0.110021409862
0.437828 7.8e-05 0.107168 0.1764
value = 0.107120808521
0.315003 0.000443 0.106511 0.1617
value = 0.106223481872
0.284068 0.001144 0.106379 0.1474
value = 0.105582398364
0.27889 0.002054 0.106446 0.1346
value = 0.104929811984
0.186073 0.006348 0.127697 0.0869
value = 0.119676104596
0.166377 0.01018 0.128168 0.0516
value = 0.110503501286
0.16189 0.01061 0.128674 0.03674
value = 0.106227103502
0.160518 0.01011 0.129038 0.02853
value = 0.104121903916
0.160228 0.009387 0.129333 0.02331
value = 0.103040458147
0.161517 0.006429 0.130322 0.012192
value = 0.101933784131
0.164015 0.003801 0.13191 0.006249
value = 0.102836360896
0.165317 0.002685 0.132855 0.004204
value = 0.103559829434
0.166492 0.002073 0.133539 0.003167
value = 0.104174672711
0.167108 0.001688 0.133997 0.002541
value = 0.104552577374
0.167964 0.000875 0.134678 0.001278
value = 0.105122307962
0.169752 0.000445 0.135497 0.000641
value = 0.105992351074
0.168978 0.000299 0.134867 0.000428
value = 0.105518029539
0.168665 0.000225 0.135492 0.000321
value = 0.105717629637
0.168465 0.00018 0.136925 0.000257
value = 0.10629884304
[0.0, 0.0, 0.0, 0.0, 0.0, 0.0, 0.0, 0.0, 0.0, 0.0, 0.0, 1e-06, 7.8e-05, 0.000443, 0.001144, 0.002054, 0.006348, 0.01018, 0.01061, 0.01011, 0.009387, 0.006429, 0.003801, 0.002685, 0.002073, 0.001688, 0.000875, 0.000445, 0.000299, 0.000225, 0.00018]
[0.000227, 0.004604, 0.02544, 0.04919, 0.07025, 0.08782, 0.1396, 0.1779, 0.1934, 0.2008, 0.2041, 0.1864, 0.1764, 0.1617, 0.1474, 0.1346, 0.0869, 0.0516, 0.03674, 0.02853, 0.02331, 0.012192, 0.006249, 0.004204, 0.003167, 0.002541, 0.001278, 0.000641, 0.000428, 0.000321, 0.000257]
0.37948 0.00998 0.37948 0.00998
value = 0.268332881325
0.251078 0.02543 0.251078 0.02543
value = 0.177538956407
0.182252 0.04405 0.182252 0.04405
value = 0.128871625085
0.158796 0.05463 0.158796 0.05463
value = 0.112285728425
0.14725 0.06138 0.14725 0.06138
value = 0.10412147353
0.140242 0.06597 0.140242 0.06597
value = 0.0991660692072
0.125306 0.07537 0.125306 0.07537
value = 0.0886047223234
0.116926 0.0762 0.116926 0.0762
value = 0.082679167497
0.114416 0.07288 0.114416 0.07288
value = 0.0809043294762
0.113576 0.06913 0.113576 0.06913
value = 0.08031035978
0.113437 0.06565 0.113437 0.06565
value = 0.0802120719375
0.133939 0.05933 0.133939 0.05933
value = 0.0947091751653
0.127879 0.04494 0.127879 0.04494
value = 0.0904241080714
0.126453 0.03627 0.126453 0.03627
value = 0.0894157738014
0.126086 0.03038 0.126086 0.03038
value = 0.0891562656127
0.126084 0.02609 0.126084 0.02609
value = 0.0891548513991
0.207503 0.01859 0.207503 0.01859
value = 0.146726778417
0.208112 0.01038 0.208112 0.01038
value = 0.147157406446
0.208547 0.00721 0.208547 0.00721
value = 0.147464997896
0.208835 0.005527 0.208835 0.005527
value = 0.147668644649
0.209068 0.00448 0.209068 0.00448
value = 0.147833400529
0.209823 0.002281 0.209823 0.002281
value = 0.148367266149
0.210957 0.001135 0.210957 0.001135
value = 0.149169125239
0.211929 0.000752 0.211929 0.000752
value = 0.14985643303
0.212513 0.000562 0.212513 0.000562
value = 0.15026938339
0.212705 0.000449 0.212705 0.000449
value = 0.150405147892
0.213799 0.000223 0.213799 0.000223
value = 0.151178722711
0.214548 0.000111 0.214548 0.000111
value = 0.15170834569
0.214528 7.4e-05 0.214528 7.4e-05
value = 0.151694203554
0.205548 5.6e-05 0.205548 5.6e-05
value = 0.145344384659
0.208283 4.4e-05 0.208283 4.4e-05
value = 0.147278321706
[0.00998, 0.02543, 0.04405, 0.05463, 0.06138, 0.06597, 0.07537, 0.0762, 0.07288, 0.06913, 0.06565, 0.05933, 0.04494, 0.03627, 0.03038, 0.02609, 0.01859, 0.01038, 0.00721, 0.005527, 0.00448, 0.002281, 0.001135, 0.000752, 0.000562, 0.000449, 0.000223, 0.000111, 7.4e-05, 5.6e-05, 4.4e-05]
[0.00998, 0.02543, 0.04405, 0.05463, 0.06138, 0.06597, 0.07537, 0.0762, 0.07288, 0.06913, 0.06565, 0.05933, 0.04494, 0.03627, 0.03038, 0.02609, 0.01859, 0.01038, 0.00721, 0.005527, 0.00448, 0.002281, 0.001135, 0.000752, 0.000562, 0.000449, 0.000223, 0.000111, 7.4e-05, 5.6e-05, 4.4e-05]
9999.0 0.0 0.230852 0.04309
value = 0.230852
9999.0 0.0 0.179711 0.07919
value = 0.179711
9999.0 0.0 0.145339 0.109
value = 0.145339
9999.0 0.0 0.132144 0.1223
value = 0.132144
9999.0 0.0 0.125078 0.13
value = 0.125078
9999.0 0.0 0.120653 0.1353
value = 0.120653
9999.0 0.0 0.111853 0.1479
value = 0.111853
9999.0 0.0 0.108205 0.1538
value = 0.108205
9999.0 0.0 0.107325 0.1535
value = 0.107325
9999.0 0.0 0.107115 0.1513
value = 0.107115
9999.0 0.0 0.107229 0.148
value = 0.107229
0.289965 4.1e-05 0.115238 0.1414
value = 0.115204626218
0.195019 0.001062 0.112758 0.1146
value = 0.111737013338
0.173053 0.003336 0.112428 0.09549
value = 0.10878979748
0.166459 0.005913 0.112465 0.0815
value = 0.105460213335
0.165184 0.008261 0.112602 0.07088
value = 0.102311620431
0.173709 0.01311 0.157793 0.04046
value = 0.126531924149
0.165879 0.01313 0.158807 0.02214
value = 0.11726444908
0.164664 0.01129 0.159365 0.01527
value = 0.11529958846
0.164405 0.009666 0.159726 0.01165
value = 0.114797920674
0.164468 0.008373 0.159997 0.009403
value = 0.114736015073
0.165448 0.004876 0.160843 0.004736
value = 0.115432422692
0.167216 0.002606 0.162064 0.00235
value = 0.11677529153
0.168298 0.001773 0.16263 0.001559
value = 0.1175155353
0.16862 0.001343 0.163036 0.001166
value = 0.117843675397
0.169448 0.001081 0.163705 0.000931
value = 0.118433289039
0.169686 0.000547 0.164823 0.000464
value = 0.118958208863
0.172015 0.000275 0.165199 0.000231
value = 0.120114210132
0.170215 0.000184 0.165223 0.000154
value = 0.119386282449
0.171775 0.000138 0.164811 0.000116
value = 0.119896304193
0.170811 0.00011 0.165666 9.2e-05
value = 0.119770348557
[0.0, 0.0, 0.0, 0.0, 0.0, 0.0, 0.0, 0.0, 0.0, 0.0, 0.0, 4.1e-05, 0.001062, 0.003336, 0.005913, 0.008261, 0.01311, 0.01313, 0.01129, 0.009666, 0.008373, 0.004876, 0.002606, 0.001773, 0.001343, 0.001081, 0.000547, 0.000275, 0.000184, 0.000138, 0.00011]
[0.04309, 0.07919, 0.109, 0.1223, 0.13, 0.1353, 0.1479, 0.1538, 0.1535, 0.1513, 0.148, 0.1414, 0.1146, 0.09549, 0.0815, 0.07088, 0.04046, 0.02214, 0.01527, 0.01165, 0.009403, 0.004736, 0.00235, 0.001559, 0.001166, 0.000931, 0.000464, 0.000231, 0.000154, 0.000116, 9.2e-05]
0.443655 0.001025 0.443655 0.001025
value = 0.313711459007
0.295549 0.007227 0.295549 0.007227
value = 0.208984702073
0.208465 0.021 0.208465 0.021
value = 0.14740701514
0.177869 0.03047 0.177869 0.03047
value = 0.125772376063
0.161617 0.03692 0.161617 0.03692
value = 0.114280476655
0.151237 0.04162 0.151237 0.04162
value = 0.106940708266
0.128202 0.05475 0.128202 0.05475
value = 0.0906525035617
0.11634 0.06624 0.11634 0.06624
value = 0.0822648029232
0.113248 0.07079 0.113248 0.07079
value = 0.0800784287558
0.112173 0.07258 0.112173 0.07258
value = 0.079318288966
0.111919 0.07323 0.111919 0.07323
value = 0.0791386838436
0.130586 0.06311 0.130586 0.06311
value = 0.092338246128
0.12125 0.0566 0.12125 0.0566
value = 0.0857366972189
0.118337 0.05035 0.118337 0.05035
value = 0.0836768951653
0.117386 0.04497 0.117386 0.04497
value = 0.0830044366164
0.117164 0.04047 0.117164 0.04047
value = 0.0828474589109
0.165029 0.03007 0.165029 0.03007
value = 0.116693124992
0.164111 0.0182 0.164111 0.0182
value = 0.116044000967
0.164231 0.01302 0.164231 0.01302
value = 0.116128853781
0.164306 0.01014 0.164306 0.01014
value = 0.11618188679
0.164537 0.008308 0.164537 0.008308
value = 0.116345228456
0.165101 0.004365 0.165101 0.004365
value = 0.116744036681
0.166393 0.002239 0.166393 0.002239
value = 0.117657618642
0.16694 0.001505 0.16694 0.001505
value = 0.118044406051
0.167956 0.001133 0.167956 0.001133
value = 0.118762826541
0.168002 0.000909 0.168002 0.000909
value = 0.118795353453
0.169438 0.000456 0.169438 0.000456
value = 0.119810758791
0.168936 0.000229 0.168936 0.000229
value = 0.119455791187
0.170437 0.000153 0.170437 0.000153
value = 0.120517158465
0.173036 0.000114 0.173036 0.000114
value = 0.122354928989
0.165018 9.2e-05 0.165018 9.2e-05
value = 0.116685346818
[0.001025, 0.007227, 0.021, 0.03047, 0.03692, 0.04162, 0.05475, 0.06624, 0.07079, 0.07258, 0.07323, 0.06311, 0.0566, 0.05035, 0.04497, 0.04047, 0.03007, 0.0182, 0.01302, 0.01014, 0.008308, 0.004365, 0.002239, 0.001505, 0.001133, 0.000909, 0.000456, 0.000229, 0.000153, 0.000114, 9.2e-05]
[0.001025, 0.007227, 0.021, 0.03047, 0.03692, 0.04162, 0.05475, 0.06624, 0.07079, 0.07258, 0.07323, 0.06311, 0.0566, 0.05035, 0.04497, 0.04047, 0.03007, 0.0182, 0.01302, 0.01014, 0.008308, 0.004365, 0.002239, 0.001505, 0.001133, 0.000909, 0.000456, 0.000229, 0.000153, 0.000114, 9.2e-05]
9999.0 0.0 0.354919 0.003669
value = 0.354919
9999.0 0.0 0.225005 0.01859
value = 0.225005
9999.0 0.0 0.160943 0.04742
value = 0.160943
9999.0 0.0 0.140393 0.06753
value = 0.140393
9999.0 0.0 0.130354 0.08172
value = 0.130354
9999.0 0.0 0.124481 0.09219
value = 0.124481
9999.0 0.0 0.113218 0.1199
value = 0.113218
9999.0 0.0 0.108146 0.139
value = 0.108146
9999.0 0.0 0.106846 0.1454
value = 0.106846
9999.0 0.0 0.106434 0.1481
value = 0.106434
9999.0 0.0 0.106415 0.1493
value = 0.106415
1.055635 7e-06 0.114431 0.1418
value = 0.114425363223
0.640393 9.6e-05 0.111099 0.1302
value = 0.111018146696
0.364503 0.000422 0.110395 0.1172
value = 0.110006702265
0.307663 0.001104 0.110313 0.1052
value = 0.109214114437
0.294288 0.002052 0.110437 0.09483
value = 0.108277458052
0.203744 0.003803 0.137617 0.05992
value = 0.129974021602
0.180006 0.007111 0.137913 0.03533
value = 0.118701155147
0.17682 0.007666 0.138379 0.02493
value = 0.113711447496
0.176333 0.007359 0.138688 0.01921
value = 0.111536373637
0.176465 0.00683 0.138909 0.01559
value = 0.110543806669
0.177876 0.004579 0.139881 0.00794
value = 0.110016784895
0.180022 0.002629 0.141417 0.003962
value = 0.111277694701
0.180911 0.001832 0.142238 0.002634
value = 0.112004342507
0.181918 0.001405 0.142813 0.001972
value = 0.112620394513
0.181895 0.001139 0.143518 0.001576
value = 0.112975438668
0.183808 0.000584 0.144169 0.000786
value = 0.113932725082
0.183489 0.000296 0.144374 0.000392
value = 0.114011537254
0.183004 0.000198 0.145411 0.000261
value = 0.114318586041
0.18559 0.000149 0.144396 0.000196
value = 0.114691257005
0.182899 0.000119 0.144302 0.000157
value = 0.113827074486
[0.0, 0.0, 0.0, 0.0, 0.0, 0.0, 0.0, 0.0, 0.0, 0.0, 0.0, 7e-06, 9.6e-05, 0.000422, 0.001104, 0.002052, 0.003803, 0.007111, 0.007666, 0.007359, 0.00683, 0.004579, 0.002629, 0.001832, 0.001405, 0.001139, 0.000584, 0.000296, 0.000198, 0.000149, 0.000119]
[0.003669, 0.01859, 0.04742, 0.06753, 0.08172, 0.09219, 0.1199, 0.139, 0.1454, 0.1481, 0.1493, 0.1418, 0.1302, 0.1172, 0.1052, 0.09483, 0.05992, 0.03533, 0.02493, 0.01921, 0.01559, 0.00794, 0.003962, 0.002634, 0.001972, 0.001576, 0.000786, 0.000392, 0.000261, 0.000196, 0.000157]
0.714865 0.002366 0.180127 0.004487
value = 0.273538392595
0.60615 0.005323 0.145161 0.006471
value = 0.284932144995
0.425495 0.007979 0.124971 0.007776
value = 0.224142485247
0.351689 0.009073 0.117654 0.008282
value = 0.192240765269
0.319614 0.009391 0.113941 0.008544
value = 0.175936637956
0.30215 0.009361 0.111724 0.008684
value = 0.165708028786
0.258548 0.008399 0.107648 0.008659
value = 0.138535965606
0.217101 0.007258 0.105778 0.007933
value = 0.117518835157
0.203278 0.006522 0.105069 0.007284
value = 0.110880754424
0.198795 0.005907 0.104777 0.006758
value = 0.108270631994
0.197856 0.005376 0.104641 0.006321
value = 0.107083621407
0.314115 0.006495 0.114268 0.006084
value = 0.171346949742
0.29099 0.004622 0.113445 0.00401
value = 0.16448186448
0.286687 0.003543 0.1133 0.002982
value = 0.164053508248
0.285632 0.002862 0.113392 0.002371
value = 0.164447545048
0.285364 0.002398 0.113388 0.001967
value = 0.164887139109
1.004228 0.000639 0.16995 0.001044
value = 0.395590615968
1.004861 0.000357 0.169577 0.000539
value = 0.413165658601
1.005949 0.000248 0.170678 0.000363
value = 0.420709522736
1.00567 0.00019 0.170774 0.000274
value = 0.42397249888
1.00513 0.000154 0.168193 0.00022
value = 0.42553820208
1.005131 7.9e-05 0.170715 0.000111
value = 0.429658367274
1.005092 4e-05 0.163327 5.6e-05
value = 0.42948902092
1.005092 2.7e-05 0.171253 3.7e-05
value = 0.435428272409
1.005112 2e-05 0.177548 2.8e-05
value = 0.431413170713
1.005119 1.6e-05 0.172332 2.2e-05
value = 0.43480949301
1.005126 8e-06 0.210248 1.1e-05
value = 0.440367890956
1.005144 4e-06 0.227593 6e-06
value = 0.424614884609
1.007569 3e-06 0.271295 4e-06
value = 0.458799970648
1.005144 2e-06 0.103298 3e-06
value = 0.406806692874
1.013988 2e-06 0.125801 2e-06
value = 0.510880992929
[0.002366, 0.005323, 0.007979, 0.009073, 0.009391, 0.009361, 0.008399, 0.007258, 0.006522, 0.005907, 0.005376, 0.006495, 0.004622, 0.003543, 0.002862, 0.002398, 0.000639, 0.000357, 0.000248, 0.00019, 0.000154, 7.9e-05, 4e-05, 2.7e-05, 2e-05, 1.6e-05, 8e-06, 4e-06, 3e-06, 2e-06, 2e-06]
[0.004487, 0.006471, 0.007776, 0.008282, 0.008544, 0.008684, 0.008659, 0.007933, 0.007284, 0.006758, 0.006321, 0.006084, 0.00401, 0.002982, 0.002371, 0.001967, 0.001044, 0.000539, 0.000363, 0.000274, 0.00022, 0.000111, 5.6e-05, 3.7e-05, 2.8e-05, 2.2e-05, 1.1e-05, 6e-06, 4e-06, 3e-06, 2e-06]
9999.0 0.0 0.124204 0.01731
value = 0.124204
0.0 0.0 0.114277 0.02627
value = 0.114277
1.005189 0.0 0.109192 0.03256
value = 0.109192
1.005189 0.0 0.107296 0.03501
value = 0.107296
1.005189 0.0 0.106288 0.03629
value = 0.106288
1.005189 0.0 0.105658 0.03705
value = 0.105658
1.005189 0.0 0.10438 0.03805
value = 0.10438
1.005189 0.0 0.10384 0.03694
value = 0.10384
1.302959 1e-06 0.10376 0.03541
value = 0.103757076361
1.008541 2.1e-05 0.103795 0.03396
value = 0.103732727934
1.002097 0.000142 0.103882 0.03259
value = 0.103522655043
0.502329 0.000402 0.104203 0.02861
value = 0.102994592864
0.305637 0.001313 0.10406 0.02021
value = 0.0994748938483
0.270321 0.002015 0.104084 0.01545
value = 0.0972140668717
0.264054 0.002418 0.104104 0.01247
value = 0.0971718087268
0.265033 0.002615 0.104124 0.01044
value = 0.0987509886812
0.309569 0.005173 0.1197 0.005299
value = 0.164480740984
0.307306 0.003783 0.119759 0.002796
value = 0.183888248591
0.3082 0.002883 0.11987 0.001898
value = 0.191843946871
0.308665 0.002312 0.119704 0.001436
value = 0.195849523672
0.309275 0.001923 0.119674 0.001155
value = 0.198371330298
0.311335 0.001026 0.119407 0.000584
value = 0.203076267066
0.313333 0.000523 0.120075 0.000293
value = 0.205401017366
0.312773 0.00035 0.119107 0.000196
value = 0.205003797267
0.313734 0.000263 0.118573 0.000147
value = 0.205690173605
0.31354 0.00021 0.1204 0.000118
value = 0.205361966956
0.318797 0.000105 0.11757 5.9e-05
value = 0.208444247782
0.316035 5.3e-05 0.126374 2.9e-05
value = 0.209098778181
0.318974 3.5e-05 0.118626 2e-05
value = 0.207516409132
0.305096 2.6e-05 0.130026 1.5e-05
value = 0.199237860682
0.320418 2.1e-05 0.143351 1.2e-05
value = 0.210460125367
[0.0, 0.0, 0.0, 0.0, 0.0, 0.0, 0.0, 0.0, 1e-06, 2.1e-05, 0.000142, 0.000402, 0.001313, 0.002015, 0.002418, 0.002615, 0.005173, 0.003783, 0.002883, 0.002312, 0.001923, 0.001026, 0.000523, 0.00035, 0.000263, 0.00021, 0.000105, 5.3e-05, 3.5e-05, 2.6e-05, 2.1e-05]
[0.01731, 0.02627, 0.03256, 0.03501, 0.03629, 0.03705, 0.03805, 0.03694, 0.03541, 0.03396, 0.03259, 0.02861, 0.02021, 0.01545, 0.01247, 0.01044, 0.005299, 0.002796, 0.001898, 0.001436, 0.001155, 0.000584, 0.000293, 0.000196, 0.000147, 0.000118, 5.9e-05, 2.9e-05, 2e-05, 1.5e-05, 1.2e-05]
0.672863 0.004306 0.182755 0.001091
value = 0.53811385956
0.485585 0.008358 0.13913 0.003627
value = 0.341240791079
0.339932 0.01229 0.119532 0.00702
value = 0.220673240395
0.282324 0.01416 0.113511 0.008816
value = 0.179363466866
0.252685 0.01509 0.110447 0.009919
value = 0.15863387884
0.233845 0.0156 0.108559 0.01068
value = 0.145654249828
0.187357 0.01656 0.10488 0.01258
value = 0.115700595927
0.157215 0.01695 0.103452 0.01368
value = 0.0985073833676
0.147849 0.0166 0.10324 0.01381
value = 0.0933364934329
0.144138 0.01607 0.103293 0.01365
value = 0.0912408151906
0.143057 0.01551 0.103447 0.01341
value = 0.0904833330111
0.242219 0.008939 0.106268 0.01239
value = 0.118810110377
0.205354 0.008098 0.105018 0.009994
value = 0.108692450524
0.197827 0.00698 0.104735 0.008278
value = 0.106858972755
0.195803 0.006041 0.104649 0.007026
value = 0.10658487577
0.195117 0.005297 0.104659 0.006088
value = 0.106645135045
0.467734 0.003253 0.123087 0.003556
value = 0.232522131581
0.467461 0.001769 0.122977 0.001955
value = 0.231251046184
0.467777 0.001218 0.122849 0.001346
value = 0.231381492905
0.467653 0.000931 0.123048 0.001026
value = 0.231639924066
0.468193 0.000755 0.122905 0.000829
value = 0.232245476168
0.468904 0.000389 0.123486 0.000423
value = 0.233664359864
0.468206 0.000197 0.123009 0.000214
value = 0.2333805967
0.466059 0.000132 0.122951 0.000143
value = 0.232665071046
0.465989 9.9e-05 0.125331 0.000108
value = 0.232259255197
0.467192 7.9e-05 0.122754 8.6e-05
value = 0.232656224979
0.461886 4e-05 0.122765 4.3e-05
value = 0.231503638465
0.461547 2e-05 0.136553 2.2e-05
value = 0.231130597217
0.475571 1.3e-05 0.125237 1.4e-05
value = 0.238008651501
0.51043 1e-05 0.136492 1.1e-05
value = 0.253358916018
0.510436 8e-06 0.152756 9e-06
value = 0.253453382107
[0.004306, 0.008358, 0.01229, 0.01416, 0.01509, 0.0156, 0.01656, 0.01695, 0.0166, 0.01607, 0.01551, 0.008939, 0.008098, 0.00698, 0.006041, 0.005297, 0.003253, 0.001769, 0.001218, 0.000931, 0.000755, 0.000389, 0.000197, 0.000132, 9.9e-05, 7.9e-05, 4e-05, 2e-05, 1.3e-05, 1e-05, 8e-06]
[0.001091, 0.003627, 0.00702, 0.008816, 0.009919, 0.01068, 0.01258, 0.01368, 0.01381, 0.01365, 0.01341, 0.01239, 0.009994, 0.008278, 0.007026, 0.006088, 0.003556, 0.001955, 0.001346, 0.001026, 0.000829, 0.000423, 0.000214, 0.000143, 0.000108, 8.6e-05, 4.3e-05, 2.2e-05, 1.4e-05, 1.1e-05, 9e-06]
9999.0 0.0 0.134001 0.003964
value = 0.134001
9999.0 0.0 0.115757 0.01181
value = 0.115757
9999.0 0.0 0.108252 0.02181
value = 0.108252
9999.0 0.0 0.10615 0.02743
value = 0.10615
9999.0 0.0 0.105193 0.03102
value = 0.105193
9999.0 0.0 0.104649 0.03352
value = 0.104649
9999.0 0.0 0.103622 0.03949
value = 0.103622
9999.0 0.0 0.103155 0.04293
value = 0.103155
9999.0 0.0 0.103042 0.04374
value = 0.103042
9999.0 0.0 0.103017 0.04376
value = 0.103017
9999.0 0.0 0.103027 0.04346
value = 0.103027
0.70128 1.6e-05 0.104679 0.04116
value = 0.104638679091
0.438481 0.000258 0.10425 0.03424
value = 0.103522297623
0.380531 0.000666 0.104126 0.02881
value = 0.102135848121
0.365446 0.001029 0.104069 0.02469
value = 0.100969518692
0.361036 0.00129 0.104041 0.02152
value = 0.100258189692
0.422124 0.00189 0.108892 0.0128
value = 0.109326056371
0.389587 0.001804 0.108848 0.007124
value = 0.117219952794
0.38353 0.001533 0.108848 0.004929
value = 0.123173498135
0.382324 0.001307 0.108874 0.003768
value = 0.127393718432
0.382387 0.001132 0.108905 0.00305
value = 0.130468419125
0.384463 0.000664 0.108789 0.001563
value = 0.137731635748
0.388113 0.000359 0.108878 0.000792
value = 0.14236134603
0.390349 0.000246 0.109192 0.000531
value = 0.144366643358
0.389857 0.000187 0.109254 0.000399
value = 0.144952564365
0.391718 0.000151 0.109178 0.00032
value = 0.145852993465
0.385155 7.7e-05 0.109304 0.00016
value = 0.145271897749
0.381187 3.9e-05 0.109384 8e-05
value = 0.144962676353
0.405205 2.6e-05 0.109282 5.4e-05
value = 0.150943734404
0.391053 1.9e-05 0.105409 4e-05
value = 0.144796458067
0.424135 1.5e-05 0.107074 3.2e-05
value = 0.153745098627
[0.0, 0.0, 0.0, 0.0, 0.0, 0.0, 0.0, 0.0, 0.0, 0.0, 0.0, 1.6e-05, 0.000258, 0.000666, 0.001029, 0.00129, 0.00189, 0.001804, 0.001533, 0.001307, 0.001132, 0.000664, 0.000359, 0.000246, 0.000187, 0.000151, 7.7e-05, 3.9e-05, 2.6e-05, 1.9e-05, 1.5e-05]
[0.003964, 0.01181, 0.02181, 0.02743, 0.03102, 0.03352, 0.03949, 0.04293, 0.04374, 0.04376, 0.04346, 0.04116, 0.03424, 0.02881, 0.02469, 0.02152, 0.0128, 0.007124, 0.004929, 0.003768, 0.00305, 0.001563, 0.000792, 0.000531, 0.000399, 0.00032, 0.00016, 8e-05, 5.4e-05, 4e-05, 3.2e-05]
0.2146 0.08599 0.2146 0.08599
value = 0.151745115243
0.153524 0.1654 0.153524 0.1654
value = 0.108557861475
0.121816 0.2657 0.121816 0.2657
value = 0.086136919657
0.113072 0.3249 0.113072 0.3249
value = 0.0799539779623
0.109421 0.3623 0.109421 0.3623
value = 0.0773723311042
0.107492 0.3876 0.107492 0.3876
value = 0.0760083221233
0.104323 0.4401 0.104323 0.4401
value = 0.0737675007337
0.103297 0.4479 0.103297 0.4479
value = 0.0730420091762
0.103185 0.4325 0.103185 0.4325
value = 0.0729628132167
0.10323 0.414 0.10323 0.414
value = 0.0729946330219
0.103336 0.3961 0.103336 0.3961
value = 0.0730695863407
0.107673 0.3097 0.107673 0.3097
value = 0.0761363084507
0.107271 0.2415 0.107271 0.2415
value = 0.0758520515247
0.107403 0.2041 0.107403 0.2041
value = 0.0759453896198
0.107622 0.1816 0.107622 0.1816
value = 0.0761002460049
0.107832 0.1669 0.107832 0.1669
value = 0.0762487384289
0.132756 0.1461 0.132756 0.1461
value = 0.0938726678432
0.13338 0.1268 0.13338 0.1268
value = 0.0943139024747
0.133714 0.1195 0.133714 0.1195
value = 0.0945500761396
0.133997 0.1154 0.133997 0.1154
value = 0.0947501873587
0.134124 0.1129 0.134124 0.1129
value = 0.0948399899199
0.134602 0.1072 0.134602 0.1072
value = 0.0951779869613
0.134953 0.104 0.134953 0.104
value = 0.0954261814415
0.13508 0.1029 0.13508 0.1029
value = 0.0955159840027
0.135173 0.1023 0.135173 0.1023
value = 0.0955817449333
0.135185 0.102 0.135185 0.102
value = 0.0955902302147
0.135288 0.1013 0.135288 0.1013
value = 0.0956630622132
0.135371 0.1009 0.135371 0.1009
value = 0.095721752076
0.135375 0.1008 0.135375 0.1008
value = 0.0957245805031
0.135413 0.1007 0.135413 0.1007
value = 0.0957514505608
0.135395 0.1007 0.135395 0.1007
value = 0.0957387226388
[0.08599, 0.1654, 0.2657, 0.3249, 0.3623, 0.3876, 0.4401, 0.4479, 0.4325, 0.414, 0.3961, 0.3097, 0.2415, 0.2041, 0.1816, 0.1669, 0.1461, 0.1268, 0.1195, 0.1154, 0.1129, 0.1072, 0.104, 0.1029, 0.1023, 0.102, 0.1013, 0.1009, 0.1008, 0.1007, 0.1007]
[0.08599, 0.1654, 0.2657, 0.3249, 0.3623, 0.3876, 0.4401, 0.4479, 0.4325, 0.414, 0.3961, 0.3097, 0.2415, 0.2041, 0.1816, 0.1669, 0.1461, 0.1268, 0.1195, 0.1154, 0.1129, 0.1072, 0.104, 0.1029, 0.1023, 0.102, 0.1013, 0.1009, 0.1008, 0.1007, 0.1007]
1.005189 0.0 0.190714 0.09667
value = 0.190714
1.005189 0.0 0.141667 0.2163
value = 0.141667
1.005189 0.0 0.11906 0.3499
value = 0.11906
1.005189 0.0 0.11267 0.4157
value = 0.11267
1.005189 0.0 0.109786 0.4541
value = 0.109786
1.005189 0.0 0.108163 0.4794
value = 0.108163
1.005189 0.0 0.105212 0.5373
value = 0.105212
0.992455 1.5e-05 0.104126 0.5616
value = 0.104123222305
0.932624 6.4e-05 0.103938 0.5575
value = 0.103926124609
0.765963 0.000155 0.103939 0.5461
value = 0.103909734583
0.723889 0.000328 0.104028 0.5322
value = 0.103964882104
0.219922 0.001996 0.105677 0.4679
value = 0.105232257216
0.135123 0.01207 0.105294 0.3836
value = 0.102165169586
0.124884 0.02449 0.105385 0.3319
value = 0.0985177483854
0.121562 0.0349 0.105525 0.2993
value = 0.0953539775848
0.120509 0.0426 0.105657 0.2773
value = 0.0929823231465
0.134998 0.04906 0.126884 0.2434
value = 0.108000194695
0.131339 0.04506 0.127858 0.2111
value = 0.107870185131
0.13081 0.03914 0.128261 0.1991
value = 0.109322351206
0.130766 0.03503 0.128523 0.1926
value = 0.110590883868
0.130811 0.0322 0.128676 0.1886
value = 0.111553977034
0.131245 0.02575 0.12905 0.1801
value = 0.114094375519
0.13176 0.02217 0.129299 0.1755
value = 0.115744516656
0.132005 0.02094 0.129402 0.1739
value = 0.116362878239
0.132195 0.02031 0.129453 0.1731
value = 0.116687799503
0.132277 0.01994 0.129488 0.1726
value = 0.116883399319
0.132529 0.01918 0.129564 0.1716
value = 0.117297504658
0.132664 0.0188 0.129601 0.1711
value = 0.11750684673
0.132723 0.01867 0.129626 0.1709
value = 0.117588425412
0.132717 0.01861 0.129635 0.1708
value = 0.117623074827
0.132757 0.01857 0.129623 0.1708
value = 0.117634492672
[0.0, 0.0, 0.0, 0.0, 0.0, 0.0, 0.0, 1.5e-05, 6.4e-05, 0.000155, 0.000328, 0.001996, 0.01207, 0.02449, 0.0349, 0.0426, 0.04906, 0.04506, 0.03914, 0.03503, 0.0322, 0.02575, 0.02217, 0.02094, 0.02031, 0.01994, 0.01918, 0.0188, 0.01867, 0.01861, 0.01857]
[0.09667, 0.2163, 0.3499, 0.4157, 0.4541, 0.4794, 0.5373, 0.5616, 0.5575, 0.5461, 0.5322, 0.4679, 0.3836, 0.3319, 0.2993, 0.2773, 0.2434, 0.2111, 0.1991, 0.1926, 0.1886, 0.1801, 0.1755, 0.1739, 0.1731, 0.1726, 0.1716, 0.1711, 0.1709, 0.1708, 0.1708]
0.300271 0.01281 0.300271 0.01281
value = 0.212323660294
0.189173 0.05625 0.189173 0.05625
value = 0.133765511117
0.137663 0.1403 0.137663 0.1403
value = 0.0973424408185
0.122539 0.2011 0.122539 0.2011
value = 0.0866481578598
0.115867 0.2456 0.115867 0.2456
value = 0.0819303414157
0.112355 0.2794 0.112355 0.2794
value = 0.0794469824002
0.106872 0.3725 0.106872 0.3725
value = 0.075569915919
0.104751 0.4328 0.104751 0.4328
value = 0.0740701424361
0.103925 0.448 0.103925 0.448
value = 0.0734860722348
0.103486 0.4491 0.103486 0.4491
value = 0.0731756523579
0.103261 0.4449 0.103261 0.4449
value = 0.0730165533321
0.106122 0.4043 0.106122 0.4043
value = 0.0750395858331
0.105279 0.3611 0.105279 0.3611
value = 0.0744434948165
0.105199 0.3352 0.105199 0.3352
value = 0.074386926274
0.105314 0.3179 0.105314 0.3179
value = 0.0744682435539
0.105478 0.3056 0.105478 0.3056
value = 0.074584209066
0.11869 0.2685 0.11869 0.2685
value = 0.083926503859
0.119244 0.244 0.119244 0.244
value = 0.0843182410158
0.119565 0.2346 0.119565 0.2346
value = 0.0845452222926
0.11977 0.2295 0.11977 0.2295
value = 0.0846901791827
0.119927 0.2262 0.119927 0.2262
value = 0.0848011949474
0.120296 0.2191 0.120296 0.2191
value = 0.0850621173496
0.120575 0.2151 0.120575 0.2151
value = 0.0852594001416
0.120694 0.2137 0.120694 0.2137
value = 0.0853435458485
0.120754 0.213 0.120754 0.213
value = 0.0853859722554
0.120814 0.2125 0.120814 0.2125
value = 0.0854283986623
0.120911 0.2116 0.120911 0.2116
value = 0.08549698802
0.120975 0.2111 0.120975 0.2111
value = 0.085542242854
0.12098 0.211 0.12098 0.211
value = 0.0855457783879
0.120996 0.2109 0.120996 0.2109
value = 0.0855570920964
0.120988 0.2109 0.120988 0.2109
value = 0.0855514352422
[0.01281, 0.05625, 0.1403, 0.2011, 0.2456, 0.2794, 0.3725, 0.4328, 0.448, 0.4491, 0.4449, 0.4043, 0.3611, 0.3352, 0.3179, 0.3056, 0.2685, 0.244, 0.2346, 0.2295, 0.2262, 0.2191, 0.2151, 0.2137, 0.213, 0.2125, 0.2116, 0.2111, 0.211, 0.2109, 0.2109]
[0.01281, 0.05625, 0.1403, 0.2011, 0.2456, 0.2794, 0.3725, 0.4328, 0.448, 0.4491, 0.4449, 0.4043, 0.3611, 0.3352, 0.3179, 0.3056, 0.2685, 0.244, 0.2346, 0.2295, 0.2262, 0.2191, 0.2151, 0.2137, 0.213, 0.2125, 0.2116, 0.2111, 0.211, 0.2109, 0.2109]
9999.0 0.0 0.246027 0.0145
value = 0.246027
9999.0 0.0 0.162342 0.07552
value = 0.162342
9999.0 0.0 0.126333 0.195
value = 0.126333
9999.0 0.0 0.116151 0.2765
value = 0.116151
9999.0 0.0 0.111665 0.3331
value = 0.111665
9999.0 0.0 0.109245 0.3745
value = 0.109245
9999.0 0.0 0.105307 0.4817
value = 0.105307
9999.0 0.0 0.104102 0.5528
value = 0.104102
9999.0 0.0 0.104047 0.5766
value = 0.104047
9999.0 0.0 0.104202 0.5839
value = 0.104202
9999.0 0.0 0.104382 0.5832
value = 0.104382
0.533933 0.000178 0.105755 0.5987
value = 0.105723686344
0.194585 0.002276 0.104954 0.5394
value = 0.104516205027
0.156194 0.007451 0.104832 0.4974
value = 0.103310526791
0.14663 0.01425 0.104831 0.4685
value = 0.101828587834
0.143643 0.02122 0.10486 0.448
value = 0.100328340091
0.128404 0.05504 0.111323 0.3712
value = 0.0983556101865
0.120802 0.07201 0.111737 0.3435
value = 0.0947151587981
0.119453 0.07144 0.111992 0.332
value = 0.0945570341015
0.119144 0.06843 0.112153 0.3255
value = 0.0949538021448
0.119134 0.06552 0.112272 0.3212
value = 0.0954097903078
0.119645 0.05694 0.112609 0.3112
value = 0.0969738904412
0.120471 0.05116 0.1129 0.3051
value = 0.0982227514192
0.120994 0.04899 0.113031 0.3029
value = 0.0987422705276
0.121354 0.04786 0.113113 0.3017
value = 0.0990299280418
0.121616 0.04716 0.113163 0.301
value = 0.0992117293745
0.122254 0.04573 0.113277 0.2995
value = 0.0995974113829
0.122638 0.045 0.113344 0.2987
value = 0.0998041770449
0.122796 0.04475 0.113371 0.2984
value = 0.0998784715273
0.122864 0.04463 0.113379 0.2983
value = 0.0999113174512
0.122904 0.04456 0.113388 0.2982
value = 0.0999327657433
[0.0, 0.0, 0.0, 0.0, 0.0, 0.0, 0.0, 0.0, 0.0, 0.0, 0.0, 0.000178, 0.002276, 0.007451, 0.01425, 0.02122, 0.05504, 0.07201, 0.07144, 0.06843, 0.06552, 0.05694, 0.05116, 0.04899, 0.04786, 0.04716, 0.04573, 0.045, 0.04475, 0.04463, 0.04456]
[0.0145, 0.07552, 0.195, 0.2765, 0.3331, 0.3745, 0.4817, 0.5528, 0.5766, 0.5839, 0.5832, 0.5987, 0.5394, 0.4974, 0.4685, 0.448, 0.3712, 0.3435, 0.332, 0.3255, 0.3212, 0.3112, 0.3051, 0.3029, 0.3017, 0.301, 0.2995, 0.2987, 0.2984, 0.2983, 0.2982]
0.318781 0.000401 0.318781 0.000401
value = 0.225412206813
0.220368 0.007535 0.220368 0.007535
value = 0.155823707157
0.154163 0.03957 0.154163 0.03957
value = 0.109009702708
0.133079 0.07455 0.133079 0.07455
value = 0.0941010633335
0.123478 0.1056 0.123478 0.1056
value = 0.0873121311274
0.118103 0.1323 0.118103 0.1323
value = 0.0835114321785
0.108631 0.2206 0.108631 0.2206
value = 0.0768137167471
0.105035 0.2989 0.105035 0.2989
value = 0.0742709607619
0.104156 0.3317 0.104156 0.3317
value = 0.0736494139013
0.103812 0.3469 0.103812 0.3469
value = 0.0734061691685
0.103681 0.354 0.103681 0.354
value = 0.0733135381802
0.107631 0.3603 0.107631 0.3603
value = 0.0761066099659
0.105841 0.3409 0.105841 0.3409
value = 0.0748408888276
0.105369 0.3256 0.105369 0.3256
value = 0.0745071344268
0.105233 0.3154 0.105233 0.3154
value = 0.0744109679046
0.105215 0.3083 0.105215 0.3083
value = 0.0743982399825
0.117048 0.2901 0.117048 0.2901
value = 0.0827654345243
0.117005 0.2779 0.117005 0.2779
value = 0.0827350289327
0.117063 0.2734 0.117063 0.2734
value = 0.082776041126
0.117102 0.2711 0.117102 0.2711
value = 0.0828036182905
0.117131 0.2697 0.117131 0.2697
value = 0.0828241243872
0.117222 0.2667 0.117222 0.2667
value = 0.0828884711042
0.117269 0.2652 0.117269 0.2652
value = 0.082921705123
0.117283 0.2647 0.117283 0.2647
value = 0.0829316046179
0.1173 0.2644 0.1173 0.2644
value = 0.0829436254332
0.117296 0.2643 0.117296 0.2643
value = 0.0829407970061
0.117307 0.264 0.117307 0.264
value = 0.0829485751807
0.11732 0.2638 0.11732 0.2638
value = 0.0829577675688
0.117313 0.2638 0.117313 0.2638
value = 0.0829528178213
0.117327 0.2637 0.117327 0.2637
value = 0.0829627173163
0.117324 0.2637 0.117324 0.2637
value = 0.0829605959959
[0.000401, 0.007535, 0.03957, 0.07455, 0.1056, 0.1323, 0.2206, 0.2989, 0.3317, 0.3469, 0.354, 0.3603, 0.3409, 0.3256, 0.3154, 0.3083, 0.2901, 0.2779, 0.2734, 0.2711, 0.2697, 0.2667, 0.2652, 0.2647, 0.2644, 0.2643, 0.264, 0.2638, 0.2638, 0.2637, 0.2637]
[0.000401, 0.007535, 0.03957, 0.07455, 0.1056, 0.1323, 0.2206, 0.2989, 0.3317, 0.3469, 0.354, 0.3603, 0.3409, 0.3256, 0.3154, 0.3083, 0.2901, 0.2779, 0.2734, 0.2711, 0.2697, 0.2667, 0.2652, 0.2647, 0.2644, 0.2643, 0.264, 0.2638, 0.2638, 0.2637, 0.2637]
9999.0 0.0 0.376755 0.000248
value = 0.376755
9999.0 0.0 0.220758 0.00622
value = 0.220758
9999.0 0.0 0.149759 0.03847
value = 0.149759
9999.0 0.0 0.129932 0.07658
value = 0.129932
9999.0 0.0 0.12128 0.1115
value = 0.12128
9999.0 0.0 0.116619 0.1419
value = 0.116619
9999.0 0.0 0.108785 0.2419
value = 0.108785
9999.0 0.0 0.106085 0.3306
value = 0.106085
9999.0 0.0 0.105684 0.3692
value = 0.105684
9999.0 0.0 0.105624 0.3889
value = 0.105624
9999.0 0.0 0.105628 0.4001
value = 0.105628
0.557056 7e-06 0.106975 0.3988
value = 0.106973122784
0.266327 0.000411 0.106107 0.3827
value = 0.105993553905
0.219277 0.001807 0.105945 0.3689
value = 0.105433992349
0.204947 0.003886 0.105918 0.3597
value = 0.104808843041
0.201586 0.00618 0.105937 0.3532
value = 0.104172970686
0.154586 0.01404 0.115272 0.3561
value = 0.111054459376
0.140214 0.02407 0.11567 0.3437
value = 0.108488389875
0.137605 0.02724 0.115904 0.3392
value = 0.107774592791
0.136959 0.02835 0.116043 0.3369
value = 0.10756256539
0.136912 0.02874 0.116136 0.3355
value = 0.107516499966
0.137655 0.02867 0.11636 0.3325
value = 0.107679113179
0.138677 0.02806 0.116482 0.331
value = 0.107924611419
0.139149 0.02775 0.116525 0.3305
value = 0.108037992104
0.139413 0.02757 0.11654 0.3303
value = 0.108096745471
0.139572 0.02746 0.116559 0.3301
value = 0.108140009272
0.139967 0.02721 0.116585 0.3298
value = 0.108226356268
0.140184 0.02708 0.116605 0.3296
value = 0.108276424383
0.140222 0.02704 0.116603 0.3296
value = 0.108285467485
0.140283 0.02701 0.116602 0.3296
value = 0.108292952948
0.140302 0.027 0.116614 0.3295
value = 0.108304610455
[0.0, 0.0, 0.0, 0.0, 0.0, 0.0, 0.0, 0.0, 0.0, 0.0, 0.0, 7e-06, 0.000411, 0.001807, 0.003886, 0.00618, 0.01404, 0.02407, 0.02724, 0.02835, 0.02874, 0.02867, 0.02806, 0.02775, 0.02757, 0.02746, 0.02721, 0.02708, 0.02704, 0.02701, 0.027]
[0.000248, 0.00622, 0.03847, 0.07658, 0.1115, 0.1419, 0.2419, 0.3306, 0.3692, 0.3889, 0.4001, 0.3988, 0.3827, 0.3689, 0.3597, 0.3532, 0.3561, 0.3437, 0.3392, 0.3369, 0.3355, 0.3325, 0.331, 0.3305, 0.3303, 0.3301, 0.3298, 0.3296, 0.3296, 0.3296, 0.3295]
0.998482 7.6e-05 0.998482 7.6e-05
value = 0.706033393093
0.895985 0.000679 0.895985 0.000679
value = 0.633557069341
0.459724 0.002837 0.459724 0.002837
value = 0.325073957874
0.252911 0.006988 0.252911 0.006988
value = 0.178835083137
0.185845 0.01279 0.185845 0.01279
value = 0.13141225975
0.158719 0.01953 0.158719 0.01953
value = 0.112231281203
0.122768 0.05476 0.122768 0.05476
value = 0.0868100853127
0.110591 0.105 0.110591 0.105
value = 0.0781996460382
0.107474 0.1341 0.107474 0.1341
value = 0.0759955942012
0.106354 0.1518 0.106354 0.1518
value = 0.0752036346063
0.106039 0.1627 0.106039 0.1627
value = 0.0749808959702
0.11334 0.1925 0.11334 0.1925
value = 0.0801434825797
0.110628 0.1834 0.110628 0.1834
value = 0.0782258089891
0.110216 0.1726 0.110216 0.1726
value = 0.0779344809953
0.11026 0.1651 0.11026 0.1651
value = 0.0779655936936
0.110425 0.16 0.110425 0.16
value = 0.0780822663125
0.136173 0.1275 0.136173 0.1275
value = 0.0962888517145
0.13555 0.1214 0.13555 0.1214
value = 0.0958483241898
0.135515 0.1192 0.135515 0.1192
value = 0.0958235754525
0.135519 0.1181 0.135519 0.1181
value = 0.0958264038796
0.13556 0.1174 0.13556 0.1174
value = 0.0958553952576
0.135608 0.1161 0.135608 0.1161
value = 0.0958893363831
0.135673 0.1154 0.135673 0.1154
value = 0.0959352983239
0.135678 0.1152 0.135678 0.1152
value = 0.0959388338578
0.135736 0.115 0.135736 0.115
value = 0.0959798460511
0.135705 0.115 0.135705 0.115
value = 0.0959579257409
0.135757 0.1148 0.135757 0.1148
value = 0.0959946952935
0.135727 0.1148 0.135727 0.1148
value = 0.0959734820901
0.135769 0.1147 0.135769 0.1147
value = 0.0960031805749
0.135763 0.1147 0.135763 0.1147
value = 0.0959989379342
0.135762 0.1147 0.135762 0.1147
value = 0.0959982308274
[7.6e-05, 0.000679, 0.002837, 0.006988, 0.01279, 0.01953, 0.05476, 0.105, 0.1341, 0.1518, 0.1627, 0.1925, 0.1834, 0.1726, 0.1651, 0.16, 0.1275, 0.1214, 0.1192, 0.1181, 0.1174, 0.1161, 0.1154, 0.1152, 0.115, 0.115, 0.1148, 0.1148, 0.1147, 0.1147, 0.1147]
[7.6e-05, 0.000679, 0.002837, 0.006988, 0.01279, 0.01953, 0.05476, 0.105, 0.1341, 0.1518, 0.1627, 0.1925, 0.1834, 0.1726, 0.1651, 0.16, 0.1275, 0.1214, 0.1192, 0.1181, 0.1174, 0.1161, 0.1154, 0.1152, 0.115, 0.115, 0.1148, 0.1148, 0.1147, 0.1147, 0.1147]
9999.0 0.0 0.766055 2.6e-05
value = 0.766055
9999.0 0.0 0.592431 0.000458
value = 0.592431
9999.0 0.0 0.455215 0.001275
value = 0.455215
9999.0 0.0 0.375022 0.002231
value = 0.375022
9999.0 0.0 0.327737 0.00318
value = 0.327737
9999.0 0.0 0.234706 0.006756
value = 0.234706
9999.0 0.0 0.176306 0.01074
value = 0.176306
9999.0 0.0 0.157829 0.01308
value = 0.157829
9999.0 0.0 0.151823 0.01448
value = 0.151823
9999.0 0.0 0.150661 0.0153
value = 0.150661
9999.0 0.0 0.175133 0.01973
value = 0.175133
9999.0 0.0 0.152228 0.02123
value = 0.152228
9999.0 0.0 0.144497 0.02192
value = 0.144497
9999.0 0.0 0.142007 0.02245
value = 0.142007
9999.0 0.0 0.141519 0.02287
value = 0.141519
0.525501 0.000361 0.237697 0.02382
value = 0.234279795603
0.416801 0.001068 0.227042 0.02569
value = 0.218613896903
0.391398 0.001494 0.22502 0.02662
value = 0.214075065229
0.386023 0.001737 0.224524 0.02716
value = 0.212299725538
0.385384 0.001886 0.224443 0.02751
value = 0.211493402814
0.391236 0.002154 0.22471 0.02828
value = 0.210633922726
0.397724 0.002249 0.225138 0.0287
value = 0.210768676911
0.400321 0.002271 0.22528 0.02885
value = 0.21087383644
0.402041 0.002279 0.225413 0.02892
value = 0.211000980798
0.402548 0.002284 0.225509 0.02896
value = 0.211085091179
0.404582 0.00229 0.225643 0.02905
value = 0.211234267729
0.405469 0.002292 0.225677 0.0291
value = 0.211284103759
0.405937 0.002292 0.22574 0.02911
value = 0.211350590564
0.405771 0.002293 0.22571 0.02912
value = 0.211320310967
0.405771 0.002293 0.22571 0.02913
value = 0.211324181484
[0.0, 0.0, 0.0, 0.0, 0.0, 0.0, 0.0, 0.0, 0.0, 0.0, 0.0, 0.0, 0.0, 0.0, 0.0, 0.0, 0.000361, 0.001068, 0.001494, 0.001737, 0.001886, 0.002154, 0.002249, 0.002271, 0.002279, 0.002284, 0.00229, 0.002292, 0.002292, 0.002293, 0.002293]
[0.0, 2.6e-05, 0.000458, 0.001275, 0.002231, 0.00318, 0.006756, 0.01074, 0.01308, 0.01448, 0.0153, 0.01973, 0.02123, 0.02192, 0.02245, 0.02287, 0.02382, 0.02569, 0.02662, 0.02716, 0.02751, 0.02828, 0.0287, 0.02885, 0.02892, 0.02896, 0.02905, 0.0291, 0.02911, 0.02912, 0.02913]
0.221537 0.09681 0.221537 0.09681
value = 0.156650314984
0.161197 0.1827 0.161197 0.1827
value = 0.113983491807
0.130819 0.2492 0.130819 0.2492
value = 0.092503002008
0.120985 0.2779 0.120985 0.2779
value = 0.0855493139219
0.116379 0.2948 0.116379 0.2948
value = 0.0822923800877
0.113814 0.3059 0.113814 0.3059
value = 0.080478651194
0.109248 0.3275 0.109248 0.3275
value = 0.0772500016311
0.107057 0.3226 0.107057 0.3226
value = 0.0757007306735
0.106318 0.3061 0.106318 0.3061
value = 0.0751781787622
0.106033 0.2891 0.106033 0.2891
value = 0.0749766533296
0.105997 0.2735 0.105997 0.2735
value = 0.0749511974854
0.113397 0.2095 0.113397 0.2095
value = 0.0801837876662
0.111985 0.1571 0.111985 0.1571
value = 0.0791853528912
0.111814 0.1317 0.111814 0.1317
value = 0.0790644376316
0.111912 0.1169 0.111912 0.1169
value = 0.0791337340961
0.11208 0.1073 0.11208 0.1073
value = 0.0792525280354
0.164426 0.08573 0.164426 0.08573
value = 0.116266739603
0.164169 0.07342 0.164169 0.07342
value = 0.116085013161
0.164293 0.06879 0.164293 0.06879
value = 0.116172694401
0.164411 0.06628 0.164411 0.06628
value = 0.116256133002
0.164513 0.06468 0.164513 0.06468
value = 0.116328257893
0.16485 0.06119 0.16485 0.06119
value = 0.116566552879
0.165121 0.05926 0.165121 0.05926
value = 0.116758178816
0.165236 0.05858 0.165236 0.05858
value = 0.116839496096
0.165286 0.05824 0.165286 0.05824
value = 0.116874851435
0.165327 0.05803 0.165327 0.05803
value = 0.116903842813
0.165417 0.0576 0.165417 0.0576
value = 0.116967482424
0.165479 0.05738 0.165479 0.05738
value = 0.117011323044
0.165493 0.05731 0.165493 0.05731
value = 0.117021222539
0.16551 0.05727 0.16551 0.05727
value = 0.117033243354
0.165504 0.05725 0.165504 0.05725
value = 0.117029000713
[0.09681, 0.1827, 0.2492, 0.2779, 0.2948, 0.3059, 0.3275, 0.3226, 0.3061, 0.2891, 0.2735, 0.2095, 0.1571, 0.1317, 0.1169, 0.1073, 0.08573, 0.07342, 0.06879, 0.06628, 0.06468, 0.06119, 0.05926, 0.05858, 0.05824, 0.05803, 0.0576, 0.05738, 0.05731, 0.05727, 0.05725]
[0.09681, 0.1827, 0.2492, 0.2779, 0.2948, 0.3059, 0.3275, 0.3226, 0.3061, 0.2891, 0.2735, 0.2095, 0.1571, 0.1317, 0.1169, 0.1073, 0.08573, 0.07342, 0.06879, 0.06628, 0.06468, 0.06119, 0.05926, 0.05858, 0.05824, 0.05803, 0.0576, 0.05738, 0.05731, 0.05727, 0.05725]
9999.0 0.0 0.205821 0.1134
value = 0.205821
9999.0 0.0 0.14639 0.243
value = 0.14639
9999.0 0.0 0.119755 0.388
value = 0.119755
9999.0 0.0 0.112652 0.4583
value = 0.112652
9999.0 0.0 0.109629 0.4974
value = 0.109629
9999.0 0.0 0.108027 0.5212
value = 0.108027
9999.0 0.0 0.105378 0.5633
value = 0.105378
9999.0 0.0 0.104508 0.5645
value = 0.104508
9999.0 0.0 0.104446 0.5501
value = 0.104446
9999.0 0.0 0.104569 0.5345
value = 0.104569
9999.0 0.0 0.10476 0.5195
value = 0.10476
0.233353 0.001653 0.106152 0.4361
value = 0.105754830276
0.145657 0.009407 0.105774 0.3531
value = 0.103098491232
0.132248 0.0192 0.105894 0.3036
value = 0.0999056196686
0.128713 0.02755 0.106073 0.2726
value = 0.0970585451182
0.127737 0.03373 0.106246 0.2518
value = 0.0949023656692
0.146594 0.0407 0.131609 0.1846
value = 0.111038208533
0.141543 0.036 0.13253 0.1582
value = 0.111104856995
0.140805 0.0308 0.133002 0.1481
value = 0.11274097198
0.140697 0.02731 0.13329 0.1426
value = 0.114128968941
0.140743 0.02493 0.133478 0.1391
value = 0.115194891034
0.141137 0.01953 0.134022 0.1313
value = 0.11809097583
0.141833 0.01652 0.134418 0.1269
value = 0.120051721869
0.142188 0.01548 0.134607 0.1253
value = 0.120821651804
0.142364 0.01496 0.134704 0.1245
value = 0.121219994503
0.142496 0.01464 0.134767 0.124
value = 0.121471559321
0.142864 0.014 0.134909 0.123
value = 0.121999349021
0.143106 0.01368 0.134977 0.1225
value = 0.12226592339
0.143165 0.01357 0.135016 0.1223
value = 0.122369542009
0.143206 0.01352 0.135042 0.1222
value = 0.122423557362
0.143197 0.01349 0.135019 0.1222
value = 0.1224262619
[0.0, 0.0, 0.0, 0.0, 0.0, 0.0, 0.0, 0.0, 0.0, 0.0, 0.0, 0.001653, 0.009407, 0.0192, 0.02755, 0.03373, 0.0407, 0.036, 0.0308, 0.02731, 0.02493, 0.01953, 0.01652, 0.01548, 0.01496, 0.01464, 0.014, 0.01368, 0.01357, 0.01352, 0.01349]
[0.1134, 0.243, 0.388, 0.4583, 0.4974, 0.5212, 0.5633, 0.5645, 0.5501, 0.5345, 0.5195, 0.4361, 0.3531, 0.3036, 0.2726, 0.2518, 0.1846, 0.1582, 0.1481, 0.1426, 0.1391, 0.1313, 0.1269, 0.1253, 0.1245, 0.124, 0.123, 0.1225, 0.1223, 0.1222, 0.1222]
0.294451 0.007694 0.294451 0.007694
value = 0.208208298827
0.194369 0.04448 0.194369 0.04448
value = 0.137439637952
0.145832 0.1171 0.145832 0.1171
value = 0.103118796114
0.129761 0.1648 0.129761 0.1648
value = 0.0917548830335
0.121812 0.1977 0.121812 0.1977
value = 0.0861340912299
0.117225 0.2223 0.117225 0.2223
value = 0.0828905924246
0.109228 0.2903 0.109228 0.2903
value = 0.0772358594954
0.10608 0.3373 0.10608 0.3373
value = 0.0750098873483
0.10528 0.3514 0.10528 0.3514
value = 0.0744442019233
0.105058 0.3545 0.105058 0.3545
value = 0.0742872242179
0.105093 0.3526 0.105093 0.3526
value = 0.0743119729552
0.109525 0.3515 0.109525 0.3515
value = 0.0774458702095
0.108267 0.3152 0.108267 0.3152
value = 0.0765563298787
0.10791 0.2944 0.10791 0.2944
value = 0.0763038927578
0.107784 0.2815 0.107784 0.2815
value = 0.0762147973034
0.107756 0.2728 0.107756 0.2728
value = 0.0761949983135
0.129148 0.2437 0.129148 0.2437
value = 0.0913214265767
0.128864 0.2272 0.128864 0.2272
value = 0.0911206082508
0.128938 0.2213 0.128938 0.2213
value = 0.0911729341526
0.129007 0.2183 0.129007 0.2183
value = 0.0912217245205
0.129057 0.2165 0.129057 0.2165
value = 0.0912570798596
0.129214 0.2127 0.129214 0.2127
value = 0.0913680956242
0.129305 0.2108 0.129305 0.2108
value = 0.0914324423413
0.12935 0.2101 0.12935 0.2101
value = 0.0914642621465
0.129361 0.2098 0.129361 0.2098
value = 0.0914720403211
0.129376 0.2096 0.129376 0.2096
value = 0.0914826469228
0.1294 0.2092 0.1294 0.2092
value = 0.0914996174855
0.129412 0.209 0.129412 0.209
value = 0.0915081027669
0.129422 0.2089 0.129422 0.2089
value = 0.0915151738347
0.129418 0.2089 0.129418 0.2089
value = 0.0915123454076
0.129415 0.2089 0.129415 0.2089
value = 0.0915102240873
[0.007694, 0.04448, 0.1171, 0.1648, 0.1977, 0.2223, 0.2903, 0.3373, 0.3514, 0.3545, 0.3526, 0.3515, 0.3152, 0.2944, 0.2815, 0.2728, 0.2437, 0.2272, 0.2213, 0.2183, 0.2165, 0.2127, 0.2108, 0.2101, 0.2098, 0.2096, 0.2092, 0.209, 0.2089, 0.2089, 0.2089]
[0.007694, 0.04448, 0.1171, 0.1648, 0.1977, 0.2223, 0.2903, 0.3373, 0.3514, 0.3545, 0.3526, 0.3515, 0.3152, 0.2944, 0.2815, 0.2728, 0.2437, 0.2272, 0.2213, 0.2183, 0.2165, 0.2127, 0.2108, 0.2101, 0.2098, 0.2096, 0.2092, 0.209, 0.2089, 0.2089, 0.2089]
9999.0 0.0 0.28371 0.009092
value = 0.28371
9999.0 0.0 0.185508 0.05726
value = 0.185508
9999.0 0.0 0.13506 0.1672
value = 0.13506
9999.0 0.0 0.121014 0.2508
value = 0.121014
9999.0 0.0 0.115158 0.3114
value = 0.115158
9999.0 0.0 0.112136 0.3565
value = 0.112136
9999.0 0.0 0.107575 0.4749
value = 0.107575
9999.0 0.0 0.106298 0.5526
value = 0.106298
9999.0 0.0 0.105896 0.5787
value = 0.105896
9999.0 0.0 0.105571 0.5895
value = 0.105571
9999.0 0.0 0.105286 0.594
value = 0.105286
0.404002 1.8e-05 0.105447 0.5775
value = 0.105443714195
0.2261 0.00085 0.104969 0.5292
value = 0.104801296576
0.184609 0.003759 0.10503 0.4965
value = 0.104250022673
0.170848 0.008482 0.105146 0.4745
value = 0.103343018936
0.166245 0.01447 0.105259 0.4591
value = 0.102169148759
0.135696 0.03797 0.114186 0.4135
value = 0.105203451815
0.125365 0.05861 0.114502 0.3928
value = 0.100956145504
0.123621 0.06215 0.114723 0.385
value = 0.100260772775
0.123288 0.06184 0.114873 0.3808
value = 0.100314199163
0.123342 0.0607 0.114966 0.3783
value = 0.100526982053
0.124136 0.05585 0.115192 0.373
value = 0.101486226011
0.125062 0.05198 0.115328 0.3702
value = 0.102294033991
0.1255 0.05046 0.115371 0.3693
value = 0.102617127539
0.125771 0.04965 0.115398 0.3688
value = 0.102794752143
0.125927 0.04916 0.115413 0.3685
value = 0.102901582844
0.126289 0.04814 0.115436 0.368
value = 0.103122213445
0.126486 0.04761 0.115453 0.3677
value = 0.103241104795
0.12654 0.04744 0.115459 0.3676
value = 0.103279586182
0.126588 0.04735 0.115456 0.3676
value = 0.103296281025
0.126611 0.04729 0.115465 0.3675
value = 0.103314267363
[0.0, 0.0, 0.0, 0.0, 0.0, 0.0, 0.0, 0.0, 0.0, 0.0, 0.0, 1.8e-05, 0.00085, 0.003759, 0.008482, 0.01447, 0.03797, 0.05861, 0.06215, 0.06184, 0.0607, 0.05585, 0.05198, 0.05046, 0.04965, 0.04916, 0.04814, 0.04761, 0.04744, 0.04735, 0.04729]
[0.009092, 0.05726, 0.1672, 0.2508, 0.3114, 0.3565, 0.4749, 0.5526, 0.5787, 0.5895, 0.594, 0.5775, 0.5292, 0.4965, 0.4745, 0.4591, 0.4135, 0.3928, 0.385, 0.3808, 0.3783, 0.373, 0.3702, 0.3693, 0.3688, 0.3685, 0.368, 0.3677, 0.3676, 0.3676, 0.3675]
0.378315 7.7e-05 0.378315 7.7e-05
value = 0.267509101925
0.249043 0.003162 0.249043 0.003162
value = 0.176099994107
0.174816 0.02402 0.174816 0.02402
value = 0.12361357906
0.150075 0.04927 0.150075 0.04927
value = 0.106119050187
0.137386 0.07174 0.137386 0.07174
value = 0.0971465722401
0.129779 0.09071 0.129779 0.09071
value = 0.0917676109556
0.115369 0.1503 0.115369 0.1503
value = 0.0815782022387
0.109568 0.1992 0.109568 0.1992
value = 0.077476275801
0.107963 0.2205 0.107963 0.2205
value = 0.0763413694172
0.10718 0.2328 0.10718 0.2328
value = 0.0757877048076
0.106817 0.241 0.106817 0.241
value = 0.075531025046
0.110849 0.2586 0.110849 0.2586
value = 0.0783820795877
0.108629 0.2513 0.108629 0.2513
value = 0.0768123025335
0.108364 0.243 0.108364 0.243
value = 0.0766249192365
0.108466 0.2371 0.108466 0.2371
value = 0.0766970441282
0.108644 0.233 0.108644 0.233
value = 0.0768229091352
0.136169 0.1967 0.136169 0.1967
value = 0.0962860232874
0.13536 0.1966 0.13536 0.1966
value = 0.0957139739014
0.13531 0.1964 0.13531 0.1964
value = 0.0956786185624
0.135327 0.1963 0.135327 0.1963
value = 0.0956906393776
0.135355 0.1962 0.135355 0.1962
value = 0.0957104383675
0.135445 0.196 0.135445 0.196
value = 0.0957740779778
0.135506 0.1959 0.135506 0.1959
value = 0.0958172114915
0.135524 0.1959 0.135524 0.1959
value = 0.0958299394135
0.135534 0.1959 0.135534 0.1959
value = 0.0958370104813
0.135557 0.1958 0.135557 0.1958
value = 0.0958532739373
0.135567 0.1958 0.135567 0.1958
value = 0.0958603450051
0.135574 0.1958 0.135574 0.1958
value = 0.0958652947526
0.135576 0.1958 0.135576 0.1958
value = 0.0958667089661
0.135576 0.1958 0.135576 0.1958
value = 0.0958667089661
0.135576 0.1958 0.135576 0.1958
value = 0.0958667089661
[7.7e-05, 0.003162, 0.02402, 0.04927, 0.07174, 0.09071, 0.1503, 0.1992, 0.2205, 0.2328, 0.241, 0.2586, 0.2513, 0.243, 0.2371, 0.233, 0.1967, 0.1966, 0.1964, 0.1963, 0.1962, 0.196, 0.1959, 0.1959, 0.1959, 0.1958, 0.1958, 0.1958, 0.1958, 0.1958, 0.1958]
[7.7e-05, 0.003162, 0.02402, 0.04927, 0.07174, 0.09071, 0.1503, 0.1992, 0.2205, 0.2328, 0.241, 0.2586, 0.2513, 0.243, 0.2371, 0.233, 0.1967, 0.1966, 0.1964, 0.1963, 0.1962, 0.196, 0.1959, 0.1959, 0.1959, 0.1958, 0.1958, 0.1958, 0.1958, 0.1958, 0.1958]
9999.0 0.0 0.367793 0.000402
value = 0.367793
9999.0 0.0 0.239427 0.008048
value = 0.239427
9999.0 0.0 0.163812 0.04441
value = 0.163812
9999.0 0.0 0.139091 0.08598
value = 0.139091
9999.0 0.0 0.128087 0.1228
value = 0.128087
9999.0 0.0 0.122104 0.1535
value = 0.122104
9999.0 0.0 0.112035 0.2427
value = 0.112035
9999.0 0.0 0.108161 0.307
value = 0.108161
9999.0 0.0 0.10729 0.3321
value = 0.10729
9999.0 0.0 0.107076 0.3438
value = 0.107076
9999.0 0.0 0.107063 0.3492
value = 0.107063
1.010706 2e-06 0.109881 0.3247
value = 0.109880323365
0.444303 0.000137 0.107495 0.316
value = 0.107448588863
0.315073 0.000778 0.10703 0.3075
value = 0.106762849897
0.283205 0.00201 0.106958 0.3017
value = 0.106266665693
0.278001 0.003605 0.107003 0.2978
value = 0.105775449558
0.19049 0.01031 0.126824 0.2787
value = 0.122488388391
0.168521 0.0171 0.126258 0.2725
value = 0.119218842333
0.163519 0.01918 0.126175 0.2703
value = 0.118312163983
0.162022 0.01994 0.126151 0.2692
value = 0.117981523893
0.161564 0.02026 0.126156 0.2685
value = 0.117851068589
0.162367 0.02049 0.126184 0.2671
value = 0.117763300708
0.163889 0.02037 0.126208 0.2664
value = 0.117819667045
0.164627 0.02029 0.12621 0.2662
value = 0.117849635144
0.165026 0.02024 0.12621 0.2661
value = 0.117867456575
0.165292 0.02021 0.126221 0.266
value = 0.117887433029
0.165878 0.02014 0.126218 0.2659
value = 0.117910891163
0.166144 0.02011 0.126228 0.2658
value = 0.117929955143
0.166285 0.02009 0.126225 0.2658
value = 0.117935259812
0.166286 0.02009 0.126223 0.2658
value = 0.117933416468
0.166378 0.02008 0.12622 0.2658
value = 0.117934830138
[0.0, 0.0, 0.0, 0.0, 0.0, 0.0, 0.0, 0.0, 0.0, 0.0, 0.0, 2e-06, 0.000137, 0.000778, 0.00201, 0.003605, 0.01031, 0.0171, 0.01918, 0.01994, 0.02026, 0.02049, 0.02037, 0.02029, 0.02024, 0.02021, 0.02014, 0.02011, 0.02009, 0.02009, 0.02008]
[0.000402, 0.008048, 0.04441, 0.08598, 0.1228, 0.1535, 0.2427, 0.307, 0.3321, 0.3438, 0.3492, 0.3247, 0.316, 0.3075, 0.3017, 0.2978, 0.2787, 0.2725, 0.2703, 0.2692, 0.2685, 0.2671, 0.2664, 0.2662, 0.2661, 0.266, 0.2659, 0.2658, 0.2658, 0.2658, 0.2658]
0.4043 0.044 0.4043 0.044
value = 0.285883271634
0.26133 0.1104 0.26133 0.1104
value = 0.184788215127
0.183515 0.1809 0.183515 0.1809
value = 0.129764700949
0.158895 0.2168 0.158895 0.2168
value = 0.112355731997
0.147387 0.2386 0.147387 0.2386
value = 0.104218347159
0.140595 0.2531 0.140595 0.2531
value = 0.0994156779009
0.126147 0.2834 0.126147 0.2834
value = 0.0891993991263
0.118117 0.2865 0.118117 0.2865
value = 0.0835213316734
0.115939 0.274 0.115939 0.274
value = 0.081981253104
0.115374 0.2595 0.115374 0.2595
value = 0.0815817377726
0.115431 0.246 0.115431 0.246
value = 0.0816220428591
0.130675 0.2132 0.130675 0.2132
value = 0.0924011786316
0.126732 0.1677 0.126732 0.1677
value = 0.0896130565933
0.126084 0.1458 0.126084 0.1458
value = 0.0891548513991
0.126125 0.1333 0.126125 0.1333
value = 0.0891838427772
0.126346 0.1253 0.126346 0.1253
value = 0.0893401133758
0.206665 0.131 0.206665 0.131
value = 0.146134222934
0.207805 0.1225 0.207805 0.1225
value = 0.146940324664
0.208396 0.1196 0.208396 0.1196
value = 0.147358224772
0.208785 0.1181 0.208785 0.1181
value = 0.14763328931
0.209031 0.1172 0.209031 0.1172
value = 0.147807237578
0.209403 0.1155 0.209403 0.1155
value = 0.148070281301
0.209675 0.1146 0.209675 0.1146
value = 0.148262614345
0.209761 0.1143 0.209761 0.1143
value = 0.148323425528
0.20988 0.1141 0.20988 0.1141
value = 0.148407571235
0.209779 0.1141 0.209779 0.1141
value = 0.148336153451
0.209861 0.1139 0.209861 0.1139
value = 0.148394136207
0.209902 0.1138 0.209902 0.1138
value = 0.148423127585
0.209873 0.1138 0.209873 0.1138
value = 0.148402621488
0.209994 0.1137 0.209994 0.1137
value = 0.148488181408
0.209987 0.1137 0.209987 0.1137
value = 0.148483231661
[0.044, 0.1104, 0.1809, 0.2168, 0.2386, 0.2531, 0.2834, 0.2865, 0.274, 0.2595, 0.246, 0.2132, 0.1677, 0.1458, 0.1333, 0.1253, 0.131, 0.1225, 0.1196, 0.1181, 0.1172, 0.1155, 0.1146, 0.1143, 0.1141, 0.1141, 0.1139, 0.1138, 0.1138, 0.1137, 0.1137]
[0.044, 0.1104, 0.1809, 0.2168, 0.2386, 0.2531, 0.2834, 0.2865, 0.274, 0.2595, 0.246, 0.2132, 0.1677, 0.1458, 0.1333, 0.1253, 0.131, 0.1225, 0.1196, 0.1181, 0.1172, 0.1155, 0.1146, 0.1143, 0.1141, 0.1141, 0.1139, 0.1138, 0.1138, 0.1137, 0.1137]
9999.0 0.0 0.250961 0.151
value = 0.250961
9999.0 0.0 0.179293 0.275
value = 0.179293
9999.0 0.0 0.139088 0.3802
value = 0.139088
9999.0 0.0 0.125637 0.4295
value = 0.125637
9999.0 0.0 0.119068 0.4592
value = 0.119068
9999.0 0.0 0.115297 0.4797
value = 0.115297
9999.0 0.0 0.109156 0.5285
value = 0.109156
9999.0 0.0 0.107711 0.5504
value = 0.107711
9999.0 0.0 0.107522 0.5487
value = 0.107522
9999.0 0.0 0.107619 0.5398
value = 0.107619
9999.0 0.0 0.107934 0.5279
value = 0.107934
0.313163 0.00012 0.111477 0.4824
value = 0.111449303512
0.210118 0.003111 0.111508 0.4062
value = 0.110671998037
0.184836 0.009802 0.111921 0.364
value = 0.109093880188
0.177375 0.01722 0.112322 0.3382
value = 0.10722496802
0.175362 0.02366 0.112667 0.3211
value = 0.105622803727
0.179702 0.0407 0.148194 0.2702
value = 0.130924721373
0.172319 0.04141 0.150083 0.2503
value = 0.13108051071
0.171538 0.03789 0.150879 0.2434
value = 0.132584436738
0.171676 0.03511 0.151344 0.2398
value = 0.133823519105
0.171936 0.03311 0.151615 0.2377
value = 0.134728187205
0.173008 0.02837 0.152231 0.2333
value = 0.137016268805
0.173985 0.02566 0.152517 0.2312
value = 0.138376646735
0.174444 0.02471 0.152648 0.2304
value = 0.13889407174
0.174714 0.02422 0.152681 0.2301
value = 0.139138970891
0.174876 0.02393 0.152738 0.2298
value = 0.139312585408
0.175199 0.02334 0.152791 0.2294
value = 0.139621665143
0.175369 0.02305 0.152816 0.2292
value = 0.139773686021
0.175411 0.02295 0.152836 0.2291
value = 0.13983489974
0.175451 0.0229 0.152832 0.2291
value = 0.139855475322
0.175459 0.02287 0.152858 0.229
value = 0.139888563282
[0.0, 0.0, 0.0, 0.0, 0.0, 0.0, 0.0, 0.0, 0.0, 0.0, 0.0, 0.00012, 0.003111, 0.009802, 0.01722, 0.02366, 0.0407, 0.04141, 0.03789, 0.03511, 0.03311, 0.02837, 0.02566, 0.02471, 0.02422, 0.02393, 0.02334, 0.02305, 0.02295, 0.0229, 0.02287]
[0.151, 0.275, 0.3802, 0.4295, 0.4592, 0.4797, 0.5285, 0.5504, 0.5487, 0.5398, 0.5279, 0.4824, 0.4062, 0.364, 0.3382, 0.3211, 0.2702, 0.2503, 0.2434, 0.2398, 0.2377, 0.2333, 0.2312, 0.2304, 0.2301, 0.2298, 0.2294, 0.2292, 0.2291, 0.2291, 0.229]
0.465025 0.004286 0.465025 0.004286
value = 0.328822330921
0.309369 0.02778 0.309369 0.02778
value = 0.218756917789
0.214959 0.07757 0.214959 0.07757
value = 0.151998966577
0.181821 0.1122 0.181821 0.1122
value = 0.128566862062
0.164521 0.1364 0.164521 0.1364
value = 0.116333914748
0.153857 0.1541 0.153857 0.1541
value = 0.108793328033
0.130895 0.2037 0.130895 0.2037
value = 0.0925567421234
0.11889 0.244 0.11889 0.244
value = 0.0840679252153
0.115505 0.2575 0.115505 0.2575
value = 0.081674368761
0.114259 0.2612 0.114259 0.2612
value = 0.0807933137116
0.113942 0.2613 0.113942 0.2613
value = 0.080569160862
0.13022 0.2134 0.13022 0.2134
value = 0.0920794450461
0.121599 0.1974 0.121599 0.1974
value = 0.0859834774855
0.119039 0.1872 0.119039 0.1872
value = 0.0841732841257
0.118206 0.181 0.118206 0.181
value = 0.0835842641769
0.11798 0.1769 0.11798 0.1769
value = 0.0834244580444
0.170857 0.1626 0.170857 0.1626
value = 0.120814143313
0.169086 0.1632 0.169086 0.1632
value = 0.119561857204
0.168674 0.1635 0.168674 0.1635
value = 0.11927052921
0.168546 0.1636 0.168546 0.1636
value = 0.119180019542
0.168526 0.1636 0.168526 0.1636
value = 0.119165877406
0.168392 0.1638 0.168392 0.1638
value = 0.119071125098
0.168404 0.1638 0.168404 0.1638
value = 0.119079610379
0.168413 0.1638 0.168413 0.1638
value = 0.11908597434
0.168353 0.1639 0.168353 0.1639
value = 0.119043547933
0.168356 0.1639 0.168356 0.1639
value = 0.119045669253
0.168362 0.1639 0.168362 0.1639
value = 0.119049911894
0.168365 0.1639 0.168365 0.1639
value = 0.119052033214
0.168364 0.1639 0.168364 0.1639
value = 0.119051326108
0.168369 0.1639 0.168369 0.1639
value = 0.119054861642
0.168369 0.1639 0.168369 0.1639
value = 0.119054861642
[0.004286, 0.02778, 0.07757, 0.1122, 0.1364, 0.1541, 0.2037, 0.244, 0.2575, 0.2612, 0.2613, 0.2134, 0.1974, 0.1872, 0.181, 0.1769, 0.1626, 0.1632, 0.1635, 0.1636, 0.1636, 0.1638, 0.1638, 0.1638, 0.1639, 0.1639, 0.1639, 0.1639, 0.1639, 0.1639, 0.1639]
[0.004286, 0.02778, 0.07757, 0.1122, 0.1364, 0.1541, 0.2037, 0.244, 0.2575, 0.2612, 0.2613, 0.2134, 0.1974, 0.1872, 0.181, 0.1769, 0.1626, 0.1632, 0.1635, 0.1636, 0.1636, 0.1638, 0.1638, 0.1638, 0.1639, 0.1639, 0.1639, 0.1639, 0.1639, 0.1639, 0.1639]
9999.0 0.0 0.370684 0.01005
value = 0.370684
9999.0 0.0 0.234606 0.05637
value = 0.234606
9999.0 0.0 0.162904 0.1527
value = 0.162904
9999.0 0.0 0.139644 0.2205
value = 0.139644
9999.0 0.0 0.128705 0.2676
value = 0.128705
9999.0 0.0 0.122582 0.3019
value = 0.122582
9999.0 0.0 0.111948 0.3914
value = 0.111948
9999.0 0.0 0.108105 0.4535
value = 0.108105
9999.0 0.0 0.107345 0.4752
value = 0.107345
9999.0 0.0 0.10716 0.4848
value = 0.10716
9999.0 0.0 0.107212 0.4895
value = 0.107212
1.002283 2.5e-05 0.110613 0.5052
value = 0.110607537667
0.642371 0.000338 0.109671 0.4714
value = 0.109593387269
0.371536 0.001457 0.109851 0.4501
value = 0.109503115502
0.319676 0.00369 0.1101 0.4367
value = 0.109210331634
0.306122 0.006662 0.110325 0.4276
value = 0.108733969261
0.216565 0.01218 0.130028 0.3921
value = 0.126279232786
0.189825 0.02257 0.130359 0.3793
value = 0.123498738116
0.186205 0.02574 0.130592 0.375
value = 0.122787801883
0.185716 0.02673 0.130746 0.3728
value = 0.122629709971
0.185877 0.02703 0.130843 0.3715
value = 0.122618483103
0.187277 0.02683 0.131078 0.3688
value = 0.122847095889
0.188594 0.02627 0.131194 0.3675
value = 0.123086262088
0.189136 0.02601 0.131229 0.3671
value = 0.123183572993
0.189415 0.02587 0.131267 0.3668
value = 0.123252200938
0.189627 0.02578 0.131273 0.3667
value = 0.123281185931
0.189964 0.0256 0.131307 0.3664
value = 0.123357249205
0.190166 0.0255 0.131314 0.3663
value = 0.123389836458
0.190198 0.02547 0.131308 0.3663
value = 0.123392452048
0.190265 0.02545 0.131328 0.3662
value = 0.123414970174
0.190256 0.02544 0.131325 0.3662
value = 0.123414785243
[0.0, 0.0, 0.0, 0.0, 0.0, 0.0, 0.0, 0.0, 0.0, 0.0, 0.0, 2.5e-05, 0.000338, 0.001457, 0.00369, 0.006662, 0.01218, 0.02257, 0.02574, 0.02673, 0.02703, 0.02683, 0.02627, 0.02601, 0.02587, 0.02578, 0.0256, 0.0255, 0.02547, 0.02545, 0.02544]
[0.01005, 0.05637, 0.1527, 0.2205, 0.2676, 0.3019, 0.3914, 0.4535, 0.4752, 0.4848, 0.4895, 0.5052, 0.4714, 0.4501, 0.4367, 0.4276, 0.3921, 0.3793, 0.375, 0.3728, 0.3715, 0.3688, 0.3675, 0.3671, 0.3668, 0.3667, 0.3664, 0.3663, 0.3663, 0.3662, 0.3662]
0.787503 0.07327 0.18268 0.1211
value = 0.317929359722
0.58619 0.1565 0.143625 0.1701
value = 0.29067983103
0.387011 0.2025 0.123597 0.1986
value = 0.204746745653
0.317082 0.2152 0.116989 0.2094
value = 0.170749514641
0.288217 0.2177 0.11379 0.2149
value = 0.155667063989
0.273122 0.2159 0.111948 0.2178
value = 0.147127382522
0.239729 0.1946 0.108787 0.2158
value = 0.127254443184
0.208821 0.163 0.10752 0.1958
value = 0.111544632126
0.198551 0.1429 0.107006 0.1788
value = 0.106375774572
0.196108 0.1281 0.106752 0.1658
value = 0.104560770993
0.196786 0.1163 0.106682 0.1556
value = 0.103980925165
0.311099 0.1655 0.116373 0.1527
value = 0.17117290159
0.2939 0.1432 0.115932 0.1239
value = 0.166492568146
0.291275 0.1346 0.116012 0.1127
value = 0.167117869111
0.290908 0.1301 0.116171 0.1067
value = 0.168181052282
0.291331 0.1272 0.116264 0.1031
value = 0.169117472536
0.977991 0.05555 0.169463 0.0947
value = 0.377025750604
0.97662 0.05688 0.16992 0.09028
value = 0.391610380949
0.97609 0.05731 0.170089 0.08881
value = 0.396546302516
0.976001 0.05751 0.170185 0.08807
value = 0.399069182898
0.975774 0.05764 0.170237 0.08763
value = 0.400553271437
0.975604 0.05788 0.17035 0.08675
value = 0.403579111123
0.975494 0.058 0.170412 0.08631
value = 0.405094511079
0.975446 0.05804 0.170433 0.08616
value = 0.405605338953
0.975439 0.05806 0.170448 0.08608
value = 0.405880975967
0.975462 0.05807 0.17045 0.08604
value = 0.40602840516
0.975489 0.05809 0.17047 0.08595
value = 0.406343704568
0.975345 0.05811 0.170462 0.08591
value = 0.406461993015
0.975414 0.05811 0.170479 0.08589
value = 0.40654201945
0.975448 0.05811 0.17047 0.08589
value = 0.406553961192
0.975465 0.05811 0.170473 0.08588
value = 0.406586325469
[0.07327, 0.1565, 0.2025, 0.2152, 0.2177, 0.2159, 0.1946, 0.163, 0.1429, 0.1281, 0.1163, 0.1655, 0.1432, 0.1346, 0.1301, 0.1272, 0.05555, 0.05688, 0.05731, 0.05751, 0.05764, 0.05788, 0.058, 0.05804, 0.05806, 0.05807, 0.05809, 0.05811, 0.05811, 0.05811, 0.05811]
[0.1211, 0.1701, 0.1986, 0.2094, 0.2149, 0.2178, 0.2158, 0.1958, 0.1788, 0.1658, 0.1556, 0.1527, 0.1239, 0.1127, 0.1067, 0.1031, 0.0947, 0.09028, 0.08881, 0.08807, 0.08763, 0.08675, 0.08631, 0.08616, 0.08608, 0.08604, 0.08595, 0.08591, 0.08589, 0.08589, 0.08588]
9999.0 0.0 0.127109 0.2017
value = 0.127109
0.0 0.0 0.114914 0.3101
value = 0.114914
1.005189 0.0 0.110098 0.3893
value = 0.110098
1.005189 0.0 0.108575 0.421
value = 0.108575
1.005189 0.0 0.107795 0.4375
value = 0.107795
1.005189 0.0 0.107319 0.4469
value = 0.107319
1.005189 0.0 0.106307 0.4584
value = 0.106307
1.005189 0.0 0.105889 0.4428
value = 0.105889
1.021227 1e-05 0.105895 0.4226
value = 0.105892497019
1.006526 0.000264 0.106019 0.4042
value = 0.105951836607
1.005241 0.001795 0.106194 0.3878
value = 0.105806144004
0.521423 0.004397 0.104619 0.3474
value = 0.103516752252
0.324552 0.01406 0.105054 0.2741
value = 0.101175130084
0.28517 0.02181 0.105328 0.2392
value = 0.0994245114606
0.277594 0.02662 0.105499 0.2196
value = 0.0987634228873
0.2781 0.02929 0.105618 0.2071
value = 0.0987391136601
0.316419 0.05898 0.121515 0.1702
value = 0.121551646224
0.313727 0.04707 0.121965 0.1574
value = 0.118452151285
0.314945 0.04058 0.122122 0.1531
value = 0.116933066525
0.316082 0.03686 0.122215 0.1509
value = 0.116181021456
0.31694 0.0345 0.122265 0.1496
value = 0.115752389286
0.319191 0.02955 0.122366 0.147
value = 0.115042321005
0.320594 0.027 0.122417 0.1457
value = 0.114798071929
0.321035 0.02615 0.122456 0.1452
value = 0.114752491678
0.321357 0.02572 0.122459 0.145
value = 0.114725727443
0.321543 0.02546 0.122453 0.1449
value = 0.114703781084
0.321844 0.02495 0.122477 0.1446
value = 0.114689462442
0.322042 0.02469 0.122474 0.1445
value = 0.114673600549
0.322041 0.02461 0.122493 0.1444
value = 0.114681964944
0.322156 0.02456 0.122486 0.1444
value = 0.114678330884
0.322118 0.02454 0.122482 0.1444
value = 0.114670964879
[0.0, 0.0, 0.0, 0.0, 0.0, 0.0, 0.0, 0.0, 1e-05, 0.000264, 0.001795, 0.004397, 0.01406, 0.02181, 0.02662, 0.02929, 0.05898, 0.04707, 0.04058, 0.03686, 0.0345, 0.02955, 0.027, 0.02615, 0.02572, 0.02546, 0.02495, 0.02469, 0.02461, 0.02456, 0.02454]
[0.2017, 0.3101, 0.3893, 0.421, 0.4375, 0.4469, 0.4584, 0.4428, 0.4226, 0.4042, 0.3878, 0.3474, 0.2741, 0.2392, 0.2196, 0.2071, 0.1702, 0.1574, 0.1531, 0.1509, 0.1496, 0.147, 0.1457, 0.1452, 0.145, 0.1449, 0.1446, 0.1445, 0.1444, 0.1444, 0.1444]
0.918641 0.07646 0.194698 0.02015
value = 0.72817273888
0.63124 0.123 0.144452 0.06564
value = 0.414648777689
0.372657 0.1761 0.121179 0.1259
value = 0.223095913836
0.286538 0.2085 0.11429 0.1581
value = 0.170256135441
0.247421 0.2284 0.110962 0.1781
value = 0.147273887544
0.224912 0.2417 0.109015 0.192
value = 0.134313044572
0.1781 0.2729 0.105566 0.2257
value = 0.108562725822
0.152676 0.2814 0.104685 0.2414
value = 0.0953408326057
0.145674 0.2726 0.10485 0.2409
value = 0.0916514388008
0.14338 0.2619 0.105209 0.2366
value = 0.0903761407317
0.143239 0.2521 0.105628 0.2317
value = 0.0901670189013
0.239138 0.1681 0.108119 0.2138
value = 0.121422967072
0.208524 0.1701 0.107036 0.1942
value = 0.112851832012
0.202334 0.1686 0.106816 0.1857
value = 0.111377987499
0.200829 0.1672 0.106764 0.1811
value = 0.111247299085
0.200537 0.1662 0.106762 0.1782
value = 0.11143128286
0.412685 0.2024 0.124637 0.1637
value = 0.234862745082
0.414176 0.197 0.124519 0.1606
value = 0.234920537173
0.414929 0.1951 0.12451 0.1596
value = 0.235004173834
0.415423 0.1941 0.124541 0.159
value = 0.235144438904
0.415511 0.1936 0.124544 0.1587
value = 0.235127823487
0.416116 0.1924 0.12456 0.1581
value = 0.235227209
0.41642 0.1918 0.12457 0.1578
value = 0.235276788915
0.416526 0.1916 0.124574 0.1577
value = 0.235295704521
0.416579 0.1915 0.124591 0.1576
value = 0.235336185741
0.416695 0.1914 0.124582 0.1576
value = 0.235348515331
0.416711 0.1913 0.124595 0.1575
value = 0.235368847065
0.416827 0.1912 0.124589 0.1575
value = 0.235381420112
0.416795 0.1912 0.124585 0.1575
value = 0.235363950697
0.41678 0.1912 0.124585 0.1575
value = 0.235355964404
0.416769 0.1912 0.124585 0.1575
value = 0.235350107799
[0.07646, 0.123, 0.1761, 0.2085, 0.2284, 0.2417, 0.2729, 0.2814, 0.2726, 0.2619, 0.2521, 0.1681, 0.1701, 0.1686, 0.1672, 0.1662, 0.2024, 0.197, 0.1951, 0.1941, 0.1936, 0.1924, 0.1918, 0.1916, 0.1915, 0.1914, 0.1913, 0.1912, 0.1912, 0.1912, 0.1912]
[0.02015, 0.06564, 0.1259, 0.1581, 0.1781, 0.192, 0.2257, 0.2414, 0.2409, 0.2366, 0.2317, 0.2138, 0.1942, 0.1857, 0.1811, 0.1782, 0.1637, 0.1606, 0.1596, 0.159, 0.1587, 0.1581, 0.1578, 0.1577, 0.1576, 0.1576, 0.1575, 0.1575, 0.1575, 0.1575, 0.1575]
9999.0 0.0 0.138388 0.04237
value = 0.138388
9999.0 0.0 0.117487 0.127
value = 0.117487
9999.0 0.0 0.109357 0.2349
value = 0.109357
9999.0 0.0 0.107349 0.2955
value = 0.107349
9999.0 0.0 0.106493 0.3344
value = 0.106493
9999.0 0.0 0.106023 0.3615
value = 0.106023
9999.0 0.0 0.105183 0.4262
value = 0.105183
9999.0 0.0 0.104857 0.4603
value = 0.104857
9999.0 0.0 0.10479 0.4655
value = 0.10479
9999.0 0.0 0.104777 0.463
value = 0.104777
9999.0 0.0 0.104784 0.458
value = 0.104784
0.751933 0.000176 0.106735 0.4397
value = 0.106692718153
0.503394 0.002437 0.106427 0.3996
value = 0.105825879878
0.43623 0.006003 0.106364 0.3785
value = 0.104924674842
0.414809 0.009144 0.10635 0.3661
value = 0.104249650845
0.407992 0.01139 0.106347 0.3581
value = 0.103833224056
0.584368 0.01222 0.109118 0.3379
value = 0.107266422692
0.574118 0.01133 0.10916 0.3301
value = 0.1072434297
0.573496 0.01026 0.109181 0.3275
value = 0.10728825009
0.573634 0.009585 0.109194 0.3262
value = 0.107333416317
0.574074 0.009137 0.109203 0.3254
value = 0.107371392907
0.575498 0.008167 0.109223 0.3238
value = 0.107472594279
0.576524 0.007655 0.109232 0.323
value = 0.107534699534
0.576872 0.007481 0.109237 0.3227
value = 0.107559081204
0.577081 0.007394 0.109238 0.3226
value = 0.107570327422
0.577265 0.007341 0.10924 0.3225
value = 0.107578667105
0.577548 0.007236 0.109244 0.3223
value = 0.107595203588
0.577608 0.007183 0.109247 0.3222
value = 0.107604397354
0.577691 0.007165 0.109245 0.3222
value = 0.107604855132
0.577732 0.007157 0.109245 0.3222
value = 0.107605934889
0.577747 0.007151 0.109245 0.3222
value = 0.107606705762
[0.0, 0.0, 0.0, 0.0, 0.0, 0.0, 0.0, 0.0, 0.0, 0.0, 0.0, 0.000176, 0.002437, 0.006003, 0.009144, 0.01139, 0.01222, 0.01133, 0.01026, 0.009585, 0.009137, 0.008167, 0.007655, 0.007481, 0.007394, 0.007341, 0.007236, 0.007183, 0.007165, 0.007157, 0.007151]
[0.04237, 0.127, 0.2349, 0.2955, 0.3344, 0.3615, 0.4262, 0.4603, 0.4655, 0.463, 0.458, 0.4397, 0.3996, 0.3785, 0.3661, 0.3581, 0.3379, 0.3301, 0.3275, 0.3262, 0.3254, 0.3238, 0.323, 0.3227, 0.3226, 0.3225, 0.3223, 0.3222, 0.3222, 0.3222, 0.3222]
