PDG	Ctau	CtauScaleFactor	EfficiencyOverAcceptance	StatError	RelativeStatError	PuUpEffic	PuDownEffic	TruncEffic	StatError	PuUpTruncEffic	PuDownTrunEffic	EfficiencyNeg	StatError	RelativeStatError	TrunEfficNeg	StatError
6001113	0.7	0.01		1.131e-59		0.000000		0.896047		0.000000		0.000000		0.0000		0.000000		0.000000		0.000000		0		0.000000		-1.000000		0		0.000000
6001113	1.4	0.02		1.215e-31		0.000000		0.605378		0.000000		0.000000		0.0000		0.000000		0.000000		0.000000		0		0.000000		-1.000000		0		0.000000
6001113	2.8	0.04		2.611e-17		0.000000		0.517152		0.000000		0.000000		0.0000		0.000000		0.000000		0.000000		0		0.000000		-1.000000		0		0.000000
6001113	4.2	0.06		1.747e-12		0.000000		0.503299		0.000000		0.000000		0.0000		0.000000		0.000000		0.000000		0		0.000000		-1.000000		0		0.000000
6001113	5.6	0.08		4.507e-10		0.000000		0.486110		0.000000		0.000000		0.0000		0.000000		0.000000		0.000000		0		0.000000		-1.000000		0		0.000000
6001113	7	0.1		1.262e-08		0.000000		0.461733		0.000000		0.000000		0.0000		0.000000		0.000000		0.000000		0		0.000000		-1.000000		0		0.000000
6001113	14	0.2		1.106e-05		0.000004		0.324537		0.000011		0.000011		0.0000		0.000004		0.000011		0.000011		0		0.000000		-1.000000		0		0.000000
6001113	28	0.4		0.0004403		0.000084		0.191307		0.000443		0.000441		0.0004		0.000084		0.000448		0.000436		0		0.000000		-1.000000		0		0.000000
6001113	42	0.6		0.001734		0.000257		0.148411		0.001745		0.001725		0.0017		0.000257		0.001765		0.001705		0		0.000000		-1.000000		0		0.000000
6001113	56	0.8		0.003634		0.000481		0.132486		0.003672		0.003602		0.0036		0.000481		0.003701		0.003544		0		0.000000		-1.000000		0		0.000000
6001113	70	1		0.005802		0.000742		0.127975		0.005890		0.005729		0.0057		0.000740		0.005896		0.005587		0		0.000000		-1.000000		0		0.000000
6001113	140	2		0.01535		0.002633		0.171512		0.015769		0.014996		0.0145		0.002154		0.015257		0.013860		0		0.000000		-1.000000		0		0.000000
6001113	280	4		0.02295		0.006363		0.277303		0.023552		0.022407		0.0222		0.004009		0.023736		0.020851		0		0.000000		-1.000000		0		0.000000
6001113	420	6		0.02493		0.008282		0.332242		0.025520		0.024393		0.0252		0.004918		0.027129		0.023532		0		0.000000		-1.000000		0		0.000000
6001113	560	8		0.02562		0.009312		0.363486		0.026178		0.025104		0.0268		0.005435		0.028905		0.024911		0		0.000000		-1.000000		0		0.000000
6001113	700	10		0.02591		0.009934		0.383376		0.026446		0.025417		0.0278		0.005766		0.029991		0.025745		0		0.000000		-1.000000		0		0.000000
6001113	1.4e+03	20		0.0262		0.011149		0.425500		0.026668		0.025763		0.0297		0.006471		0.032199		0.027420		0		0.000000		-1.000000		0		0.000000
6001113	2.8e+03	40		0.0262		0.011725		0.447598		0.026619		0.025789		0.0307		0.006846		0.033315		0.028256		0		0.000000		-1.000000		0		0.000000
6001113	4.2e+03	60		0.02617		0.011910		0.455098		0.026579		0.025776		0.0310		0.006974		0.033689		0.028535		0		0.000000		-1.000000		0		0.000000
6001113	5.6e+03	80		0.02615		0.012001		0.458870		0.026555		0.025766		0.0312		0.007038		0.033876		0.028674		0		0.000000		-1.000000		0		0.000000
6001113	7e+03	1e+02		0.02614		0.012055		0.461141		0.026539		0.025758		0.0313		0.007077		0.033988		0.028757		0		0.000000		-1.000000		0		0.000000
6002113	7	0.01		1.058e-09		0.000000		0.551781		0.000000		0.000000		0.0000		0.000000		0.000000		0.000000		0		0.000000		-1.000000		0		0.000000
6002113	14	0.02		4.63e-06		0.000002		0.370158		0.000005		0.000005		0.0000		0.000002		0.000005		0.000005		0		0.000000		-1.000000		0		0.000000
6002113	28	0.04		0.0003426		0.000083		0.242485		0.000338		0.000348		0.0003		0.000083		0.000341		0.000345		0		0.000000		-1.000000		0		0.000000
6002113	42	0.06		0.001593		0.000285		0.179134		0.001564		0.001627		0.0016		0.000285		0.001576		0.001614		0		0.000000		-1.000000		0		0.000000
6002113	56	0.08		0.003616		0.000519		0.143449		0.003542		0.003701		0.0036		0.000519		0.003568		0.003671		0		0.000000		-1.000000		0		0.000000
6002113	70	0.1		0.006069		0.000738		0.121548		0.005936		0.006216		0.0061		0.000738		0.005979		0.006164		0		0.000000		-1.000000		0		0.000000
6002113	140	0.2		0.01803		0.001452		0.080530		0.017621		0.018441		0.0180		0.001452		0.017768		0.018264		0		0.000000		-1.000000		0		0.000000
6002113	280	0.4		0.02897		0.001909		0.065893		0.028375		0.029530		0.0290		0.001909		0.028674		0.029181		0		0.000000		-1.000000		0		0.000000
6002113	420	0.6		0.03177		0.002010		0.063268		0.031148		0.032329		0.0318		0.002010		0.031519		0.031903		0		0.000000		-1.000000		0		0.000000
6002113	560	0.8		0.03245		0.002033		0.062638		0.031829		0.032990		0.0324		0.002033		0.032236		0.032528		0		0.000000		-1.000000		0		0.000000
6002113	700	1		0.03252		0.002034		0.062526		0.031914		0.033049		0.0325		0.002034		0.032340		0.032569		0		0.000000		-1.000000		0		0.000000
6002113	1.4e+03	2		0.03178		0.002002		0.062998		0.031206		0.032261		0.0318		0.002002		0.031660		0.031757		0		0.000000		-1.000000		0		0.000000
6002113	2.8e+03	4		0.03093		0.001968		0.063629		0.030376		0.031375		0.0309		0.001968		0.030835		0.030869		0		0.000000		-1.000000		0		0.000000
6002113	4.2e+03	6		0.03057		0.001954		0.063904		0.030027		0.031006		0.0306		0.001954		0.030486		0.030500		0		0.000000		-1.000000		0		0.000000
6002113	5.6e+03	8		0.03038		0.001946		0.064054		0.029839		0.030808		0.0304		0.001946		0.030299		0.030303		0		0.000000		-1.000000		0		0.000000
6002113	7e+03	10		0.03026		0.001941		0.064148		0.029722		0.030684		0.0303		0.001941		0.030182		0.030180		0		0.000000		-1.000000		0		0.000000
6002113	1.4e+04	20		0.03001		0.001931		0.064346		0.029478		0.030428		0.0300		0.001931		0.029938		0.029925		0		0.000000		-1.000000		0		0.000000
6002113	2.8e+04	40		0.02988		0.001926		0.064450		0.029352		0.030295		0.0299		0.001926		0.029811		0.029793		0		0.000000		-1.000000		0		0.000000
6002113	4.2e+04	60		0.02984		0.001924		0.064485		0.029309		0.030250		0.0298		0.001924		0.029768		0.029748		0		0.000000		-1.000000		0		0.000000
6002113	5.6e+04	80		0.02981		0.001923		0.064503		0.029288		0.030227		0.0298		0.001923		0.029747		0.029725		0		0.000000		-1.000000		0		0.000000
6002113	7e+04	1e+02		0.0298		0.001922		0.064514		0.029275		0.030214		0.0298		0.001922		0.029734		0.029712		0		0.000000		-1.000000		0		0.000000
6003113	70	0.01		0.008206		0.003054		0.372169		0.007854		0.008425		0.0082		0.003054		0.007859		0.008377		0		0.000000		-1.000000		0		0.000000
6003113	140	0.02		0.01982		0.004804		0.242373		0.019615		0.019805		0.0198		0.004804		0.019720		0.019606		0		0.000000		-1.000000		0		0.000000
6003113	280	0.04		0.03035		0.005258		0.173246		0.030341		0.030119		0.0304		0.005258		0.030508		0.029848		0		0.000000		-1.000000		0		0.000000
6003113	420	0.06		0.03342		0.005275		0.157848		0.033402		0.033191		0.0334		0.005275		0.033570		0.032920		0		0.000000		-1.000000		0		0.000000
6003113	560	0.08		0.03437		0.005243		0.152554		0.034322		0.034170		0.0344		0.005243		0.034483		0.033906		0		0.000000		-1.000000		0		0.000000
6003113	700	0.1		0.03465		0.005206		0.150235		0.034577		0.034479		0.0346		0.005206		0.034732		0.034220		0		0.000000		-1.000000		0		0.000000
6003113	1.4e+03	0.2		0.03439		0.005076		0.147609		0.034248		0.034293		0.0344		0.005076		0.034387		0.034046		0		0.000000		-1.000000		0		0.000000
6003113	2.8e+03	0.4		0.03379		0.004978		0.147315		0.033609		0.033737		0.0338		0.004978		0.033739		0.033497		0		0.000000		-1.000000		0		0.000000
6003113	4.2e+03	0.6		0.03352		0.004940		0.147367		0.033321		0.033478		0.0335		0.004940		0.033448		0.033241		0		0.000000		-1.000000		0		0.000000
6003113	5.6e+03	0.8		0.03337		0.004919		0.147420		0.033164		0.033335		0.0334		0.004919		0.033289		0.033099		0		0.000000		-1.000000		0		0.000000
6003113	7e+03	1		0.03327		0.004906		0.147462		0.033064		0.033244		0.0333		0.004906		0.033189		0.033009		0		0.000000		-1.000000		0		0.000000
6003113	1.4e+04	2		0.03307		0.004880		0.147564		0.032856		0.033053		0.0331		0.004880		0.032979		0.032819		0		0.000000		-1.000000		0		0.000000
6003113	2.8e+04	4		0.03297		0.004867		0.147625		0.032747		0.032952		0.0330		0.004867		0.032869		0.032719		0		0.000000		-1.000000		0		0.000000
6003113	4.2e+04	6		0.03293		0.004862		0.147647		0.032709		0.032918		0.0329		0.004862		0.032831		0.032685		0		0.000000		-1.000000		0		0.000000
6003113	5.6e+04	8		0.03291		0.004860		0.147658		0.032691		0.032901		0.0329		0.004860		0.032812		0.032668		0		0.000000		-1.000000		0		0.000000
6003113	7e+04	10		0.0329		0.004859		0.147665		0.032679		0.032890		0.0329		0.004859		0.032801		0.032658		0		0.000000		-1.000000		0		0.000000
6003113	1.4e+05	20		0.03288		0.004856		0.147679		0.032657		0.032870		0.0329		0.004856		0.032778		0.032637		0		0.000000		-1.000000		0		0.000000
6003113	2.8e+05	40		0.03287		0.004854		0.147686		0.032645		0.032859		0.0329		0.004854		0.032767		0.032627		0		0.000000		-1.000000		0		0.000000
6003113	4.2e+05	60		0.03287		0.004854		0.147688		0.032642		0.032855		0.0329		0.004854		0.032763		0.032623		0		0.000000		-1.000000		0		0.000000
6003113	5.6e+05	80		0.03286		0.004854		0.147689		0.032640		0.032854		0.0329		0.004854		0.032761		0.032621		0		0.000000		-1.000000		0		0.000000
6003113	7e+05	1e+02		0.03286		0.004854		0.147690		0.032639		0.032853		0.0329		0.004854		0.032760		0.032620		0		0.000000		-1.000000		0		0.000000
