PDG	Ctau	CtauScaleFactor	EfficiencyOverAcceptance	StatError	RelativeStatError	PuUpEffic	PuDownEffic	TruncEffic	StatError	PuUpTruncEffic	PuDownTrunEffic	EfficiencyNeg	StatError	RelativeStatError	TrunEfficNeg	StatError
6001113	1	0.01		3.8e-23		0.000000		1.087195		0.000000		0.000000		0.0000		0.000000		0.000000		0.000000		7.138e-99		0.000000		1.087195		7.138e-99		0.000000
6001113	2	0.02		1.928e-12		0.000000		1.030013		0.000000		0.000000		0.0000		0.000000		0.000000		0.000000		6.136e-50		0.000000		1.029981		6.136e-50		0.000000
6001113	4	0.04		2.101e-07		0.000000		1.007394		0.000000		0.000000		0.0000		0.000000		0.000000		0.000000		8.744e-26		0.000000		1.002820		8.744e-26		0.000000
6001113	6	0.06		7.092e-06		0.000007		1.003273		0.000008		0.000006		0.0000		0.000005		0.000008		0.000006		7.091e-18		0.000000		0.978039		7.091e-18		0.000000
6001113	8	0.08		3.494e-05		0.000035		1.000513		0.000039		0.000028		0.0000		0.000025		0.000040		0.000027		5.576e-14		0.000000		0.938367		5.576e-14		0.000000
6001113	10	0.1		8.261e-05		0.000082		0.994248		0.000092		0.000066		0.0001		0.000058		0.000093		0.000065		1.134e-11		0.000000		0.887133		1.134e-11		0.000000
6001113	20	0.2		0.0003589		0.000277		0.770781		0.000392		0.000299		0.0004		0.000196		0.000395		0.000296		3.667e-07		0.000000		0.648440		3.667e-07		0.000000
6001113	40	0.4		0.002796		0.000350		0.125060		0.002795		0.002783		0.0028		0.000247		0.002817		0.002758		4.95e-05		0.000023		0.460648		4.95e-05		0.000016
6001113	60	0.6		0.01024		0.000668		0.065220		0.010071		0.010450		0.0102		0.000472		0.010146		0.010336		0.0002382		0.000089		0.372817		0.0002382		0.000063
6001113	80	0.8		0.02131		0.001148		0.053853		0.020914		0.021821		0.0212		0.000811		0.021025		0.021491		0.0005214		0.000173		0.331266		0.0005217		0.000122
6001113	100	1		0.03369		0.001717		0.050945		0.033089		0.034508		0.0334		0.001210		0.033159		0.033793		0.0008429		0.000271		0.321528		0.000845		0.000192
6001113	200	2		0.07679		0.005496		0.071567		0.075623		0.078330		0.0766		0.003780		0.076899		0.076613		0.002217		0.001145		0.516716		0.00232		0.000805
6001113	400	4		0.08601		0.011789		0.137064		0.084752		0.087373		0.0925		0.008334		0.094037		0.091132		0.002845		0.002013		0.707574		0.003325		0.001289
6001113	600	6		0.08063		0.014625		0.181376		0.079456		0.081782		0.0908		0.010923		0.092791		0.088883		0.002789		0.002142		0.768039		0.003459		0.001183
6001113	800	8		0.07635		0.015887		0.208076		0.075232		0.077373		0.0882		0.012332		0.090387		0.086073		0.002697		0.002150		0.797259		0.003454		0.001024
6001113	1e+03	10		0.07337		0.016533		0.225328		0.072295		0.074317		0.0861		0.013171		0.088390		0.083880		0.002623		0.002136		0.814468		0.003427		0.000888
6001113	2e+03	20		0.06674		0.017487		0.262033		0.065754		0.067529		0.0808		0.014736		0.083271		0.078497		0.002439		0.002068		0.848136		0.003318		0.000515
6001113	4e+03	40		0.06319		0.017770		0.281214		0.062259		0.063910		0.0777		0.015420		0.080225		0.075388		0.002333		0.002017		0.864575		0.003238		0.000276
6001113	6e+03	60		0.06199		0.017834		0.287697		0.061074		0.062684		0.0767		0.015628		0.079149		0.074302		0.002296		0.001997		0.869992		0.003208		0.000188
6001113	8e+03	80		0.06139		0.017860		0.290951		0.060479		0.062069		0.0761		0.015728		0.078600		0.073750		0.002277		0.001987		0.872689		0.003192		0.000142
6001113	1e+04	1e+02		0.06102		0.017874		0.292908		0.060122		0.061699		0.0758		0.015787		0.078268		0.073417		0.002266		0.001981		0.874302		0.003183		0.000115
6002113	10	0.01		1.178e-08		0.000000		0.825001		0.000000		0.000000		0.0000		0.000000		0.000000		0.000000		1.981e-18		0.000000		1.073238		1.981e-18		0.000000
6002113	20	0.02		5.432e-05		0.000034		0.634857		0.000054		0.000053		0.0001		0.000024		0.000056		0.000052		4.747e-10		0.000000		1.025234		4.747e-10		0.000000
6002113	40	0.04		0.003249		0.001137		0.349839		0.003190		0.003238		0.0032		0.000804		0.003254		0.003198		3.989e-06		0.000004		0.902892		3.989e-06		0.000003
6002113	60	0.06		0.01348		0.002904		0.215428		0.013239		0.013563		0.0135		0.002054		0.013407		0.013470		6.424e-05		0.000049		0.764899		6.424e-05		0.000035
6002113	80	0.08		0.02792		0.004269		0.152901		0.027451		0.028174		0.0279		0.003019		0.027717		0.028023		0.0002345		0.000155		0.661266		0.0002345		0.000110
6002113	100	0.1		0.0431		0.005142		0.119290		0.042402		0.043549		0.0431		0.003636		0.042766		0.043306		0.0004829		0.000284		0.588094		0.0004829		0.000201
6002113	200	0.2		0.09831		0.005992		0.060948		0.096659		0.099660		0.0983		0.004237		0.097499		0.098798		0.001676		0.000666		0.397100		0.001676		0.000471
6002113	400	0.4		0.1289		0.004909		0.038096		0.126876		0.130529		0.1289		0.003471		0.128060		0.129178		0.002604		0.000692		0.265671		0.002604		0.000489
6002113	600	0.6		0.1271		0.004227		0.033262		0.125415		0.128402		0.1271		0.002989		0.126597		0.127027		0.002692		0.000642		0.238399		0.002692		0.000454
6002113	800	0.8		0.1209		0.003871		0.032017		0.119553		0.121933		0.1209		0.002737		0.120685		0.120602		0.002588		0.000604		0.233442		0.002588		0.000427
6002113	1e+03	1		0.1152		0.003672		0.031883		0.114028		0.115968		0.1152		0.002596		0.115112		0.114684		0.00246		0.000575		0.233594		0.00246		0.000405
6002113	2e+03	2		0.09878		0.003366		0.034075		0.098123		0.099101		0.0988		0.002380		0.099074		0.097950		0.002043		0.000492		0.240630		0.002043		0.000330
6002113	4e+03	4		0.0881		0.003324		0.037732		0.087682		0.088199		0.0881		0.002351		0.088542		0.087132		0.001758		0.000435		0.247220		0.001758		0.000239
6002113	6e+03	6		0.08418		0.003347		0.039757		0.083830		0.084206		0.0842		0.002367		0.084652		0.083170		0.001654		0.000413		0.249852		0.001654		0.000185
6002113	8e+03	8		0.08215		0.003368		0.040998		0.081834		0.082143		0.0822		0.002382		0.082636		0.081124		0.0016		0.000402		0.251255		0.0016		0.000150
6002113	1e+04	10		0.08091		0.003385		0.041830		0.080615		0.080885		0.0809		0.002393		0.081404		0.079876		0.001567		0.000395		0.252125		0.001567		0.000126
6002113	2e+04	20		0.07838		0.003427		0.043723		0.078126		0.078321		0.0784		0.002423		0.078888		0.077334		0.001501		0.000381		0.253936		0.001501		0.000070
6002113	4e+04	40		0.0771		0.003454		0.044799		0.076858		0.077017		0.0771		0.002442		0.077605		0.076041		0.001467		0.000374		0.254878		0.001467		0.000037
6002113	6e+04	60		0.07667		0.003464		0.045178		0.076431		0.076578		0.0767		0.002449		0.077173		0.075607		0.001456		0.000371		0.255198		0.001456		0.000025
6002113	8e+04	80		0.07645		0.003469		0.045372		0.076218		0.076359		0.0764		0.002453		0.076957		0.075389		0.00145		0.000370		0.255359		0.00145		0.000019
6002113	1e+05	1e+02		0.07632		0.003472		0.045490		0.076089		0.076226		0.0763		0.002455		0.076826		0.075258		0.001447		0.000370		0.255456		0.001447		0.000015
6003113	100	0.01		0.01414		0.011996		0.848533		0.015989		0.012935		0.0141		0.008482		0.017089		0.012164		0.002188		0.002273		1.038798		0.002188		0.001607
6003113	200	0.02		0.08082		0.041855		0.517900		0.092781		0.071978		0.0808		0.029596		0.093386		0.071241		0.01819		0.014975		0.823379		0.01819		0.010589
6003113	400	0.04		0.1172		0.035595		0.303712		0.133127		0.104450		0.1172		0.025170		0.131599		0.104985		0.02296		0.016893		0.735824		0.02296		0.011945
6003113	600	0.06		0.1172		0.027655		0.236012		0.130593		0.106060		0.1172		0.019555		0.129259		0.106676		0.01807		0.013076		0.723794		0.01807		0.009246
6003113	800	0.08		0.1135		0.023623		0.208195		0.124722		0.103963		0.1135		0.016704		0.123706		0.104528		0.01453		0.010466		0.720392		0.01453		0.007401
6003113	1e+03	0.1		0.1097		0.021404		0.195086		0.119471		0.101387		0.1097		0.015135		0.118708		0.101883		0.01225		0.008810		0.718934		0.01225		0.006230
6003113	2e+03	0.2		0.09768		0.017547		0.179642		0.104238		0.091945		0.0977		0.012408		0.104074		0.092199		0.007804		0.005595		0.716867		0.007804		0.003956
6003113	4e+03	0.4		0.08857		0.015772		0.178069		0.093575		0.084156		0.0886		0.011153		0.093695		0.084250		0.005797		0.004151		0.716109		0.005797		0.002935
6003113	6e+03	0.6		0.08492		0.015162		0.178533		0.089427		0.080934		0.0849		0.010721		0.089615		0.080979		0.005176		0.003705		0.715893		0.005176		0.002620
6003113	8e+03	0.8		0.08296		0.014847		0.178963		0.087223		0.079184		0.0830		0.010499		0.087436		0.079209		0.004875		0.003489		0.715794		0.004875		0.002466
6003113	1e+04	1		0.08174		0.014655		0.179287		0.085857		0.078088		0.0817		0.010363		0.086080		0.078101		0.004698		0.003362		0.715738		0.004698		0.002372
6003113	2e+04	2		0.07919		0.014261		0.180092		0.083018		0.075782		0.0792		0.010084		0.083253		0.075778		0.004351		0.003113		0.715637		0.004351		0.002092
6003113	4e+04	4		0.07785		0.014059		0.180578		0.081543		0.074571		0.0779		0.009941		0.081778		0.074561		0.004181		0.002992		0.715592		0.004181		0.001643
6003113	6e+04	6		0.0774		0.013990		0.180752		0.081043		0.074158		0.0774		0.009893		0.081277		0.074147		0.004125		0.002952		0.715579		0.004125		0.001319
6003113	8e+04	8		0.07717		0.013956		0.180842		0.080792		0.073950		0.0772		0.009868		0.081024		0.073938		0.004097		0.002932		0.715572		0.004097		0.001094
6003113	1e+05	10		0.07703		0.013935		0.180897		0.080640		0.073824		0.0770		0.009854		0.080872		0.073812		0.00408		0.002920		0.715568		0.00408		0.000931
6003113	2e+05	20		0.07676		0.013894		0.181008		0.080336		0.073572		0.0768		0.009825		0.080567		0.073559		0.004047		0.002896		0.715560		0.004047		0.000531
6003113	4e+05	40		0.07662		0.013873		0.181065		0.080183		0.073445		0.0766		0.009810		0.080413		0.073432		0.00403		0.002884		0.715557		0.00403		0.000284
6003113	6e+05	60		0.07657		0.013866		0.181084		0.080132		0.073403		0.0766		0.009805		0.080362		0.073390		0.004024		0.002880		0.715555		0.004024		0.000194
6003113	8e+05	80		0.07655		0.013863		0.181094		0.080107		0.073382		0.0766		0.009802		0.080336		0.073368		0.004022		0.002878		0.715555		0.004022		0.000147
6003113	1e+06	1e+02		0.07654		0.013861		0.181099		0.080092		0.073369		0.0765		0.009801		0.080321		0.073356		0.00402		0.002877		0.715554		0.00402		0.000118
