PDG	Ctau	CtauScaleFactor	EfficiencyOverAcceptance	StatError	RelativeStatError	PuUpEffic	PuDownEffic	TruncEffic	StatError	PuUpTruncEffic	PuDownTrunEffic	EfficiencyNeg	StatError	RelativeStatError	TrunEfficNeg	StatError
6001113	0.8	0.01		1.323e-62		0.000000		1.183534		0.000000		0.000000		0.0000		0.000000		0.000000		0.000000		7.53e-193		0.000000		0.000000		7.53e-193		0.000000
6001113	1.6	0.02		1.151e-31		0.000000		0.974233		0.000000		0.000000		0.0000		0.000000		0.000000		0.000000		3.249e-96		0.000000		1.074317		3.249e-96		0.000000
6001113	3.2	0.04		2.013e-16		0.000000		0.688453		0.000000		0.000000		0.0000		0.000000		0.000000		0.000000		2.996e-48		0.000000		1.015796		2.996e-48		0.000000
6001113	4.8	0.06		1.845e-11		0.000000		0.561689		0.000000		0.000000		0.0000		0.000000		0.000000		0.000000		1.897e-32		0.000000		1.005963		1.897e-32		0.000000
6001113	6.4	0.08		4.956e-09		0.000000		0.497108		0.000000		0.000000		0.0000		0.000000		0.000000		0.000000		1.258e-24		0.000000		1.003228		1.258e-24		0.000000
6001113	8	0.1		1.33e-07		0.000000		0.457765		0.000000		0.000000		0.0000		0.000000		0.000000		0.000000		5.62e-20		0.000000		1.002101		5.62e-20		0.000000
6001113	16	0.2		7.403e-05		0.000026		0.346681		0.000071		0.000076		0.0001		0.000018		0.000071		0.000076		7.032e-11		0.000000		1.000494		7.032e-11		0.000000
6001113	32	0.4		0.001796		0.000327		0.181919		0.001757		0.001841		0.0018		0.000231		0.001769		0.001826		1.302e-06		0.000001		0.966104		1.302e-06		0.000001
6001113	48	0.6		0.00663		0.000745		0.112375		0.006528		0.006784		0.0066		0.000527		0.006571		0.006717		2.833e-05		0.000024		0.835450		2.834e-05		0.000017
6001113	64	0.8		0.01419		0.001282		0.090376		0.014027		0.014470		0.0141		0.000906		0.014053		0.014268		0.0001312		0.000096		0.732701		0.0001313		0.000068
6001113	80	1		0.02329		0.001969		0.084540		0.023136		0.023601		0.0230		0.001386		0.022970		0.023135		0.0003263		0.000231		0.706997		0.000327		0.000163
6001113	160	2		0.06579		0.008167		0.124122		0.067616		0.063739		0.0637		0.005662		0.065156		0.062145		0.00163		0.001288		0.790393		0.001686		0.000895
6001113	320	4		0.1007		0.021198		0.210525		0.107040		0.092782		0.1014		0.015492		0.106422		0.094906		0.002596		0.002225		0.857141		0.002891		0.001359
6001113	480	6		0.1106		0.028386		0.256604		0.119076		0.099928		0.1149		0.021355		0.122038		0.105566		0.002761		0.002432		0.880592		0.003201		0.001256
6001113	640	8		0.1146		0.032487		0.283578		0.124088		0.102435		0.1213		0.024872		0.129669		0.110292		0.00279		0.002492		0.893042		0.003309		0.001099
6001113	800	10		0.1165		0.035075		0.301033		0.126674		0.103542		0.1249		0.027169		0.134095		0.112851		0.002788		0.002512		0.900833		0.003356		0.000961
6001113	1.6e+03	20		0.1194		0.040442		0.338679		0.130769		0.104812		0.1315		0.032166		0.142430		0.117214		0.002744		0.002517		0.917266		0.003404		0.000570
6001113	3.2e+03	40		0.1203		0.043169		0.358773		0.132239		0.104967		0.1344		0.034846		0.146267		0.118967		0.002702		0.002502		0.925946		0.003404		0.000309
6001113	4.8e+03	60		0.1205		0.044078		0.365643		0.132640		0.104948		0.1353		0.035764		0.147488		0.119484		0.002685		0.002494		0.928911		0.003401		0.000212
6001113	6.4e+03	80		0.1206		0.044532		0.369109		0.132824		0.104925		0.1357		0.036227		0.148088		0.119729		0.002676		0.002490		0.930407		0.003399		0.000161
6001113	8e+03	1e+02		0.1207		0.044803		0.371198		0.132930		0.104907		0.1360		0.036506		0.148444		0.119872		0.00267		0.002487		0.931309		0.003397		0.000130
6002113	8	0.01		9.331e-10		0.000000		1.071382		0.000000		0.000000		0.0000		0.000000		0.000000		0.000000		6.374e-20		0.000000		1.000756		6.374e-20		0.000000
6002113	16	0.02		1.049e-05		0.000010		0.974982		0.000009		0.000012		0.0000		0.000007		0.000010		0.000011		9.458e-11		0.000000		0.837638		9.458e-11		0.000000
6002113	32	0.04		0.001039		0.000636		0.612701		0.000934		0.001155		0.0010		0.000450		0.000978		0.001121		2.4e-06		0.000002		0.738772		2.4e-06		0.000001
6002113	48	0.06		0.005408		0.002067		0.382143		0.004943		0.005938		0.0054		0.001461		0.005116		0.005798		5.591e-05		0.000039		0.689345		5.591e-05		0.000027
6002113	64	0.08		0.01277		0.003445		0.269744		0.011838		0.013854		0.0128		0.002436		0.012158		0.013585		0.0002416		0.000155		0.640055		0.0002416		0.000109
6002113	80	0.1		0.0216		0.004478		0.207321		0.020270		0.023172		0.0216		0.003167		0.020723		0.022777		0.0005492		0.000324		0.590462		0.0005492		0.000229
6002113	160	0.2		0.0625		0.006067		0.097074		0.060884		0.064636		0.0625		0.004290		0.061786		0.063723		0.002356		0.000941		0.399613		0.002356		0.000666
6002113	320	0.4		0.1006		0.005517		0.054835		0.100010		0.101674		0.1006		0.003901		0.101272		0.100282		0.003818		0.001082		0.283439		0.003818		0.000765
6002113	480	0.6		0.1101		0.005115		0.046440		0.110078		0.110570		0.1101		0.003617		0.111381		0.109092		0.003936		0.001020		0.259245		0.003936		0.000722
6002113	640	0.8		0.1113		0.004934		0.044338		0.111501		0.111422		0.1113		0.003489		0.112771		0.109955		0.003844		0.000965		0.251093		0.003844		0.000682
6002113	800	1		0.1101		0.004841		0.043967		0.110489		0.110108		0.1101		0.003423		0.111713		0.108671		0.003749		0.000934		0.249180		0.003749		0.000659
6002113	1.6e+03	2		0.1024		0.004692		0.045825		0.103025		0.102215		0.1024		0.003318		0.104082		0.100911		0.003537		0.000962		0.272100		0.003537		0.000647
6002113	3.2e+03	4		0.09552		0.004635		0.048523		0.096209		0.095305		0.0955		0.003277		0.097135		0.094114		0.00346		0.001091		0.315441		0.00346		0.000600
6002113	4.8e+03	6		0.09276		0.004619		0.049792		0.093466		0.092551		0.0928		0.003266		0.094341		0.091406		0.003444		0.001160		0.336718		0.003444		0.000518
6002113	6.4e+03	8		0.0913		0.004612		0.050513		0.092009		0.091092		0.0913		0.003261		0.092855		0.089972		0.003437		0.001198		0.348658		0.003437		0.000447
6002113	8e+03	10		0.0904		0.004608		0.050975		0.091107		0.090191		0.0904		0.003258		0.091936		0.089085		0.003434		0.001223		0.356226		0.003434		0.000390
6002113	1.6e+04	20		0.08853		0.004601		0.051973		0.089243		0.088330		0.0885		0.003254		0.090037		0.087257		0.00343		0.001277		0.372241		0.00343		0.000234
6002113	3.2e+04	40		0.08757		0.004598		0.052512		0.088281		0.087371		0.0876		0.003252		0.089057		0.086315		0.003428		0.001305		0.380668		0.003428		0.000129
6002113	4.8e+04	60		0.08724		0.004598		0.052697		0.087956		0.087048		0.0872		0.003251		0.088726		0.085997		0.003428		0.001315		0.383537		0.003428		0.000088
6002113	6.4e+04	80		0.08708		0.004597		0.052791		0.087793		0.086885		0.0871		0.003251		0.088559		0.085837		0.003427		0.001319		0.384983		0.003427		0.000067
6002113	8e+04	1e+02		0.08698		0.004597		0.052848		0.087695		0.086787		0.0870		0.003250		0.088459		0.085741		0.003427		0.001322		0.385853		0.003427		0.000054
6003113	80	0.01		0.005542		0.005911		1.066656		0.005560		0.005168		0.0055		0.004180		0.005835		0.004955		0		0.000000		-1.000000		0		0.000000
6003113	160	0.02		0.02544		0.019708		0.774747		0.024497		0.025578		0.0254		0.013936		0.025551		0.024623		0		0.000000		-1.000000		0		0.000000
6003113	320	0.04		0.05729		0.025816		0.450649		0.053974		0.061049		0.0573		0.018255		0.056168		0.058748		0		0.000000		-1.000000		0		0.000000
6003113	480	0.06		0.07463		0.025488		0.341504		0.070761		0.079658		0.0746		0.018022		0.073293		0.076904		0		0.000000		-1.000000		0		0.000000
6003113	640	0.08		0.0835		0.024700		0.295789		0.079608		0.088728		0.0835		0.017465		0.082159		0.085918		0		0.000000		-1.000000		0		0.000000
6003113	800	0.1		0.08826		0.024093		0.272990		0.084429		0.093398		0.0883		0.017036		0.086934		0.090626		0		0.000000		-1.000000		0		0.000000
6003113	1.6e+03	0.2		0.0944		0.022893		0.242507		0.090839		0.098936		0.0944		0.016188		0.093205		0.096335		0		0.000000		-1.000000		0		0.000000
6003113	3.2e+03	0.4		0.09452		0.022415		0.237140		0.091124		0.098584		0.0945		0.015850		0.093481		0.096035		0		0.000000		-1.000000		0		0.000000
6003113	4.8e+03	0.6		0.09393		0.022270		0.237075		0.090593		0.097823		0.0939		0.015747		0.092970		0.095272		0		0.000000		-1.000000		0		0.000000
6003113	6.4e+03	0.8		0.09351		0.022197		0.237384		0.090193		0.097305		0.0935		0.015695		0.092585		0.094749		0		0.000000		-1.000000		0		0.000000
6003113	8e+03	1		0.0932		0.022152		0.237681		0.089908		0.096948		0.0932		0.015664		0.092310		0.094388		0		0.000000		-1.000000		0		0.000000
6003113	1.6e+04	2		0.09249		0.022062		0.238528		0.089233		0.096128		0.0925		0.015600		0.091661		0.093555		0		0.000000		-1.000000		0		0.000000
6003113	3.2e+04	4		0.09208		0.022015		0.239080		0.088842		0.095663		0.0921		0.015567		0.091284		0.093081		0		0.000000		-1.000000		0		0.000000
6003113	4.8e+04	6		0.09194		0.021999		0.239284		0.088703		0.095500		0.0919		0.015556		0.091151		0.092915		0		0.000000		-1.000000		0		0.000000
6003113	6.4e+04	8		0.09186		0.021991		0.239389		0.088632		0.095417		0.0919		0.015550		0.091083		0.092830		0		0.000000		-1.000000		0		0.000000
6003113	8e+04	10		0.09182		0.021986		0.239453		0.088589		0.095366		0.0918		0.015546		0.091041		0.092779		0		0.000000		-1.000000		0		0.000000
6003113	1.6e+05	20		0.09173		0.021976		0.239584		0.088502		0.095264		0.0917		0.015540		0.090957		0.092675		0		0.000000		-1.000000		0		0.000000
6003113	3.2e+05	40		0.09168		0.021971		0.239651		0.088458		0.095213		0.0917		0.015536		0.090915		0.092622		0		0.000000		-1.000000		0		0.000000
6003113	4.8e+05	60		0.09167		0.021970		0.239674		0.088443		0.095195		0.0917		0.015535		0.090901		0.092605		0		0.000000		-1.000000		0		0.000000
6003113	6.4e+05	80		0.09166		0.021969		0.239685		0.088436		0.095187		0.0917		0.015534		0.090893		0.092596		0		0.000000		-1.000000		0		0.000000
6003113	8e+05	1e+02		0.09165		0.021968		0.239692		0.088431		0.095182		0.0917		0.015534		0.090889		0.092591		0		0.000000		-1.000000		0		0.000000
