PDG	Ctau	CtauScaleFactor	EfficiencyOverAcceptance	StatError	RelativeStatError	PuUpEffic	PuDownEffic	TruncEffic	StatError	PuUpTruncEffic	PuDownTrunEffic	EfficiencyNeg	StatError	RelativeStatError	TrunEfficNeg	StatError
6001113	2	0.01		7.826e-25		0.000000		1.002201		0.000000		0.000000		0.0000		0.000000		0.000000		0.000000		0		0.000000		-1.000000		0		0.000000
6001113	4	0.02		7.186e-14		0.000000		0.969123		0.000000		0.000000		0.0000		0.000000		0.000000		0.000000		0		0.000000		-1.000000		0		0.000000
6001113	8	0.04		1.725e-08		0.000000		0.841354		0.000000		0.000000		0.0000		0.000000		0.000000		0.000000		0		0.000000		-1.000000		0		0.000000
6001113	12	0.06		9.97e-07		0.000001		0.738469		0.000001		0.000001		0.0000		0.000001		0.000001		0.000001		0		0.000000		-1.000000		0		0.000000
6001113	16	0.08		7.524e-06		0.000005		0.653785		0.000008		0.000007		0.0000		0.000005		0.000008		0.000007		0		0.000000		-1.000000		0		0.000000
6001113	20	0.1		2.609e-05		0.000015		0.569258		0.000028		0.000023		0.0000		0.000015		0.000028		0.000023		0		0.000000		-1.000000		0		0.000000
6001113	40	0.2		0.0005027		0.000126		0.250665		0.000519		0.000483		0.0005		0.000126		0.000524		0.000477		0		0.000000		-1.000000		0		0.000000
6001113	80	0.4		0.004782		0.000487		0.101871		0.004780		0.004821		0.0048		0.000487		0.004833		0.004758		0		0.000000		-1.000000		0		0.000000
6001113	120	0.6		0.01242		0.000955		0.076923		0.012354		0.012571		0.0124		0.000955		0.012504		0.012394		0		0.000000		-1.000000		0		0.000000
6001113	160	0.8		0.02055		0.001438		0.070012		0.020394		0.020799		0.0206		0.001439		0.020668		0.020498		0		0.000000		-1.000000		0		0.000000
6001113	200	1		0.02769		0.001890		0.068239		0.027443		0.028041		0.0277		0.001893		0.027871		0.027663		0		0.000000		-1.000000		0		0.000000
6001113	400	2		0.04548		0.003493		0.076801		0.044808		0.046198		0.0473		0.003583		0.047320		0.047312		0		0.000000		-1.000000		0		0.000000
6001113	800	4		0.0482		0.005177		0.107404		0.047254		0.049152		0.0567		0.005116		0.056432		0.056894		0		0.000000		-1.000000		0		0.000000
6001113	1.2e+03	6		0.04597		0.006104		0.132768		0.044979		0.046960		0.0589		0.005747		0.058546		0.059231		0		0.000000		-1.000000		0		0.000000
6001113	1.6e+03	8		0.04414		0.006614		0.149837		0.043139		0.045129		0.0598		0.006081		0.059348		0.060155		0		0.000000		-1.000000		0		0.000000
6001113	2e+03	10		0.04282		0.006917		0.161535		0.041822		0.043805		0.0602		0.006286		0.059740		0.060621		0		0.000000		-1.000000		0		0.000000
6001113	4e+03	20		0.03974		0.007473		0.188058		0.038760		0.040703		0.0608		0.006703		0.060310		0.061344		0		0.000000		-1.000000		0		0.000000
6001113	8e+03	40		0.03801		0.007706		0.202743		0.037048		0.038957		0.0610		0.006913		0.060486		0.061597		0		0.000000		-1.000000		0		0.000000
6001113	1.2e+04	60		0.03741		0.007774		0.207825		0.036455		0.038350		0.0611		0.006984		0.060528		0.061665		0		0.000000		-1.000000		0		0.000000
6001113	1.6e+04	80		0.0371		0.007807		0.210399		0.036155		0.038043		0.0611		0.007019		0.060546		0.061696		0		0.000000		-1.000000		0		0.000000
6001113	2e+04	1e+02		0.03692		0.007826		0.211954		0.035974		0.037858		0.0611		0.007040		0.060556		0.061713		0		0.000000		-1.000000		0		0.000000
6002113	20	0.01		2.248e-06		0.000001		0.325516		0.000003		0.000002		0.0000		0.000001		0.000003		0.000002		0		0.000000		-1.000000		0		0.000000
6002113	40	0.02		0.0003939		0.000089		0.225983		0.000410		0.000379		0.0004		0.000089		0.000413		0.000377		0		0.000000		-1.000000		0		0.000000
6002113	80	0.04		0.005632		0.000881		0.156460		0.005721		0.005507		0.0056		0.000881		0.005790		0.005452		0		0.000000		-1.000000		0		0.000000
6002113	120	0.06		0.01404		0.001745		0.124274		0.014215		0.013789		0.0140		0.001745		0.014394		0.013634		0		0.000000		-1.000000		0		0.000000
6002113	160	0.08		0.02211		0.002362		0.106814		0.022374		0.021773		0.0221		0.002362		0.022655		0.021519		0		0.000000		-1.000000		0		0.000000
6002113	200	0.1		0.02876		0.002769		0.096310		0.029091		0.028353		0.0288		0.002769		0.029455		0.028015		0		0.000000		-1.000000		0		0.000000
6002113	400	0.2		0.04368		0.003371		0.077162		0.044246		0.043128		0.0437		0.003371		0.044800		0.042586		0		0.000000		-1.000000		0		0.000000
6002113	800	0.4		0.04341		0.003075		0.070839		0.044050		0.042811		0.0434		0.003075		0.044605		0.042256		0		0.000000		-1.000000		0		0.000000
6002113	1.2e+03	0.6		0.03924		0.002744		0.069926		0.039850		0.038666		0.0392		0.002744		0.040349		0.038162		0		0.000000		-1.000000		0		0.000000
6002113	1.6e+03	0.8		0.03609		0.002519		0.069815		0.036669		0.035547		0.0361		0.002519		0.037125		0.035080		0		0.000000		-1.000000		0		0.000000
6002113	2e+03	1		0.03386		0.002366		0.069883		0.034414		0.033340		0.0339		0.002366		0.034840		0.032900		0		0.000000		-1.000000		0		0.000000
6002113	4e+03	2		0.02871		0.002021		0.070390		0.029199		0.028252		0.0287		0.002021		0.029563		0.027867		0		0.000000		-1.000000		0		0.000000
6002113	8e+03	4		0.02585		0.001833		0.070904		0.026299		0.025428		0.0258		0.001833		0.026633		0.025069		0		0.000000		-1.000000		0		0.000000
6002113	1.2e+04	6		0.02486		0.001769		0.071140		0.025298		0.024454		0.0249		0.001769		0.025624		0.024103		0		0.000000		-1.000000		0		0.000000
6002113	1.6e+04	8		0.02436		0.001737		0.071274		0.024792		0.023962		0.0244		0.001737		0.025114		0.023615		0		0.000000		-1.000000		0		0.000000
6002113	2e+04	10		0.02406		0.001717		0.071361		0.024487		0.023666		0.0241		0.001717		0.024806		0.023321		0		0.000000		-1.000000		0		0.000000
6002113	4e+04	20		0.02346		0.001679		0.071552		0.023873		0.023069		0.0235		0.001679		0.024188		0.022729		0		0.000000		-1.000000		0		0.000000
6002113	8e+04	40		0.02316		0.001659		0.071657		0.023565		0.022769		0.0232		0.001659		0.023877		0.022431		0		0.000000		-1.000000		0		0.000000
6002113	1.2e+05	60		0.02305		0.001653		0.071694		0.023462		0.022669		0.0231		0.001653		0.023773		0.022331		0		0.000000		-1.000000		0		0.000000
6002113	1.6e+05	80		0.023		0.001650		0.071713		0.023410		0.022619		0.0230		0.001650		0.023721		0.022282		0		0.000000		-1.000000		0		0.000000
6002113	2e+05	1e+02		0.02297		0.001648		0.071724		0.023379		0.022589		0.0230		0.001648		0.023690		0.022252		0		0.000000		-1.000000		0		0.000000
6003113	200	0.01		0.033		0.008825		0.267408		0.030064		0.035851		0.0330		0.008825		0.030960		0.035023		0		0.000000		-1.000000		0		0.000000
6003113	400	0.02		0.0524		0.011422		0.217955		0.048390		0.056338		0.0524		0.011422		0.049351		0.055460		0		0.000000		-1.000000		0		0.000000
6003113	800	0.04		0.05118		0.009986		0.195120		0.047758		0.054583		0.0512		0.009986		0.048441		0.053947		0		0.000000		-1.000000		0		0.000000
6003113	1.2e+03	0.06		0.0456		0.008653		0.189767		0.042718		0.048478		0.0456		0.008653		0.043258		0.047959		0		0.000000		-1.000000		0		0.000000
6003113	1.6e+03	0.08		0.04156		0.007807		0.187841		0.039021		0.044122		0.0416		0.007807		0.039488		0.043663		0		0.000000		-1.000000		0		0.000000
6003113	2e+03	0.1		0.03877		0.007249		0.186971		0.036448		0.041120		0.0388		0.007249		0.036870		0.040697		0		0.000000		-1.000000		0		0.000000
6003113	4e+03	0.2		0.0325		0.006043		0.185953		0.030629		0.034399		0.0325		0.006043		0.030965		0.034049		0		0.000000		-1.000000		0		0.000000
6003113	8e+03	0.4		0.02911		0.005409		0.185838		0.027466		0.030777		0.0291		0.005409		0.027763		0.030460		0		0.000000		-1.000000		0		0.000000
6003113	1.2e+04	0.6		0.02795		0.005195		0.185863		0.026387		0.029545		0.0279		0.005195		0.026671		0.029238		0		0.000000		-1.000000		0		0.000000
6003113	1.6e+04	0.8		0.02737		0.005087		0.185888		0.025844		0.028925		0.0274		0.005087		0.026122		0.028624		0		0.000000		-1.000000		0		0.000000
6003113	2e+04	1		0.02702		0.005023		0.185907		0.025516		0.028553		0.0270		0.005023		0.025791		0.028254		0		0.000000		-1.000000		0		0.000000
6003113	4e+04	2		0.02632		0.004894		0.185955		0.024860		0.027806		0.0263		0.004894		0.025128		0.027513		0		0.000000		-1.000000		0		0.000000
6003113	8e+04	4		0.02596		0.004829		0.185984		0.024531		0.027431		0.0260		0.004829		0.024796		0.027141		0		0.000000		-1.000000		0		0.000000
6003113	1.2e+05	6		0.02585		0.004807		0.185994		0.024421		0.027306		0.0258		0.004807		0.024685		0.027017		0		0.000000		-1.000000		0		0.000000
6003113	1.6e+05	8		0.02579		0.004797		0.185999		0.024366		0.027244		0.0258		0.004797		0.024629		0.026955		0		0.000000		-1.000000		0		0.000000
6003113	2e+05	10		0.02575		0.004790		0.186003		0.024333		0.027206		0.0258		0.004790		0.024596		0.026918		0		0.000000		-1.000000		0		0.000000
6003113	4e+05	20		0.02568		0.004777		0.186009		0.024267		0.027131		0.0257		0.004777		0.024529		0.026843		0		0.000000		-1.000000		0		0.000000
6003113	8e+05	40		0.02565		0.004771		0.186012		0.024234		0.027094		0.0256		0.004771		0.024496		0.026806		0		0.000000		-1.000000		0		0.000000
6003113	1.2e+06	60		0.02564		0.004769		0.186014		0.024224		0.027081		0.0256		0.004769		0.024485		0.026793		0		0.000000		-1.000000		0		0.000000
6003113	1.6e+06	80		0.02563		0.004767		0.186014		0.024218		0.027075		0.0256		0.004767		0.024479		0.026787		0		0.000000		-1.000000		0		0.000000
6003113	2e+06	1e+02		0.02563		0.004767		0.186014		0.024215		0.027071		0.0256		0.004767		0.024476		0.026783		0		0.000000		-1.000000		0		0.000000
