PDG	Ctau	CtauScaleFactor	EfficiencyOverAcceptance	StatError	RelativeStatError	PuUpEffic	PuDownEffic	TruncEffic	StatError	PuUpTruncEffic	PuDownTrunEffic	EfficiencyNeg	StatError	RelativeStatError	TrunEfficNeg	StatError
6001113	0.5	0.01		0.2017		0.014837		0.073575		0.198414		0.205826		0.2017		0.014837		0.203333		0.199512		0		0.000000		-1.000000		0		0.000000
6001113	1	0.02		0.3101		0.014294		0.046094		0.302792		0.318872		0.3101		0.014294		0.308828		0.310786		0		0.000000		-1.000000		0		0.000000
6001113	2	0.04		0.3893		0.011531		0.029621		0.379059		0.401580		0.3893		0.011531		0.385593		0.392698		0		0.000000		-1.000000		0		0.000000
6001113	3	0.06		0.421		0.009770		0.023203		0.409993		0.434436		0.4210		0.009770		0.416527		0.425606		0		0.000000		-1.000000		0		0.000000
6001113	4	0.08		0.4375		0.008599		0.019657		0.426086		0.451250		0.4375		0.008599		0.432546		0.442625		0		0.000000		-1.000000		0		0.000000
6001113	5	0.1		0.4469		0.007765		0.017374		0.435379		0.460808		0.4469		0.007765		0.441753		0.452410		0		0.000000		-1.000000		0		0.000000
6001113	10	0.2		0.4584		0.005665		0.012358		0.446822		0.471826		0.4584		0.005665		0.452810		0.464332		0		0.000000		-1.000000		0		0.000000
6001113	20	0.4		0.4428		0.004256		0.009612		0.431521		0.455217		0.4428		0.004256		0.436951		0.448704		0		0.000000		-1.000000		0		0.000000
6001113	30	0.6		0.4226		0.003705		0.008769		0.411595		0.434476		0.4226		0.003706		0.416621		0.428535		0		0.000000		-1.000000		0		0.000000
6001113	40	0.8		0.4042		0.003447		0.008528		0.393475		0.415808		0.4044		0.003448		0.398325		0.410348		0		0.000000		-1.000000		0		0.000000
6001113	50	1		0.3878		0.003343		0.008620		0.377267		0.399187		0.3884		0.003347		0.382341		0.394397		0		0.000000		-1.000000		0		0.000000
6001113	100	2		0.3267		0.004118		0.012604		0.316895		0.337248		0.3348		0.003849		0.328978		0.340586		0		0.000000		-1.000000		0		0.000000
6001113	200	4		0.2678		0.007031		0.026251		0.258966		0.277260		0.2916		0.005200		0.286184		0.296921		0		0.000000		-1.000000		0		0.000000
6001113	300	6		0.2428		0.008702		0.035836		0.234438		0.251670		0.2746		0.005901		0.269460		0.279773		0		0.000000		-1.000000		0		0.000000
6001113	400	8		0.2295		0.009636		0.041982		0.221415		0.238036		0.2658		0.006296		0.260745		0.270821		0		0.000000		-1.000000		0		0.000000
6001113	500	10		0.2214		0.010217		0.046153		0.213421		0.229651		0.2604		0.006545		0.255425		0.265352		0		0.000000		-1.000000		0		0.000000
6001113	1e+03	20		0.2047		0.011396		0.055662		0.197169		0.212566		0.2494		0.007071		0.244629		0.254245		0		0.000000		-1.000000		0		0.000000
6001113	2e+03	40		0.1964		0.011983		0.061029		0.188978		0.203935		0.2439		0.007346		0.239176		0.248629		0		0.000000		-1.000000		0		0.000000
6001113	3e+03	60		0.1936		0.012177		0.062912		0.186246		0.201054		0.2421		0.007439		0.237352		0.246751		0		0.000000		-1.000000		0		0.000000
6001113	4e+03	80		0.1922		0.012273		0.063871		0.184881		0.199613		0.2411		0.007486		0.236440		0.245811		0		0.000000		-1.000000		0		0.000000
6001113	5e+03	1e+02		0.1913		0.012331		0.064453		0.184062		0.198749		0.2406		0.007514		0.235892		0.245246		0		0.000000		-1.000000		0		0.000000
6002113	5	0.01		0.5011		0.024246		0.048382		0.488628		0.517153		0.5011		0.024246		0.497161		0.506779		0		0.000000		-1.000000		0		0.000000
6002113	10	0.02		0.506		0.017155		0.033902		0.496712		0.517460		0.5060		0.017155		0.503192		0.510126		0		0.000000		-1.000000		0		0.000000
6002113	20	0.04		0.4824		0.012235		0.025360		0.476164		0.489876		0.4824		0.012235		0.480624		0.485088		0		0.000000		-1.000000		0		0.000000
6002113	30	0.06		0.4581		0.010056		0.021951		0.452611		0.464364		0.4581		0.010056		0.456430		0.460341		0		0.000000		-1.000000		0		0.000000
6002113	40	0.08		0.4367		0.008760		0.020057		0.431412		0.442632		0.4367		0.008760		0.435019		0.438865		0		0.000000		-1.000000		0		0.000000
6002113	50	0.1		0.4178		0.007884		0.018870		0.412457		0.423587		0.4178		0.007884		0.415986		0.419919		0		0.000000		-1.000000		0		0.000000
6002113	100	0.2		0.3474		0.005815		0.016739		0.341864		0.353087		0.3474		0.005815		0.345158		0.349643		0		0.000000		-1.000000		0		0.000000
6002113	200	0.4		0.2741		0.004530		0.016529		0.268950		0.279339		0.2741		0.004530		0.271684		0.276407		0		0.000000		-1.000000		0		0.000000
6002113	300	0.6		0.2392		0.004038		0.016880		0.234479		0.244107		0.2392		0.004038		0.236864		0.241512		0		0.000000		-1.000000		0		0.000000
6002113	400	0.8		0.2196		0.003777		0.017202		0.215057		0.224167		0.2196		0.003777		0.217234		0.221781		0		0.000000		-1.000000		0		0.000000
6002113	500	1		0.2071		0.003615		0.017459		0.202736		0.211488		0.2071		0.003615		0.204778		0.209239		0		0.000000		-1.000000		0		0.000000
6002113	1e+03	2		0.1807		0.003282		0.018162		0.176774		0.184701		0.1807		0.003282		0.178530		0.182748		0		0.000000		-1.000000		0		0.000000
6002113	2e+03	4		0.1669		0.003112		0.018639		0.163261		0.170722		0.1669		0.003112		0.164868		0.168926		0		0.000000		-1.000000		0		0.000000
6002113	3e+03	6		0.1623		0.003055		0.018822		0.158698		0.165998		0.1623		0.003055		0.160256		0.164255		0		0.000000		-1.000000		0		0.000000
6002113	4e+03	8		0.16		0.003026		0.018919		0.156409		0.163626		0.1600		0.003026		0.157942		0.161909		0		0.000000		-1.000000		0		0.000000
6002113	5e+03	10		0.1586		0.003009		0.018978		0.155032		0.162199		0.1586		0.003009		0.156550		0.160499		0		0.000000		-1.000000		0		0.000000
6002113	1e+04	20		0.1558		0.002975		0.019102		0.152274		0.159341		0.1558		0.002975		0.153763		0.157672		0		0.000000		-1.000000		0		0.000000
6002113	2e+04	40		0.1544		0.002958		0.019166		0.150893		0.157909		0.1544		0.002958		0.152367		0.156256		0		0.000000		-1.000000		0		0.000000
6002113	3e+04	60		0.1539		0.002953		0.019188		0.150433		0.157431		0.1539		0.002953		0.151901		0.155784		0		0.000000		-1.000000		0		0.000000
6002113	4e+04	80		0.1537		0.002950		0.019199		0.150202		0.157192		0.1537		0.002950		0.151668		0.155548		0		0.000000		-1.000000		0		0.000000
6002113	5e+04	1e+02		0.1535		0.002948		0.019206		0.150064		0.157049		0.1535		0.002948		0.151528		0.155406		0		0.000000		-1.000000		0		0.000000
6003113	50	0.01		0.3756		0.024503		0.065243		0.366563		0.385354		0.3756		0.024503		0.368918		0.383607		0		0.000000		-1.000000		0		0.000000
6003113	100	0.02		0.3198		0.017467		0.054623		0.310235		0.330456		0.3198		0.017467		0.312314		0.328344		0		0.000000		-1.000000		0		0.000000
6003113	200	0.04		0.2555		0.013184		0.051591		0.246921		0.265143		0.2555		0.013184		0.248452		0.263396		0		0.000000		-1.000000		0		0.000000
6003113	300	0.06		0.224		0.011565		0.051621		0.216139		0.232735		0.2240		0.011565		0.217405		0.231217		0		0.000000		-1.000000		0		0.000000
6003113	400	0.08		0.206		0.010707		0.051966		0.198635		0.214183		0.2060		0.010707		0.199757		0.212795		0		0.000000		-1.000000		0		0.000000
6003113	500	0.1		0.1946		0.010176		0.052303		0.187478		0.202319		0.1946		0.010176		0.188509		0.201012		0		0.000000		-1.000000		0		0.000000
6003113	1e+03	0.2		0.1702		0.009076		0.053329		0.163840		0.177097		0.1702		0.009076		0.164685		0.175959		0		0.000000		-1.000000		0		0.000000
6003113	2e+03	0.4		0.1574		0.008508		0.054048		0.151472		0.163857		0.1574		0.008508		0.152223		0.162807		0		0.000000		-1.000000		0		0.000000
6003113	3e+03	0.6		0.1531		0.008316		0.054324		0.147286		0.159372		0.1531		0.008316		0.148006		0.158350		0		0.000000		-1.000000		0		0.000000
6003113	4e+03	0.8		0.1509		0.008220		0.054468		0.145184		0.157117		0.1509		0.008220		0.145888		0.156110		0		0.000000		-1.000000		0		0.000000
6003113	5e+03	1		0.1496		0.008162		0.054558		0.143919		0.155761		0.1496		0.008162		0.144614		0.154763		0		0.000000		-1.000000		0		0.000000
6003113	1e+04	2		0.147		0.008046		0.054741		0.141385		0.153042		0.1470		0.008046		0.142061		0.152062		0		0.000000		-1.000000		0		0.000000
6003113	2e+04	4		0.1457		0.007988		0.054836		0.140115		0.151679		0.1457		0.007988		0.140782		0.150707		0		0.000000		-1.000000		0		0.000000
6003113	3e+04	6		0.1452		0.007969		0.054868		0.139691		0.151224		0.1452		0.007969		0.140355		0.150256		0		0.000000		-1.000000		0		0.000000
6003113	4e+04	8		0.145		0.007959		0.054884		0.139479		0.150997		0.1450		0.007959		0.140141		0.150030		0		0.000000		-1.000000		0		0.000000
6003113	5e+04	10		0.1449		0.007953		0.054894		0.139352		0.150860		0.1449		0.007953		0.140013		0.149894		0		0.000000		-1.000000		0		0.000000
6003113	1e+05	20		0.1446		0.007942		0.054913		0.139098		0.150587		0.1446		0.007942		0.139757		0.149623		0		0.000000		-1.000000		0		0.000000
6003113	2e+05	40		0.1445		0.007936		0.054923		0.138970		0.150451		0.1445		0.007936		0.139629		0.149487		0		0.000000		-1.000000		0		0.000000
6003113	3e+05	60		0.1444		0.007934		0.054926		0.138928		0.150405		0.1444		0.007934		0.139586		0.149442		0		0.000000		-1.000000		0		0.000000
6003113	4e+05	80		0.1444		0.007933		0.054928		0.138907		0.150382		0.1444		0.007933		0.139565		0.149419		0		0.000000		-1.000000		0		0.000000
6003113	5e+05	1e+02		0.1444		0.007932		0.054929		0.138894		0.150369		0.1444		0.007932		0.139552		0.149406		0		0.000000		-1.000000		0		0.000000
