1 1.095596 1.133769 1.050051 0 181.0844 1.646306 6002113 13 0 129.3692 2.715669 6002113 13 1 173 411
1 1.062846 1.139449 0.9784784 0 106.6708 1.33004 6002113 13 1 24.07685 1.057367 6002113 13 1 177 168
1 1.191782 1.185832 1.16486 0 46.49273 4.56883 6002113 13 1 81.23531 3.237156 6002113 13 1 371 165
1 1.209625 1.112975 1.222657 1 62.00033 1.270518 6001113 13 0 50.19978 2.367442 6001113 13 1 440 31
1 0.6571895 0.3457574 1.000641 0 29.02856 1.317122 6001113 13 0 98.48135 1.388977 6001113 13 1 359 23
1 0.1707681 0.04642279 0.4356818 0 51.95101 1.196609 6002113 13 0 49.81457 1.408628 6002113 13 1 188 238
1 1.209625 1.112975 1.222657 1 56.17646 1.586868 6001113 13 0 59.34444 1.354013 6001113 13 1 198 459
1 1.209625 1.112975 1.222657 1 160.6943 1.597935 6002113 13 0 120.8669 1.503809 6002113 13 1 248 106
1 1.036252 1.095703 0.9699052 1 80.5857 1.181162 6001113 13 0 55.97302 2.58151 6001113 13 1 968 120
1 1.112575 1.233052 0.9981722 0 101.7111 1.302575 6002113 13 0 84.47425 3.41398 6002113 13 1 877 132
1 1.176288 1.010978 1.239274 0 37.57601 5.634379 6002113 13 0 207.5508 1.277372 6002113 13 1 599 444
1 0.07905591 0.01690496 0.2492307 0 25.08819 1.190051 6001113 13 0 85.59296 1.732203 6001113 13 1 794 80
1 1.062846 1.139449 0.9784784 1 126.0472 1.218004 6002113 13 1 108.8972 1.11352 6002113 13 1 560 62
1 1.566869 2.206142 1.088645 1 65.93536 1.604944 6002113 13 0 121.6295 1.239305 6002113 13 1 570 147
1 1.199428 1.046014 1.251733 1 157.5406 1.224936 6002113 13 0 175.4061 1.181796 6002113 13 1 573 148
