1 1.812285 2.096335 1.505211 0 24.91626 4.808302 6002113 11 1 36.80185 1.813875 6002113 13 1 378 329
1 1.190567 1.223018 1.152597 1 55.94848 1.032723 6002113 13 1 8.302538 1.135149 6002113 11 1 379 345
1 1.152501 1.258655 1.04415 1 20.67045 2.206289 6002113 13 1 80.86888 1.863136 6002113 11 1 380 355
1 1.173319 1.196671 1.139395 1 15.8633 1.067155 6002113 13 0 20.66101 1.600877 6002113 11 1 381 378
1 1.209625 1.112975 1.222657 0 40.75712 3.046001 6002113 11 0 53.82653 1.110363 6002113 13 1 382 355
1 0.4269872 0.7264097 0.2541938 1 57.25146 1.361914 6002113 11 1 47.33414 1.090491 6002113 13 1 382 396
1 1.151918 0.9752633 1.225726 0 91.08641 1.630324 6002113 11 1 60.98597 1.149648 6002113 13 1 383 368
1 1.026751 0.7444853 1.219196 0 177.8292 1.084029 6002113 11 1 63.92149 2.018752 6002113 13 1 385 461
1 1.033406 1.101364 0.958024 1 15.11897 1.090922 6003113 13 0 1429.435 1.408976 6003113 11 1 386 47
1 1.062846 1.139449 0.9784784 1 19.54555 1.096215 6001113 13 1 10.06642 2.498531 6001113 11 1 386 456
1 1.191782 1.185832 1.16486 0 380.6927 4.266384 6003113 11 1 56.14404 1.157812 6003113 13 1 574 356
1 0.01536516 0.002346602 0.07345495 1 23.12379 1.452868 6002113 11 1 42.22881 1.278431 6002113 13 1 754 383
1 1.048997 1.136673 0.9559695 1 59.16215 1.088731 6002113 13 0 143.1324 1.4789 6002113 11 1 757 92
1 1.031225 1.102163 0.9526981 1 18.5714 1.288725 6001113 13 1 10.02369 2.158498 6001113 11 1 762 316
1 0.8748782 0.5617447 1.136825 1 80.06535 1.972234 6002113 11 1 52.02923 1.086558 6002113 13 1 762 451
1 0.2539062 0.08544197 0.5475258 1 31.42164 1.1367 6002113 13 1 36.07819 1.396654 6002113 11 1 871 36
1 1.194803 1.137859 1.187115 0 42.18729 2.111368 6002113 13 1 48.61451 1.047315 6002113 11 1 871 459
1 1.49586 1.706142 1.278772 0 93.66226 1.022332 6003113 11 1 55.05962 1.247945 6003113 13 1 874 354
1 1.033406 1.101364 0.958024 0 9.382788 1.289102 6002113 11 1 42.61137 1.110133 6002113 13 1 876 281
1 1.145385 0.9245803 1.259718 1 28.55138 1.083766 6002113 11 1 12.97149 1.60499 6002113 13 1 591 433
1 1.063672 0.7860307 1.245813 1 16.78108 1.969875 6001113 13 0 3.125596 4.845819 6001113 11 1 592 287
1 1.050919 0.8056091 1.198818 0 25.84828 1.590291 6002113 11 0 69.62549 1.381044 6002113 13 1 592 378
1 1.645109 2.1548 1.183545 0 245.6679 1.546625 6002113 11 1 32.62447 1.030892 6002113 13 1 593 464
1 0.001285395 0.0002506105 0.007472713 1 23.82912 3.32715 6001113 13 0 0.1681681 2.920111 6001113 11 1 597 95
1 1.26516 1.422013 1.117256 1 31.26583 1.453394 6002113 11 0 39.27356 1.823604 6002113 13 1 598 424
1 1.209625 1.112975 1.222657 0 55.94609 1.064746 6002113 11 1 42.68366 1.034268 6002113 13 1 598 426
1 1.705086 2.017803 1.363962 1 48.01562 1.032222 6003113 13 0 265.2291 3.475024 6003113 11 1 768 223
1 1.145385 0.9245803 1.259718 0 549.5157 1.706646 6003113 11 0 39.42417 1.353282 6003113 13 1 772 60
1 1.083255 0.8452013 1.220206 1 44.46796 1.3195 6002113 13 0 65.2151 2.43852 6002113 11 1 773 213
1 1.036252 1.095703 0.9699052 1 29.58183 1.157364 6002113 13 0 62.42308 1.713765 6002113 11 1 774 133
1 1.152971 1.190243 1.109341 0 75.18904 1.68496 6002113 11 1 12.75555 2.634222 6002113 13 1 776 371
1 0.203907 0.4107535 0.09737417 1 13.39951 2.105491 6002113 13 1 6.187096 1.228046 6002113 11 1 779 366
1 0.1527629 0.0402692 0.399808 1 29.49852 1.203778 6001113 13 0 11.53719 1.576331 6001113 11 1 780 248
1 1.152971 1.190243 1.109341 0 67.71325 1.514364 6002113 11 1 36.60033 1.73013 6002113 13 1 782 255
1 1.194803 1.137859 1.187115 1 76.73855 2.971574 6002113 11 1 26.3986 1.322762 6002113 13 1 782 448
1 1.761918 2.058838 1.43754 0 56.96132 1.107902 6002113 11 1 38.30967 1.228004 6002113 13 1 783 1
1 1.034916 1.100018 0.9626585 0 20.05219 2.613631 6002113 11 1 64.55917 1.027332 6002113 13 1 785 370
1 1.179161 1.206147 1.144075 1 31.54873 1.228696 6001113 13 0 12.85501 1.020626 6001113 11 1 604 489
1 1.173319 1.196671 1.139395 0 122.5935 2.031446 6002113 11 0 43.96232 2.494695 6002113 13 1 676 144
1 1.225386 1.141194 1.230719 1 46.14236 1.184783 6003113 13 0 992.8552 1.446783 6003113 11 1 678 200
1 1.134034 1.248093 1.022271 1 48.38165 1.1257 6002113 13 1 96.69727 1.147562 6002113 11 1 953 383
1 1.56971 1.920896 1.202337 1 58.95937 1.279103 6002113 13 1 38.19051 1.223293 6002113 11 1 954 414
1 1.152971 1.190243 1.109341 0 33.37149 1.106528 6002113 11 0 32.98465 1.260543 6002113 13 1 955 227
1 1.152971 1.190243 1.109341 0 3.343578 1.245295 6001113 11 1 19.88885 1.018903 6001113 13 1 955 282
1 0.3767309 0.1505117 0.7131262 1 25.51929 1.120722 6001113 13 0 1.360781 1.510173 6001113 11 1 956 109
1 1.206555 1.21522 1.17542 0 46.15207 1.032298 6002113 11 1 37.30189 1.158413 6002113 13 1 958 85
1 1.190567 1.223018 1.152597 1 11.68079 2.042536 6001113 13 0 1.154035 3.976192 6001113 11 1 961 326
1 0.747205 0.4303799 1.057145 0 52.54926 1.263903 6002113 11 1 12.75341 1.035653 6002113 13 1 963 87
1 1.036252 1.095703 0.9699052 0 187.5374 1.135749 6002113 11 1 42.89676 1.925393 6002113 13 1 964 25
1 1.1849 1.214892 1.148506 1 14.26793 1.184104 6002113 13 1 102.4341 1.028229 6002113 11 1 967 49
1 1.054444 1.13827 0.9640688 0 90.94788 2.739911 6002113 11 1 40.94303 1.089674 6002113 13 1 681 166
1 1.151918 0.9752633 1.225726 1 38.82534 1.189742 6002113 13 0 72.62518 2.019122 6002113 11 1 682 68
1 0.06482654 0.01276116 0.2218368 0 120.6164 1.348837 6002113 11 0 68.18775 1.198882 6002113 13 1 683 179
1 1.10316 1.145079 1.05266 1 52.98458 1.624833 6002113 11 1 18.36686 1.519625 6002113 13 1 685 130
1 1.183608 1.169262 1.159476 0 354.5377 1.030685 6003113 11 1 33.9701 1.018322 6003113 13 1 687 500
1 1.206555 1.21522 1.17542 0 26.30543 2.269066 6002113 13 0 18.41929 2.787996 6002113 11 1 689 409
1 0.1610681 0.04515641 0.4007308 0 50.94407 2.059165 6002113 13 0 26.29096 1.623526 6002113 11 1 690 187
1 1.017868 0.7662661 1.176325 1 70.64305 1.106938 6002113 13 0 1.241242 1.025493 6002113 11 1 692 381
1 0.4903168 0.2233237 0.8385035 1 26.21472 1.245082 6001113 13 1 0.3330828 1.553282 6001113 11 1 696 395
1 1.152501 1.258655 1.04415 1 34.56892 1.108128 6002113 13 0 23.48927 1.142895 6002113 11 1 697 491
1 1.213336 1.227995 1.180605 1 29.51406 2.807605 6001113 13 0 4.071841 3.612181 6001113 11 1 969 184
1 1.1849 1.214892 1.148506 0 1.57566 1.247423 6002113 11 1 47.83508 1.208998 6002113 13 1 973 374
1 1.194803 1.137859 1.187115 0 124.3694 1.275689 6002113 11 1 45.59959 1.659817 6002113 13 1 974 125
1 1.1849 1.214892 1.148506 1 67.03934 1.031676 6002113 13 0 60.09952 1.973613 6002113 11 1 975 389
1 1.109295 1.155893 1.053631 1 51.95346 1.157845 6002113 11 1 52.11705 2.880705 6002113 13 1 980 172
1 0.3459568 0.1344595 0.6687537 1 46.98488 1.090794 6002113 13 0 176.401 1.550313 6002113 11 1 700 18
1 1.095596 1.133769 1.050051 1 4.173903 1.158643 6001113 11 1 22.8977 1.77001 6001113 13 1 701 107
1 0.02071812 0.003240969 0.0945363 0 28.44723 4.10004 6002113 11 0 103.0789 1.511686 6002113 13 1 701 426
1 1.227292 1.202911 1.205555 0 11.49956 1.475923 6002113 11 1 39.21113 1.252296 6002113 13 1 702 28
1 0.4269872 0.7264097 0.2541938 1 20.66237 1.332742 6002113 11 0 38.06546 1.032173 6002113 13 1 712 497
1 1.182032 1.113501 1.180358 1 25.93889 1.005283 6002113 13 0 13.42386 1.04271 6002113 11 1 713 266
1 1.225386 1.141194 1.230719 0 11.73974 3.986279 6001113 11 1 17.15751 2.333273 6001113 13 1 27 293
1 1.095596 1.133769 1.050051 0 249.1166 1.307042 6002113 11 1 74.47953 1.115562 6002113 13 1 29 105
1 1.026751 0.7444853 1.219196 0 100.5005 1.042519 6002113 11 1 82.83159 1.092473 6002113 13 1 30 124
1 0.4903168 0.2233237 0.8385035 0 1239.729 1.023882 6003113 11 1 44.68135 1.031999 6003113 13 1 31 13
1 0.9894024 0.7036328 1.19152 1 42.67766 1.168828 6002113 13 0 36.95147 1.091964 6002113 11 1 31 259
1 1.123647 1.241142 1.010512 0 127.0285 1.822505 6002113 11 1 21.61355 1.048134 6002113 13 1 31 436
1 0.3355998 0.123277 0.6770892 0 7.582761 1.018834 6002113 11 0 33.80057 1.142446 6002113 13 1 303 92
1 1.183608 1.169262 1.159476 1 54.66612 1.793251 6002113 11 1 37.58246 1.023759 6002113 13 1 304 418
1 1.46424 1.680344 1.235249 1 47.47237 1.05341 6002113 13 1 86.22505 2.509972 6002113 11 1 305 60
1 1.059052 1.139164 0.9715886 1 39.49554 2.105596 6002113 13 1 18.55774 1.834524 6002113 11 1 305 73
1 0.1014541 0.02299071 0.3029553 1 40.84517 1.149958 6002113 11 1 17.84682 1.080651 6002113 13 1 308 470
1 1.761918 2.058838 1.43754 1 41.06492 1.260921 6002113 13 1 27.41138 1.061339 6002113 11 1 309 218
1 0.5179346 0.9281273 0.2807825 1 60.11629 1.02271 6002113 13 1 7.107078 1.030064 6002113 11 1 172 487
1 1.191782 1.185832 1.16486 1 19.60748 1.206255 6002113 13 0 42.89615 1.099133 6002113 11 1 173 445
1 0.4205023 0.1819855 0.7484848 1 16.47812 1.234717 6002113 13 0 113.6552 1.264558 6002113 11 1 174 53
1 1.057513 1.112379 0.9951048 1 24.72338 1.160377 6002113 13 0 134.0072 1.329232 6002113 11 1 174 140
1 0.1214868 0.03012302 0.3349064 1 51.37361 2.381072 6002113 13 0 5.304708 3.68368 6002113 11 1 174 212
1 0.5279956 0.2465533 0.8852676 1 38.26673 1.787737 6001113 13 0 24.57505 4.522332 6001113 11 1 447 78
1 1.152501 1.258655 1.04415 1 23.55734 1.921463 6002113 13 0 52.57111 1.075841 6002113 11 1 447 189
1 1.761918 2.058838 1.43754 0 33.31981 2.282742 6002113 13 1 52.01112 1.062377 6002113 11 1 448 20
1 0.02402195 0.003812468 0.1069883 0 3.640248 1.139095 6002113 11 1 15.16364 1.02267 6002113 13 1 449 421
1 1.56971 1.920896 1.202337 0 89.72679 6.650674 6002113 11 1 39.77292 1.016111 6002113 13 1 450 82
1 1.405111 1.934095 0.9833891 1 54.43139 1.040382 6002113 13 0 94.04057 1.747252 6002113 11 1 451 77
1 1.183608 1.169262 1.159476 0 204.041 1.141177 6002113 11 1 35.14109 1.078463 6002113 13 1 451 313
1 1.053247 1.09991 0.9980844 1 65.71465 1.070494 6002113 11 0 57.44923 1.150389 6002113 13 1 451 338
1 1.057513 1.112379 0.9951048 1 50.92143 1.039893 6002113 13 0 4.499158 2.969347 6002113 11 1 452 280
1 1.112575 1.233052 0.9981722 0 53.28633 1.314588 6002113 13 0 31.13414 5.00319 6002113 11 1 453 19
1 0.747205 0.4303799 1.057145 0 33.10493 2.091053 6002113 11 1 51.59719 1.01993 6002113 13 1 455 43
1 1.099696 0.9023142 1.195627 0 56.02556 1.050211 6002113 11 1 35.37408 1.036608 6002113 13 1 316 167
1 1.053247 1.09991 0.9980844 1 43.98356 1.189031 6003113 13 0 630.6713 1.081913 6003113 11 1 317 66
1 0.3459568 0.1344595 0.6687537 1 85.31249 1.421457 6002113 11 1 36.15479 1.045981 6002113 13 1 318 321
1 0.4205023 0.1819855 0.7484848 1 33.86531 1.575555 6002113 11 1 51.41218 1.020206 6002113 13 1 32 129
1 1.761918 2.058838 1.43754 1 66.85588 1.05296 6002113 13 0 55.96245 1.863773 6002113 11 1 35 460
1 1.566869 2.206142 1.088645 1 41.48685 1.012949 6003113 13 0 726.2449 2.477059 6003113 11 1 37 87
1 1.057513 1.112379 0.9951048 1 56.45176 2.060115 6002113 13 0 150.2599 1.926845 6002113 11 1 37 351
1 1.062846 1.139449 0.9784784 0 36.00698 1.055178 6002113 11 1 63.28456 1.098471 6002113 13 1 38 14
1 1.099519 1.139476 1.051563 0 283.08 3.441672 6003113 11 1 65.72022 2.026098 6003113 13 1 40 245
1 1.206555 1.21522 1.17542 1 35.42877 1.924127 6002113 13 0 14.21102 3.746374 6002113 11 1 40 404
1 1.191782 1.185832 1.16486 0 30.03588 1.265197 6002113 11 0 58.74151 2.06343 6002113 13 1 43 95
1 0.9894024 0.7036328 1.19152 1 9.203102 1.096322 6002113 11 1 59.83486 1.190556 6002113 13 1 461 272
1 1.199401 1.201198 1.170168 0 834.8414 1.040508 6003113 11 1 60.73578 1.214781 6003113 13 1 461 357
1 1.083255 0.8452013 1.220206 0 2.344013 1.028004 6001113 11 1 15.85877 1.047167 6001113 13 1 461 491
1 1.145385 0.9245803 1.259718 1 33.89006 1.217599 6002113 13 1 22.0103 1.222221 6002113 11 1 462 208
1 1.192805 1.083559 1.213989 0 36.80387 3.977584 6002113 11 1 22.86848 1.446624 6002113 13 1 463 469
1 1.152501 1.258655 1.04415 1 41.29018 1.991326 6003113 13 0 2239.431 2.347263 6003113 11 1 176 189
1 1.142868 1.177299 1.103399 1 61.83896 1.046095 6002113 13 0 303.486 1.597987 6002113 11 1 176 474
1 1.059052 1.139164 0.9715886 1 31.02104 1.033117 6001113 13 0 3.817636 1.519534 6001113 11 1 186 471
1 0.747205 0.4303799 1.057145 0 14.10023 1.667714 6002113 11 1 62.74828 1.038413 6002113 13 1 189 147
1 1.152501 1.258655 1.04415 1 10.21707 1.115609 6001113 11 1 24.08065 1.195864 6001113 13 1 190 374
1 1.645109 2.1548 1.183545 1 14.35997 2.971633 6002113 13 0 47.02411 1.777994 6002113 11 1 990 69
1 0.9574994 0.6410515 1.205563 1 41.90084 1.060902 6002113 13 0 41.76047 10.85023 6002113 11 1 994 85
1 1.164201 1.711426 0.8059074 1 15.39967 3.000775 6002113 11 1 36.6999 1.121459 6002113 13 1 577 62
1 1.174602 1.053046 1.204645 1 34.86134 1.299102 6002113 11 1 47.96846 1.15204 6002113 13 1 999 136
1 1.49586 1.706142 1.278772 1 27.93712 1.141333 6002113 13 1 11.35984 1.289538 6002113 11 1 723 432
1 1.106427 1.150534 1.053346 0 75.42811 1.311691 6002113 11 1 63.99519 1.160839 6002113 13 1 724 179
1 1.056557 1.108524 0.9965968 1 28.58745 1.994644 6002113 13 1 100.655 1.472967 6002113 11 1 725 379
1 1.227292 1.202911 1.205555 1 3.509197 1.0381 6001113 11 1 14.58815 2.005299 6001113 13 1 728 188
1 1.199428 1.046014 1.251733 1 14.29396 1.094148 6001113 13 1 0.6748531 1.027933 6001113 11 1 730 376
1 1.048836 1.548763 0.7254791 0 17.65102 1.630205 6002113 11 1 59.75728 1.026149 6002113 13 1 584 430
1 0.5675248 0.271593 0.9330701 0 36.58283 1.036687 6002113 13 1 27.21501 1.211092 6002113 11 1 587 457
1 1.176288 1.010978 1.239274 1 58.57571 1.322755 6002113 13 0 108.2482 1.028776 6002113 11 1 589 170
1 0.07905591 0.01690496 0.2492307 1 17.53255 1.976143 6001113 13 0 0.1317555 2.870322 6001113 11 1 864 409
1 1.0427 1.134261 0.9473373 1 42.66164 1.092582 6002113 11 0 34.38757 1.993223 6002113 13 1 865 346
1 0.5762256 0.2893137 0.9113798 0 31.86822 2.97205 6002113 11 1 18.50662 1.060711 6002113 13 1 734 193
1 1.761918 2.058838 1.43754 0 121.33 1.198739 6002113 11 1 21.97142 2.555751 6002113 13 1 734 256
1 1.145385 0.9245803 1.259718 1 70.54317 1.266853 6003113 13 0 884.0961 2.035189 6003113 11 1 734 448
1 0.7055845 0.3974356 1.016366 1 25.15609 1.860427 6002113 13 0 124.897 1.716165 6002113 11 1 736 80
1 1.289688 1.878288 0.892531 1 33.80362 1.026768 6002113 13 0 17.5591 1.036358 6002113 11 1 736 187
1 1.46424 1.680344 1.235249 0 9.033589 1.503807 6002113 11 1 34.96166 1.056389 6002113 13 1 738 155
1 0.04323696 0.007888732 0.160549 0 277.9627 1.428941 6002113 11 1 25.74601 1.223762 6002113 13 1 738 384
1 1.524498 1.73059 1.317664 1 50.64557 1.034139 6002113 13 1 29.56872 2.520551 6002113 11 1 741 49
1 1.137649 1.170432 1.099925 0 133.3843 1.442469 6002113 11 1 51.4811 1.126922 6002113 13 1 741 485
1 1.095596 1.133769 1.050051 1 48.23846 1.184247 6002113 13 0 31.12476 5.392451 6002113 11 1 742 291
1 1.143675 1.253919 1.033471 1 13.82526 3.185315 6001113 13 0 3.206048 2.80428 6001113 11 1 744 84
1 1.75908 2.248522 1.290011 0 137.5117 1.299642 6002113 11 1 37.57111 1.928321 6002113 13 1 745 18
1 0.3170899 0.1198369 0.6261138 1 9.334404 1.248058 6001113 13 0 2.801937 1.159661 6001113 11 1 137 265
1 1.145385 0.9245803 1.259718 0 583.5276 1.990766 6003113 11 1 36.36258 1.082247 6003113 13 1 137 338
1 0.8748782 0.5617447 1.136825 1 22.69274 2.130368 6002113 13 0 89.28217 1.032956 6002113 11 1 139 151
1 1.0427 1.134261 0.9473373 0 62.08021 1.146674 6002113 13 1 14.34225 1.024179 6002113 11 1 139 225
1 0.1527629 0.0402692 0.399808 1 25.44744 1.045846 6002113 13 0 24.84691 1.626018 6002113 11 1 411 327
1 1.026751 0.7444853 1.219196 0 160.0783 1.581813 6002113 11 1 33.51287 1.198032 6002113 13 1 412 244
1 0.02782141 0.00448657 0.1208789 1 9.02416 3.053121 6001113 11 1 9.015203 3.63922 6001113 13 1 413 457
1 1.209625 1.112975 1.222657 1 71.11275 1.147511 6002113 13 1 28.60118 2.196224 6002113 11 1 414 180
1 1.314649 1.46568 1.173482 1 13.6348 1.221514 6002113 11 1 27.16526 1.024836 6002113 13 1 417 30
1 1.217313 1.182622 1.199648 1 27.2105 2.028818 6002113 13 0 154.4647 1.130062 6002113 11 1 422 134
1 1.058012 1.115802 0.9930252 1 53.2363 1.628221 6002113 13 0 98.3816 1.557566 6002113 11 1 422 319
1 1.194803 1.137859 1.187115 0 72.56826 2.10824 6002113 11 1 39.26186 2.042913 6002113 13 1 422 472
1 1.112575 1.233052 0.9981722 1 15.45037 1.182415 6001113 13 0 8.53322 2.952107 6001113 11 1 800 189
1 1.112575 1.233052 0.9981722 0 6.84219 1.023261 6001113 11 1 15.92056 1.247582 6001113 13 1 803 463
1 1.173319 1.196671 1.139395 0 62.50385 1.405494 6002113 11 1 20.01191 1.4722 6002113 13 1 622 427
1 1.227292 1.202911 1.205555 0 28.93851 1.634622 6002113 11 1 19.61462 1.260117 6002113 13 1 624 385
1 1.167323 1.186361 1.134647 1 41.72346 1.162307 6002113 13 1 38.18788 1.219073 6002113 11 1 625 96
1 1.099519 1.139476 1.051563 0 26.1681 1.175302 6001113 11 1 14.87377 1.126838 6001113 13 1 903 150
1 0.4205023 0.1819855 0.7484848 0 40.07788 5.194064 6002113 11 1 29.86918 2.010549 6002113 13 1 519 381
1 0.01649731 0.002495913 0.08064243 1 31.183 1.085517 6002113 13 0 123.0325 1.048341 6002113 11 1 521 42
1 0.3767309 0.1505117 0.7131262 0 5.460523 1.849594 6002113 11 1 42.44176 1.91909 6002113 13 1 525 34
1 1.176288 1.010978 1.239274 1 4.867903 1.012132 6002113 11 0 41.06375 1.177092 6002113 13 1 525 441
1 1.26516 1.422013 1.117256 0 55.56604 1.239491 6002113 13 0 15.48575 1.968589 6002113 11 1 531 140
1 0.1991887 0.05938704 0.4717879 0 102.3931 1.226914 6002113 13 0 129.3881 12.17466 6002113 11 1 906 248
1 1.058012 1.115802 0.9930252 1 46.09371 1.220006 6002113 13 0 93.66892 2.000527 6002113 11 1 909 390
1 1.866054 2.331325 1.3979 0 19.88072 1.504968 6001113 11 1 25.09515 1.024461 6001113 13 1 912 353
1 1.209625 1.112975 1.222657 1 28.99065 1.129979 6002113 11 1 28.56402 1.004276 6002113 13 1 913 295
1 1.050919 0.8056091 1.198818 1 41.93748 1.117194 6002113 13 1 60.20591 1.309258 6002113 11 1 914 199
1 1.147959 1.183877 1.106546 0 52.16313 1.316952 6002113 13 0 10.32588 3.067677 6002113 11 1 627 476
1 1.566869 2.206142 1.088645 0 9.253913 2.451165 6002113 11 1 44.09119 1.082721 6002113 13 1 629 353
1 1.034916 1.100018 0.9626585 1 43.94811 1.112219 6003113 13 0 586.8386 1.133118 6003113 11 1 633 432
1 1.017868 0.7662661 1.176325 1 53.15588 1.107762 6002113 13 1 27.31795 1.140753 6002113 11 1 635 99
1 1.15499 1.021547 1.194574 1 52.59479 1.028154 6002113 13 0 32.32099 1.200757 6002113 11 1 808 346
1 1.10316 1.145079 1.05266 0 102.8567 1.706802 6002113 11 1 30.50547 2.388382 6002113 13 1 813 224
1 1.812285 2.096335 1.505211 1 23.39944 2.358293 6001113 13 1 29.33814 1.551332 6001113 11 1 814 397
1 1.173319 1.196671 1.139395 0 41.49339 4.634147 6002113 11 1 16.22085 2.139946 6002113 13 1 817 174
1 1.0427 1.134261 0.9473373 0 237.077 1.020676 6003113 11 1 23.39194 2.343819 6003113 13 1 817 382
1 1.114777 0.884905 1.24054 1 22.91978 2.444215 6003113 13 0 213.3708 1.038479 6003113 11 1 818 34
1 1.151918 0.9752633 1.225726 1 40.69572 1.038418 6002113 13 0 68.5579 2.759745 6002113 11 1 821 61
1 1.206555 1.21522 1.17542 1 35.03596 1.055426 6002113 11 1 11.83778 2.376055 6002113 13 1 822 197
1 1.147959 1.183877 1.106546 0 18.23004 1.137496 6001113 11 1 14.59317 1.032863 6001113 13 1 636 378
1 1.167323 1.186361 1.134647 1 34.77066 1.024052 6002113 13 0 172.1248 1.020296 6002113 11 1 637 477
1 1.142868 1.177299 1.103399 0 109.6985 1.736918 6002113 13 0 85.96421 6.520682 6002113 11 1 638 378
1 1.099519 1.139476 1.051563 1 58.56565 1.018649 6002113 13 0 262.793 1.138838 6002113 11 1 639 172
1 0.5226254 0.8798594 0.3137767 1 19.61304 1.010374 6001113 13 0 0.9662011 1.025095 6001113 11 1 82 370
1 1.017868 0.7662661 1.176325 1 58.04956 2.064922 6002113 13 1 34.17715 1.320793 6002113 11 1 83 467
1 1.1849 1.214892 1.148506 0 35.45278 1.113149 6002113 13 0 464.769 1.253713 6002113 11 1 84 197
1 1.109295 1.155893 1.053631 1 52.04421 1.137146 6003113 13 0 1391.413 1.152598 6003113 11 1 357 181
1 0.8748782 0.5617447 1.136825 1 26.50717 2.048791 6001113 13 0 6.989433 6.25557 6001113 11 1 360 131
1 1.134034 1.248093 1.022271 0 15.24059 1.590761 6001113 13 1 46.5169 1.077232 6001113 11 1 361 126
1 1.059052 1.139164 0.9715886 0 19.69785 13.76936 6002113 11 1 33.1115 1.014486 6002113 13 1 365 434
1 1.46424 1.680344 1.235249 1 18.62039 1.031099 6002113 13 1 12.98434 1.434746 6002113 11 1 367 178
1 1.75908 2.248522 1.290011 1 30.02474 1.016408 6002113 11 1 81.3534 1.202514 6002113 13 1 368 50
1 1.054444 1.13827 0.9640688 0 23.214 1.031579 6002113 11 1 48.42971 1.117105 6002113 13 1 368 137
1 1.035838 1.098122 0.9666125 0 31.43669 1.419008 6002113 13 1 51.41 2.302151 6002113 11 1 500 152
1 1.173319 1.196671 1.139395 1 43.6339 1.201073 6002113 13 0 103.6179 1.048225 6002113 11 1 234 115
1 1.112575 1.233052 0.9981722 1 63.35519 1.247602 6002113 13 0 52.66804 1.393028 6002113 11 1 241 140
1 0.4205023 0.1819855 0.7484848 1 50.16158 1.239197 6003113 13 0 1101.647 1.039275 6003113 11 1 370 466
1 1.147959 1.183877 1.106546 1 46.39388 1.301477 6002113 13 0 335.6855 1.072609 6002113 11 1 86 338
1 1.227292 1.202911 1.205555 1 26.80758 1.958973 6002113 13 0 54.70886 1.808877 6002113 11 1 86 409
1 1.106427 1.150534 1.053346 1 45.03229 1.143356 6002113 13 0 94.91148 1.325922 6002113 11 1 87 52
1 0.8332192 0.5015442 1.138243 1 37.42892 1.246139 6002113 13 0 51.76937 1.037161 6002113 11 1 87 355
1 1.314649 1.46568 1.173482 0 0.6578074 11.67289 6001113 11 1 12.32847 2.286255 6001113 13 1 88 108
1 1.167323 1.186361 1.134647 1 12.94587 1.222099 6001113 11 1 39.51558 1.144584 6001113 13 1 88 295
1 1.209625 1.112975 1.222657 1 9.864158 1.505899 6001113 11 1 14.08806 1.084484 6001113 13 1 90 11
1 1.106427 1.150534 1.053346 1 27.81993 1.122999 6002113 13 0 119.9214 1.395946 6002113 11 1 90 295
1 1.095596 1.133769 1.050051 1 23.16502 1.736207 6002113 11 1 45.28275 1.138702 6002113 13 1 94 224
1 1.035838 1.098122 0.9666125 0 12.24934 10.41242 6001113 11 1 20.85266 1.137637 6001113 13 1 95 147
1 0.9138955 0.6245104 1.1333 0 178.7679 2.01439 6002113 11 0 32.78217 1.090467 6002113 13 1 245 498
1 1.217313 1.182622 1.199648 1 0.6572717 1.01945 6002113 11 1 30.18242 1.146636 6002113 13 1 247 391
1 1.866054 2.331325 1.3979 0 46.18306 2.219835 6002113 11 1 19.55965 1.360096 6002113 13 1 250 45
1 1.298986 1.452146 1.156092 1 33.07032 1.984796 6002113 13 0 10.45016 1.066377 6002113 11 1 253 217
1 1.036252 1.095703 0.9699052 0 43.03124 2.286044 6002113 13 0 13.3047 1.095805 6002113 11 1 257 318
1 1.173319 1.196671 1.139395 1 30.42993 2.177657 6002113 13 0 119.9968 1.073601 6002113 11 1 258 223
1 1.152501 1.258655 1.04415 1 35.17887 1.212443 6002113 13 0 67.42661 23.58817 6002113 11 1 100 13
1 1.057513 1.112379 0.9951048 1 37.14656 2.234789 6002113 13 0 42.1792 1.235501 6002113 11 1 376 479
1 1.152501 1.258655 1.04415 1 43.522 2.042078 6002113 13 0 104.6031 2.007284 6002113 11 1 377 245
1 1.123647 1.241142 1.010512 1 38.94537 1.168481 6002113 13 1 61.55631 1.136494 6002113 11 1 321 180
1 0.789787 0.4650854 1.097808 1 32.90889 1.016845 6003113 13 0 639.8615 1.08231 6003113 11 1 324 58
1 0.9574994 0.6410515 1.205563 0 59.26383 1.129949 6002113 13 1 36.70098 1.035253 6002113 11 1 325 370
1 1.036252 1.095703 0.9699052 0 61.08298 1.031448 6002113 11 1 61.95539 1.193957 6002113 13 1 327 184
1 1.812285 2.096335 1.505211 0 33.32001 3.414149 6002113 11 1 40.74469 1.05052 6002113 13 1 465 279
1 1.173319 1.196671 1.139395 0 18.43048 3.388421 6001113 11 1 11.4216 2.219814 6001113 13 1 466 157
1 1.114777 0.884905 1.24054 1 16.61457 1.079048 6001113 13 1 2.866472 1.217813 6001113 11 1 470 182
1 1.1849 1.214892 1.148506 1 19.59025 2.005965 6002113 13 0 211.697 1.861011 6002113 11 1 471 403
1 1.167323 1.186361 1.134647 1 12.20871 1.413354 6002113 11 1 21.20813 1.038193 6002113 13 1 472 116
1 1.095596 1.133769 1.050051 1 28.8927 1.02747 6002113 11 1 34.26688 1.01706 6002113 13 1 475 428
1 1.329532 1.478061 1.189894 1 19.95817 1.512963 6002113 11 1 21.67815 1.0321 6002113 13 1 477 3
1 0.4205023 0.1819855 0.7484848 1 22.08267 1.12705 6002113 13 0 18.49378 1.043482 6002113 11 1 477 319
1 1.035838 1.098122 0.9666125 1 20.8393 1.279803 6002113 13 0 40.83304 1.268874 6002113 11 1 333 123
1 1.213336 1.227995 1.180605 0 62.84158 1.42145 6002113 11 1 44.77159 1.16259 6002113 13 1 51 129
1 0.3355998 0.123277 0.6770892 0 57.33101 1.180303 6003113 13 0 1609.748 1.070325 6003113 11 1 51 211
1 0.789787 0.4650854 1.097808 1 49.26099 1.230563 6002113 13 0 163.5708 1.345495 6002113 11 1 51 355
1 1.192805 1.083559 1.213989 1 22.32772 1.111757 6002113 13 1 6.146515 1.240244 6002113 11 1 52 168
1 0.9894024 0.7036328 1.19152 1 34.04877 1.540456 6002113 13 0 85.52399 2.591324 6002113 11 1 53 431
1 1.190567 1.223018 1.152597 0 5.975474 5.011883 6002113 11 0 36.04955 1.092841 6002113 13 1 57 159
1 1.550791 1.753763 1.352368 1 32.9645 1.075322 6002113 13 0 1.905621 2.901374 6002113 11 1 57 353
1 1.812285 2.096335 1.505211 0 43.80103 1.701528 6003113 13 0 854.9424 14.0444 6003113 11 1 479 271
1 1.106427 1.150534 1.053346 1 80.54608 1.603279 6002113 11 1 31.47638 2.065351 6002113 13 1 480 420
1 1.405111 1.934095 0.9833891 1 0.8906915 2.192011 6001113 11 1 11.69464 1.086009 6001113 13 1 481 383
1 1.167323 1.186361 1.134647 0 93.03895 2.015118 6002113 11 1 29.38761 1.19614 6002113 13 1 200 162
1 1.109295 1.155893 1.053631 0 35.50082 1.020785 6002113 11 0 49.2284 1.053143 6002113 13 1 201 107
1 1.053247 1.09991 0.9980844 1 0.5262462 1.311318 6001113 11 1 18.16441 2.384919 6001113 13 1 202 460
1 1.405111 1.934095 0.9833891 0 141.007 2.920989 6002113 11 1 60.54218 1.114564 6002113 13 1 203 221
1 1.099696 0.9023142 1.195627 0 57.65284 1.044125 6002113 11 1 42.68196 1.204224 6002113 13 1 206 139
1 1.056557 1.108524 0.9965968 0 3.568962 1.863172 6002113 11 1 37.99473 1.271921 6002113 13 1 64 244
1 1.550791 1.753763 1.352368 1 13.40649 1.125816 6002113 11 1 56.21221 1.01821 6002113 13 1 340 284
1 1.137649 1.170432 1.099925 1 36.2549 2.309903 6002113 13 0 64.55846 1.6433 6002113 11 1 341 399
1 1.095596 1.133769 1.050051 0 23.11975 1.806466 6002113 11 0 48.97686 1.113078 6002113 13 1 343 241
1 1.26516 1.422013 1.117256 0 64.36157 1.034549 6002113 11 1 49.1043 1.012935 6002113 13 1 344 85
1 1.134034 1.248093 1.022271 1 60.3918 1.036265 6002113 13 0 10.59622 1.858149 6002113 11 1 122 215
1 1.179161 1.206147 1.144075 1 38.88734 1.511488 6002113 13 0 112.2376 2.344879 6002113 11 1 123 434
1 1.641128 1.972201 1.285192 0 461.5931 2.200252 6003113 11 1 70.67359 1.114779 6003113 13 1 124 183
1 0.1793033 0.05184105 0.4351809 0 6.98316 5.436078 6001113 11 1 15.90502 1.207063 6001113 13 1 124 292
1 1.055133 1.104334 0.9975671 0 21.80738 1.676946 6002113 11 1 66.21566 1.266822 6002113 13 1 127 53
1 0.7242169 1.085561 0.4754195 1 22.29921 2.5656 6002113 13 0 12.83152 1.079343 6002113 11 1 129 131
1 1.055133 1.104334 0.9975671 0 1148.304 2.742256 6003113 11 1 36.205 2.444491 6003113 13 1 130 78
1 1.812285 2.096335 1.505211 1 38.1292 1.060255 6002113 13 1 5.241847 2.131247 6002113 11 1 131 380
1 1.123647 1.241142 1.010512 0 204.7816 1.147205 6002113 11 1 27.4501 1.118667 6002113 13 1 134 302
1 1.123647 1.241142 1.010512 1 43.28487 1.203721 6002113 13 0 7.415183 1.373862 6002113 11 1 267 16
1 1.036252 1.095703 0.9699052 0 11.14775 1.060469 6002113 11 1 35.47109 1.113861 6002113 13 1 267 104
1 1.524498 1.73059 1.317664 0 26.13829 2.08906 6002113 13 0 35.83619 1.899803 6002113 11 1 272 21
1 0.5292084 0.8493549 0.3262614 0 67.4984 4.642197 6002113 11 1 26.87197 2.444762 6002113 13 1 937 248
1 1.147959 1.183877 1.106546 0 35.36548 2.183477 6002113 11 0 79.9458 2.10062 6002113 13 1 940 493
1 1.705086 2.017803 1.363962 1 56.57215 1.373051 6002113 13 0 230.9402 1.246866 6002113 11 1 941 67
1 1.26516 1.422013 1.117256 0 60.50807 2.101109 6002113 11 1 16.22175 1.096906 6002113 13 1 942 190
1 1.575265 1.775696 1.383444 1 31.20731 1.025211 6002113 13 1 82.43781 1.166492 6002113 11 1 559 435
1 1.035838 1.098122 0.9666125 1 66.49363 1.395855 6003113 13 0 328.1089 1.095038 6003113 11 1 567 428
1 1.298986 1.452146 1.156092 0 95.49043 1.167133 6002113 11 1 31.07737 1.153582 6002113 13 1 568 159
1 1.194803 1.137859 1.187115 1 29.4186 1.009655 6002113 13 0 16.2307 3.149141 6002113 11 1 568 167
1 1.152501 1.258655 1.04415 0 9.828423 1.046989 6001113 11 1 10.14597 1.709776 6001113 13 1 947 13
1 1.056557 1.108524 0.9965968 0 115.9459 4.850995 6002113 11 1 25.44537 2.371508 6002113 13 1 950 319
1 1.209625 1.112975 1.222657 0 9.890227 1.627831 6002113 11 1 38.91576 1.025453 6002113 13 1 663 308
1 1.705086 2.017803 1.363962 1 56.96637 2.466941 6002113 11 0 41.42677 2.413909 6002113 13 1 667 63
1 1.183608 1.169262 1.159476 1 41.83136 1.044098 6002113 13 0 95.702 1.356886 6002113 11 1 669 404
1 1.167323 1.186361 1.134647 0 146.1877 1.125321 6002113 11 1 29.52178 1.611076 6002113 13 1 670 456
1 0.03472439 0.005924022 0.1396847 1 57.79991 1.289891 6002113 13 1 7.085284 1.016983 6002113 11 1 572 96
1 1.179161 1.206147 1.144075 1 17.76175 1.19683 6002113 11 1 22.67546 1.275084 6002113 13 1 843 55
1 1.524498 1.73059 1.317664 1 9.225243 1.78437 6001113 11 1 9.955212 1.859457 6001113 13 1 844 26
1 1.099519 1.139476 1.051563 0 108.5941 1.528808 6002113 11 1 55.78273 1.135542 6002113 13 1 847 211
1 0.3459568 0.1344595 0.6687537 1 73.82395 1.261984 6002113 13 0 89.51233 2.955356 6002113 11 1 848 228
1 1.182032 1.113501 1.180358 1 19.84534 1.047267 6002113 13 0 43.94062 19.25845 6002113 11 1 848 305
1 1.053247 1.09991 0.9980844 1 53.03301 1.26941 6002113 13 0 12.82662 4.32091 6002113 11 1 851 261
1 1.063672 0.7860307 1.245813 1 38.70444 1.263475 6002113 13 1 31.79558 1.02578 6002113 11 1 851 455
1 1.199428 1.046014 1.251733 0 11.33816 3.079814 6002113 11 1 47.45533 1.154281 6002113 13 1 854 84
1 1.050919 0.8056091 1.198818 1 47.86399 2.182345 6002113 13 1 17.15722 1.660419 6002113 11 1 854 390
1 1.058012 1.115802 0.9930252 0 0.2612269 1.050718 6001113 11 1 23.20909 2.333144 6001113 13 1 855 158
1 0.6998869 0.3767799 1.045889 1 55.3222 1.127631 6002113 13 1 45.37439 1.875137 6002113 11 1 856 91
1 0.277155 0.4798076 0.1597663 1 46.71388 1.180143 6002113 13 0 21.83388 1.040061 6002113 11 1 856 111
1 1.329532 1.478061 1.189894 1 32.44903 2.440938 6002113 13 1 91.48037 2.262648 6002113 11 1 858 302
1 0.4903168 0.2233237 0.8385035 1 45.91768 1.358935 6002113 13 0 41.05468 1.023836 6002113 11 1 859 88
1 0.4269872 0.7264097 0.2541938 1 3.58634 1.789016 6001113 11 1 25.99515 1.271891 6001113 13 1 350 41
1 0.1991887 0.05938704 0.4717879 0 1066.253 1.171391 6003113 11 1 31.65531 1.0549 6003113 13 1 483 449
1 1.056557 1.108524 0.9965968 1 99.69503 1.270509 6002113 11 1 23.8029 1.013269 6002113 13 1 486 368
1 1.282494 1.437562 1.137462 0 10.75334 1.502343 6001113 11 1 23.12852 1.413092 6001113 13 1 486 398
1 1.164201 1.711426 0.8059074 1 15.46683 2.204268 6002113 13 0 118.0877 1.370893 6002113 11 1 487 180
1 1.199428 1.046014 1.251733 0 6.17346 3.905638 6002113 11 1 38.01264 1.272334 6002113 13 1 488 282
1 0.3170899 0.1198369 0.6261138 0 8.196845 1.224171 6001113 11 1 32.48689 1.426685 6001113 13 1 492 280
1 1.095596 1.133769 1.050051 1 33.14508 1.020311 6003113 13 0 513.0145 1.01961 6003113 11 1 493 276
1 1.031225 1.102163 0.9526981 1 22.40983 1.193379 6002113 11 1 26.0239 1.406525 6002113 13 1 494 488
1 1.099696 0.9023142 1.195627 1 27.63352 1.207914 6002113 13 0 176.1206 1.525097 6002113 11 1 495 498
1 1.017868 0.7662661 1.176325 1 57.26686 1.023905 6002113 13 1 55.05925 1.049164 6002113 11 1 496 7
1 1.112575 1.233052 0.9981722 1 61.25019 1.136948 6002113 13 0 273.0517 2.098177 6002113 11 1 353 193
1 1.126364 0.9389989 1.211138 0 64.59311 1.151966 6002113 13 0 32.87206 1.558877 6002113 11 1 355 170
1 0.9517445 0.6636014 1.162862 1 44.21584 1.012875 6002113 13 0 294.8609 1.118898 6002113 11 1 71 360
1 1.152971 1.190243 1.109341 0 38.47924 1.036537 6002113 11 1 58.22095 1.04858 6002113 13 1 73 89
1 1.053247 1.09991 0.9980844 1 59.17574 1.166175 6002113 13 1 0.3467389 1.521049 6002113 11 1 74 279
1 1.191782 1.185832 1.16486 1 34.28733 1.262814 6002113 11 1 28.60719 1.042997 6002113 13 1 74 445
1 1.183608 1.169262 1.159476 0 61.23914 1.051966 6002113 13 1 12.35833 2.258664 6002113 11 1 75 494
1 1.034916 1.100018 0.9626585 0 21.84334 1.021777 6001113 11 1 14.08823 1.193411 6001113 13 1 78 64
1 1.1849 1.214892 1.148506 1 13.9913 1.069211 6002113 13 0 90.16848 1.033285 6002113 11 1 78 101
1 0.3355998 0.123277 0.6770892 1 36.18385 1.832415 6002113 13 0 6.685723 5.907943 6002113 11 1 388 446
1 1.0427 1.134261 0.9473373 0 165.4652 1.587605 6002113 11 1 41.57122 1.022249 6002113 13 1 104 38
1 1.192805 1.083559 1.213989 1 22.89808 2.336036 6002113 13 0 159.6953 2.242433 6002113 11 1 105 217
1 1.645109 2.1548 1.183545 1 22.48273 1.12133 6001113 13 0 0.1299641 1.20808 6001113 11 1 106 206
1 1.1849 1.214892 1.148506 0 0.5579403 1.129901 6001113 11 1 19.30821 1.104915 6001113 13 1 107 118
1 1.099519 1.139476 1.051563 1 43.89418 1.133025 6002113 13 0 11.54346 1.83167 6002113 11 1 108 387
1 1.75908 2.248522 1.290011 1 70.39413 1.044965 6002113 11 1 37.41579 1.296178 6002113 13 1 118 255
1 0.8748782 0.5617447 1.136825 1 6.427267 1.129601 6001113 11 1 14.55202 2.198658 6001113 13 1 118 263
1 1.10316 1.145079 1.05266 0 160.8334 1.228687 6002113 11 1 27.50867 1.019207 6002113 13 1 118 457
1 1.062846 1.139449 0.9784784 1 14.20555 1.009506 6001113 13 0 0.189273 1.04328 6001113 11 1 79 471
1 0.7934737 0.4881172 1.065644 0 74.00963 1.099177 6003113 13 1 88.5294 1.569555 6003113 11 1 214 40
1 1.173319 1.196671 1.139395 0 56.98062 3.245301 6002113 11 1 31.60087 1.18098 6002113 13 1 215 69
1 1.048997 1.136673 0.9559695 1 23.15885 1.191252 6002113 13 0 190.0676 2.737446 6002113 11 1 216 310
1 0.8332192 0.5015442 1.138243 1 5.34733 2.489608 6002113 11 0 55.47536 1.241041 6002113 13 1 219 322
1 1.095596 1.133769 1.050051 0 28.70727 1.026321 6002113 11 1 12.85655 2.079396 6002113 13 1 222 148
1 1.1849 1.214892 1.148506 1 24.39897 1.05347 6002113 11 1 65.72055 1.142126 6002113 13 1 223 10
1 1.143675 1.253919 1.033471 0 97.97536 1.809496 6002113 11 1 19.43358 1.034623 6002113 13 1 607 438
1 0.3064061 0.1093534 0.631845 1 20.4906 1.018287 6002113 11 0 56.78473 1.276896 6002113 13 1 608 477
1 1.137649 1.170432 1.099925 0 818.057 2.262745 6003113 11 1 21.1859 2.282668 6003113 13 1 880 76
1 0.9160994 0.6007248 1.171549 0 441.7328 1.0169 6003113 11 1 36.93888 1.111107 6003113 13 1 881 54
1 0.9160994 0.6007248 1.171549 0 33.31738 1.213228 6003113 11 0 35.64922 2.103623 6003113 13 1 882 91
1 0.6342273 1.05356 0.3835326 1 27.85588 1.045908 6002113 13 0 77.46796 2.009836 6002113 11 1 885 497
1 1.03119 1.524041 0.7057037 1 7.281417 1.068711 6001113 11 0 14.25447 1.137882 6001113 13 1 886 170
1 1.026751 0.7444853 1.219196 1 2.320957 1.586159 6001113 11 1 38.30912 1.062293 6001113 13 1 886 382
1 1.033406 1.101364 0.958024 0 27.58017 1.292624 6001113 11 1 51.24835 1.152219 6001113 13 1 786 303
1 0.3170899 0.1198369 0.6261138 1 42.43256 1.241713 6002113 13 0 175.2049 1.568467 6002113 11 1 506 352
1 1.314649 1.46568 1.173482 1 35.05273 1.865048 6002113 13 0 23.24891 5.704278 6002113 11 1 392 413
1 1.083255 0.8452013 1.220206 1 30.90614 1.20932 6001113 13 0 5.11528 1.991012 6001113 11 1 392 470
1 1.152971 1.190243 1.109341 0 6.02424 1.139814 6002113 11 0 35.98223 1.076637 6002113 13 1 398 58
1 1.183608 1.169262 1.159476 0 0.9036423 1.298717 6001113 11 1 16.48416 2.035471 6001113 13 1 399 254
1 1.705086 2.017803 1.363962 0 41.59722 1.076147 6002113 11 1 48.74086 1.151842 6002113 13 1 401 214
1 1.152501 1.258655 1.04415 1 44.38575 1.844069 6002113 13 1 73.84555 1.148015 6002113 11 1 405 211
1 1.143675 1.253919 1.033471 0 126.4974 7.256103 6002113 11 1 24.84886 1.072494 6002113 13 1 405 452
1 1.157728 1.196465 1.111764 0 3.503702 8.113391 6001113 11 1 26.97565 1.337226 6001113 13 1 407 261
1 1.192805 1.083559 1.213989 0 138.9258 2.238804 6002113 11 0 24.05768 2.582565 6002113 13 1 407 466
1 1.053247 1.09991 0.9980844 1 59.64674 2.258833 6002113 13 0 32.5784 1.127514 6002113 11 1 408 429
1 1.213336 1.227995 1.180605 1 5.418823 1.216777 6001113 11 1 21.87552 1.011935 6001113 13 1 409 186
1 0.2792014 0.09677438 0.588659 0 39.44854 1.307509 6003113 11 1 48.22139 1.02636 6003113 13 1 511 32
1 1.034916 1.100018 0.9626585 0 1118.066 1.071103 6003113 11 1 51.83359 1.078686 6003113 13 1 513 116
1 0.6159488 0.3166172 0.9557644 1 42.81018 1.023124 6002113 13 0 29.75726 1.178369 6002113 11 1 887 448
1 1.282494 1.437562 1.137462 0 25.91088 1.054411 6002113 11 1 25.25546 1.069708 6002113 13 1 888 291
1 1.083255 0.8452013 1.220206 1 53.7198 1.202482 6002113 13 0 70.59866 2.017259 6002113 11 1 892 475
1 0.5675248 0.271593 0.9330701 1 45.88449 1.130444 6002113 13 0 16.87292 1.017736 6002113 11 1 894 473
1 0.2443026 0.07741789 0.5517042 0 37.41832 1.515048 6002113 11 1 32.48723 1.031926 6002113 13 1 896 388
1 1.152971 1.190243 1.109341 1 47.95803 1.020213 6002113 13 0 1.101749 1.025651 6002113 11 1 614 480
1 1.1849 1.214892 1.148506 0 30.76678 1.062746 6002113 13 1 69.96307 1.057195 6002113 11 1 518 79
1 1.0427 1.134261 0.9473373 1 19.85601 1.023415 6002113 13 0 113.8214 1.037647 6002113 11 1 518 176
1 0.3355998 0.123277 0.6770892 1 32.16419 2.028792 6003113 13 0 1228.442 1.315394 6003113 11 1 518 443
1 1.053247 1.09991 0.9980844 1 25.38946 1.417807 6003113 13 1 39.93656 1.066442 6003113 11 1 518 480
1 0.1707681 0.04642279 0.4356818 1 46.15756 1.575604 6002113 13 1 23.32498 1.1087 6002113 11 1 790 91
1 1.182032 1.113501 1.180358 0 0.1462717 1.167479 6002113 11 1 61.02585 1.136862 6002113 13 1 792 462
1 1.109295 1.155893 1.053631 0 17.39263 3.706771 6001113 13 0 7.613065 2.12105 6001113 11 1 796 476
1 1.151918 0.9752633 1.225726 0 102.1019 2.597619 6002113 11 0 21.16091 2.17749 6002113 13 1 918 410
1 1.298986 1.452146 1.156092 1 67.0153 1.162957 6003113 13 0 1201.559 2.209187 6003113 11 1 919 243
1 1.645109 2.1548 1.183545 1 25.28321 1.110765 6002113 13 0 29.22326 1.543373 6002113 11 1 922 410
1 1.1849 1.214892 1.148506 1 46.13871 1.16352 6003113 13 0 1697.789 1.132418 6003113 11 1 922 443
1 0.789787 0.4650854 1.097808 1 31.0202 1.221405 6002113 13 0 81.67181 3.937921 6002113 11 1 923 165
1 0.5380682 0.2637946 0.8676014 0 29.17149 1.057336 6002113 11 1 46.06854 1.224029 6002113 13 1 542 335
1 1.099519 1.139476 1.051563 0 42.46584 1.250609 6002113 11 1 57.52252 1.994193 6002113 13 1 543 412
1 0.0739324 0.01495082 0.2461688 1 54.98215 1.157996 6002113 13 1 5.611781 1.036866 6002113 11 1 544 62
1 1.048997 1.136673 0.9559695 0 71.21593 1.458167 6003113 11 1 62.53846 1.108586 6003113 13 1 544 160
1 1.524498 1.73059 1.317664 1 14.27767 2.19443 6003113 13 0 60.25728 1.487081 6003113 11 1 546 374
1 0.3767309 0.1505117 0.7131262 1 47.66447 1.06772 6002113 13 0 11.92887 1.232402 6002113 11 1 550 254
1 1.031225 1.102163 0.9526981 1 5.309351 1.051464 6001113 11 0 27.22967 1.711205 6001113 13 1 551 118
1 1.036252 1.095703 0.9699052 0 102.8159 1.56366 6002113 11 1 24.54823 1.527303 6002113 13 1 553 122
1 1.033406 1.101364 0.958024 1 63.47165 1.042228 6002113 13 1 76.00498 1.159941 6002113 11 1 924 194
1 1.227292 1.202911 1.205555 0 65.3 1.021738 6002113 13 0 124.1228 1.983286 6002113 11 1 925 218
1 0.000369285 8.488699e-05 0.001445868 1 35.29774 1.805201 6002113 13 0 129.9773 2.251097 6002113 11 1 927 308
1 1.157728 1.196465 1.111764 0 349.8941 1.093308 6003113 11 1 67.50925 1.102736 6003113 13 1 931 13
1 1.145385 0.9245803 1.259718 1 45.88365 1.252004 6003113 13 0 296.3932 1.082816 6003113 11 1 931 47
1 0.1014541 0.02299071 0.3029553 0 1180.308 1.325963 6003113 11 1 43.08849 2.315398 6003113 13 1 932 106
1 1.167323 1.186361 1.134647 1 24.20172 1.028875 6001113 13 0 2.322322 2.596756 6001113 11 1 648 315
1 1.1849 1.214892 1.148506 0 8.866398 2.736568 6002113 11 1 41.24604 1.08419 6002113 13 1 651 386
1 1.054444 1.13827 0.9640688 0 53.73711 2.877356 6002113 11 1 23.49048 2.226685 6002113 13 1 651 399
1 1.036252 1.095703 0.9699052 1 15.72471 1.014701 6001113 13 0 5.636976 1.211014 6001113 11 1 653 310
1 1.054444 1.13827 0.9640688 1 23.61646 1.232539 6002113 13 0 35.28306 1.03416 6002113 11 1 653 389
1 0.4094664 0.1680855 0.7591912 1 21.85065 1.127778 6002113 13 0 63.07449 1.038361 6002113 11 1 654 74
1 1.099519 1.139476 1.051563 1 28.31832 1.669956 6001113 11 1 27.12195 1.039112 6001113 13 1 654 151
1 1.206555 1.21522 1.17542 1 98.61786 1.12513 6002113 11 1 45.26509 1.226736 6002113 13 1 827 312
1 1.035838 1.098122 0.9666125 0 837.8032 2.757406 6003113 11 1 13.53554 1.164854 6003113 13 1 829 253
1 0.9517445 0.6636014 1.162862 1 32.33816 1.060109 6002113 11 1 26.38189 2.266948 6002113 13 1 832 400
1 0.9219857 1.364073 0.6240806 1 34.49566 1.088203 6002113 13 0 14.8567 1.079901 6002113 11 1 835 121
1 1.209625 1.112975 1.222657 0 225.6254 1.293374 6002113 11 0 37.31256 1.652703 6002113 13 1 838 476
1 1.099696 0.9023142 1.195627 1 51.57897 1.057119 6003113 13 0 420.8871 1.166163 6003113 11 1 839 204
1 1.645109 2.1548 1.183545 1 40.16034 1.927951 6002113 13 1 3.982207 1.04716 6002113 11 1 841 278
1 0.5762256 0.2893137 0.9113798 0 15.88314 1.457974 6001113 11 1 11.63475 1.149312 6001113 13 1 656 425
1 1.20651 1.16088 1.193521 0 68.73954 1.150759 6002113 11 1 55.13066 1.041469 6002113 13 1 656 478
1 1.46424 1.680344 1.235249 1 61.46092 1.897127 6003113 13 0 479.3854 6.074732 6003113 11 1 657 261
1 1.137649 1.170432 1.099925 1 16.75464 2.121496 6001113 13 0 5.744362 1.053638 6001113 11 1 662 59
1 0.9574994 0.6410515 1.205563 1 17.00065 1.641303 6002113 13 0 39.8408 1.118581 6002113 11 1 936 237
1 1.206555 1.21522 1.17542 0 0.3614827 1.252366 6001113 11 1 13.0804 1.02733 6001113 13 1 746 43
1 1.056557 1.108524 0.9965968 0 1405.729 1.252349 6003113 11 1 66.95061 1.735296 6003113 13 1 746 203
1 1.206555 1.21522 1.17542 1 66.63575 1.030957 6002113 13 1 7.99955 2.19395 6002113 11 1 748 307
1 1.225386 1.141194 1.230719 0 253.5937 1.236084 6002113 11 0 52.6769 1.026428 6002113 13 1 276 396
1 0.7934737 0.4881172 1.065644 1 29.20159 2.164887 6002113 13 0 79.34809 1.07012 6002113 11 1 278 178
1 0.4094664 0.1680855 0.7591912 1 31.98508 1.735594 6002113 13 1 2.637523 1.021312 6002113 11 1 280 260
1 0.5226254 0.8798594 0.3137767 1 35.41203 1.157258 6002113 13 1 26.43792 1.113717 6002113 11 1 283 124
1 0.1214868 0.03012302 0.3349064 0 113.0352 1.029145 6002113 11 0 26.79739 1.389066 6002113 13 1 3 150
1 1.106427 1.150534 1.053346 1 29.71856 1.238891 6003113 13 0 353.4562 4.764674 6003113 11 1 425 53
1 1.147959 1.183877 1.106546 0 20.38358 3.02126 6002113 11 1 41.00865 1.023442 6002113 13 1 426 465
1 1.550791 1.753763 1.352368 0 125.1995 2.169579 6002113 11 0 103.3843 1.398831 6002113 13 1 140 66
1 1.143675 1.253919 1.033471 1 11.13667 1.320724 6002113 11 1 33.29966 1.092801 6002113 13 1 140 451
1 1.063672 0.7860307 1.245813 1 55.08758 1.06392 6002113 13 0 37.50039 1.424108 6002113 11 1 142 49
1 0.03009876 0.005032814 0.1242768 1 28.20823 1.224954 6001113 13 0 1.513013 1.68069 6001113 11 1 143 416
1 0.8748782 0.5617447 1.136825 0 151.6437 7.14184 6003113 11 1 60.08109 1.12755 6003113 13 1 146 278
1 0.4544891 0.2018274 0.792879 1 17.65575 1.618388 6001113 13 0 6.068065 3.375074 6001113 11 1 147 136
1 1.575265 1.775696 1.383444 0 114.5581 10.0332 6002113 11 1 26.7198 1.496885 6002113 13 1 151 194
1 1.152971 1.190243 1.109341 1 62.07305 2.061308 6002113 13 0 159.0315 1.745951 6002113 11 1 7 309
1 1.174602 1.053046 1.204645 0 156.7258 1.234867 6002113 11 1 51.94614 1.020633 6002113 13 1 7 359
1 1.058012 1.115802 0.9930252 0 64.21807 2.227951 6002113 11 1 18.585 1.062071 6002113 13 1 8 397
1 1.157728 1.196465 1.111764 1 37.39465 1.653682 6002113 13 0 33.6823 2.399279 6002113 11 1 11 272
1 1.761918 2.058838 1.43754 0 60.5214 1.728445 6002113 13 1 64.75002 1.040281 6002113 11 1 285 442
1 1.083255 0.8452013 1.220206 1 28.18977 1.252476 6002113 13 0 157.2742 1.263009 6002113 11 1 289 306
1 0.747205 0.4303799 1.057145 1 0.7241934 2.590306 6001113 11 1 19.88419 2.092025 6001113 13 1 289 308
1 1.75908 2.248522 1.290011 1 31.32585 1.174838 6002113 13 0 17.92341 1.03353 6002113 11 1 289 342
1 0.3170899 0.1198369 0.6261138 1 49.30548 1.223867 6002113 11 1 57.62757 1.211387 6002113 13 1 290 372
1 0.9138955 0.6245104 1.1333 1 10.2781 1.568439 6001113 11 1 14.74506 1.022531 6001113 13 1 294 29
1 1.550791 1.753763 1.352368 1 26.00448 2.024542 6002113 13 0 104.4353 1.060712 6002113 11 1 294 405
1 0.9894024 0.7036328 1.19152 0 6.046628 1.187652 6001113 11 1 18.68718 1.218972 6001113 13 1 155 369
1 1.213336 1.227995 1.180605 1 9.692352 1.040004 6001113 13 0 16.205 1.048844 6001113 11 1 157 189
1 1.167323 1.186361 1.134647 0 65.9438 1.921632 6002113 11 1 81.99386 1.310213 6002113 13 1 429 65
1 1.550791 1.753763 1.352368 0 594.1463 1.887814 6003113 11 1 57.70163 1.13275 6003113 13 1 429 280
1 1.190567 1.223018 1.152597 1 33.21905 1.666161 6002113 13 0 57.78 1.029703 6002113 11 1 434 432
1 1.050919 0.8056091 1.198818 0 7.226957 1.156684 6002113 11 1 22.52428 1.191369 6002113 13 1 437 299
1 1.050919 0.8056091 1.198818 1 38.79612 1.238244 6002113 13 0 269.7325 1.024852 6002113 11 1 438 95
1 1.106427 1.150534 1.053346 0 108.202 1.333664 6003113 11 1 42.91173 1.02686 6003113 13 1 440 285
1 1.192805 1.083559 1.213989 1 16.30581 2.026542 6003113 13 0 1220.424 2.822582 6003113 11 1 441 291
1 0.9160994 0.6007248 1.171549 1 48.86843 1.012518 6002113 13 0 103.0254 2.11275 6002113 11 1 442 60
1 1.106427 1.150534 1.053346 1 53.38233 1.032875 6002113 13 0 546.966 1.162786 6002113 11 1 296 384
1 0.789787 0.4650854 1.097808 0 20.8717 1.052222 6001113 11 1 23.74855 1.232319 6001113 13 1 298 119
1 1.063672 0.7860307 1.245813 0 116.0643 1.071847 6002113 11 1 18.02727 2.114301 6002113 13 1 298 369
1 0.7242169 1.085561 0.4754195 0 278.5712 2.410241 6002113 11 0 53.08829 1.182463 6002113 13 1 300 500
1 1.055133 1.104334 0.9975671 1 77.28113 1.0307 6003113 13 0 470.2636 1.150155 6003113 11 1 301 352
1 1.026751 0.7444853 1.219196 0 101.2525 1.146429 6002113 11 1 72.78911 1.092083 6002113 13 1 15 297
1 1.152501 1.258655 1.04415 1 52.55703 1.222414 6002113 13 1 26.63553 2.088876 6002113 11 1 17 74
1 1.0427 1.134261 0.9473373 1 36.37794 1.194242 6002113 13 0 9.219445 2.12099 6002113 11 1 23 261
1 0.2443026 0.07741789 0.5517042 1 32.99267 1.069022 6002113 13 0 9.728124 1.14078 6002113 11 1 25 195
1 1.179161 1.206147 1.144075 1 29.27114 1.16598 6001113 13 0 9.639563 1.3424 6001113 11 1 443 77
1 1.192805 1.083559 1.213989 1 36.70602 1.034086 6003113 13 0 218.4412 1.327317 6003113 11 1 443 412
1 1.761918 2.058838 1.43754 1 61.96041 1.036868 6002113 13 0 57.6246 1.033567 6002113 11 1 444 215
1 0.2443026 0.07741789 0.5517042 0 49.81194 1.234374 6002113 13 0 67.67993 1.110672 6002113 11 1 164 362
