1 1.1849 1.214892 1.148506 1 85.70655 1.29772 1000022 13 1 71.17495 2.308388 1000022 13 1 311 404
1 1.026751 0.7444853 1.219196 0 272.8142 6.102044 1000022 13 1 73.36655 3.017422 1000022 13 1 381 12
1 1.151918 0.9752633 1.225726 1 127.6638 1.326996 1000022 13 1 101.6981 1.308168 1000022 13 1 700 164
1 1.179161 1.206147 1.144075 1 70.7453 3.7221 1000022 13 0 45.12295 1.546967 1000022 13 1 782 199
1 1.147959 1.183877 1.106546 1 108.3332 2.895577 1000022 13 1 47.51068 1.221082 1000022 13 1 410 272
1 1.761918 2.058838 1.43754 1 51.87483 1.281937 1000022 13 1 159.6651 1.519648 1000022 13 1 804 237
1 1.145385 0.9245803 1.259718 1 321.8646 4.988109 1000022 13 1 87.6263 1.341854 1000022 13 1 464 80
1 1.152501 1.258655 1.04415 1 213.0712 1.667064 1000022 13 1 32.93953 1.23544 1000022 13 1 826 53
1 1.152971 1.190243 1.109341 1 116.4697 1.505682 1000022 13 1 42.25793 1.274526 1000022 13 1 904 404
1 1.15499 1.021547 1.194574 1 94.25198 1.287499 1000022 13 1 67.04138 1.413707 1000022 13 1 915 56
1 1.031225 1.102163 0.9526981 1 166.6854 1.468788 1000022 13 1 139.4153 1.622893 1000022 13 1 918 161
1 1.49586 1.706142 1.278772 1 167.7604 1.762642 1000022 13 1 59.51549 3.694978 1000022 13 1 919 17
1 1.028816 2.178673 0.4767559 1 90.59813 1.550736 1000022 13 1 147.548 1.212018 1000022 13 1 929 104
1 1.225386 1.141194 1.230719 1 73.63428 2.567084 1000022 13 1 92.44595 1.062491 1000022 13 1 731 269
1 1.174602 1.053046 1.204645 1 161.8489 1.471446 1000022 13 1 165.2957 1.234704 1000022 13 1 939 108
1 1.167323 1.186361 1.134647 1 218.9522 1.706693 1000022 13 1 267.5911 3.444693 1000022 13 1 944 310
1 0.7934737 0.4881172 1.065644 1 26.68936 1.180294 1000022 13 1 135.3125 1.154348 1000022 13 1 475 466
1 0.4094664 0.1680855 0.7591912 1 160.595 1.970355 1000022 13 1 9.875332 1.587075 1000022 13 1 747 231
1 1.645109 2.1548 1.183545 0 144.7758 1.260864 1000022 13 1 23.20627 1.618194 1000022 13 1 624 52
1 1.206555 1.21522 1.17542 1 34.29621 1.752483 1000022 13 1 143.4454 3.217778 1000022 13 1 953 348
1 0.3355998 0.123277 0.6770892 0 704.603 1.127882 1000022 13 1 49.98082 1.853565 1000022 13 1 637 340
1 0.1527629 0.0402692 0.399808 1 47.08883 1.642075 1000022 13 1 86.88416 1.480906 1000022 13 1 979 57
1 1.157728 1.196465 1.111764 1 237.3394 1.375409 1000022 13 1 16.10585 1.239272 1000022 13 1 990 210
1 1.225386 1.141194 1.230719 1 91.13939 1.54905 1000022 13 1 206.7593 1.266071 1000022 13 1 660 459
1 0.665028 0.3662483 0.9755856 1 342.3113 4.123106 1000022 13 1 81.84655 2.418876 1000022 13 1 661 109
1 1.143675 1.253919 1.033471 1 98.50257 2.0683 1000022 13 0 765.1562 1.917171 1000022 13 1 662 73
1 1.152971 1.190243 1.109341 1 77.56698 1.679414 1000022 13 0 48.24094 1.096238 1000022 13 1 992 269
1 1.173319 1.196671 1.139395 1 137.913 1.514262 1000022 13 1 104.952 1.284032 1000022 13 1 1003 251
1 1.095596 1.133769 1.050051 1 63.87748 1.583902 1000022 13 0 474.4324 1.207881 1000022 13 1 1012 489
1 1.142868 1.177299 1.103399 0 503.6278 2.009605 1000022 13 1 48.21827 1.870798 1000022 13 1 421 448
1 1.099519 1.139476 1.051563 1 62.06342 2.898587 1000022 13 1 78.65247 1.106909 1000022 13 1 329 439
1 1.112575 1.233052 0.9981722 1 140.1626 1.246467 1000022 13 1 153.3049 2.257441 1000022 13 1 55 327
1 1.048836 1.548763 0.7254791 1 215.3668 1.574732 1000022 13 1 19.92331 1.123194 1000022 13 1 57 107
1 1.083255 0.8452013 1.220206 1 238.5138 1.651695 1000022 13 1 159.9113 1.20743 1000022 13 1 121 207
1 0.6159488 0.3166172 0.9557644 0 74.47316 2.01907 1000022 13 1 82.26904 1.917096 1000022 13 1 498 344
1 1.057513 1.112379 0.9951048 1 40.67555 1.651306 1000022 13 1 104.7316 1.5579 1000022 13 1 143 356
1 1.099519 1.139476 1.051563 1 65.69321 1.832939 1000022 13 0 307.5613 1.626475 1000022 13 1 1431 347
1 1.152971 1.190243 1.109341 1 22.91643 1.421149 1000022 13 1 194.9209 1.749655 1000022 13 1 1166 342
1 1.812285 2.096335 1.505211 1 165.0225 1.097853 1000022 13 1 132.5788 1.674407 1000022 13 1 1433 434
1 1.053247 1.09991 0.9980844 1 70.6502 1.504493 1000022 13 1 19.08191 1.391701 1000022 13 1 206 297
1 1.176288 1.010978 1.239274 1 50.50309 2.719104 1000022 13 1 172.5501 2.235152 1000022 13 1 1175 337
1 0.2304392 0.07526134 0.508429 0 2.438763 1.121287 1000022 13 1 173.4928 1.679079 1000022 13 1 81 396
1 0.2208223 0.06788179 0.510611 1 61.70965 1.229913 1000022 13 1 19.78639 1.225216 1000022 13 1 341 138
1 1.174602 1.053046 1.204645 1 44.83222 1.576791 1000022 13 1 33.70078 1.834311 1000022 13 1 345 152
1 0.07905591 0.01690496 0.2492307 1 133.6867 1.427704 1000022 13 1 65.89758 1.846311 1000022 13 1 1185 500
1 1.173319 1.196671 1.139395 1 84.06458 5.767811 1000022 13 1 31.13634 1.619769 1000022 13 1 61 194
1 0.4442115 0.1872741 0.8068974 1 27.02219 1.699485 1000022 13 0 48.85413 1.39689 1000022 13 1 539 121
1 1.183608 1.169262 1.159476 0 72.65241 1.318354 1000022 13 1 197.8855 1.406152 1000022 13 1 550 173
1 1.134034 1.248093 1.022271 1 117.2827 1.628482 1000022 13 1 276.0636 3.192166 1000022 13 1 550 329
1 1.145385 0.9245803 1.259718 0 352.3322 1.182203 1000022 13 1 174.2604 2.816934 1000022 13 1 551 468
1 1.167323 1.186361 1.134647 1 47.87966 1.873989 1000022 13 1 35.30257 1.116634 1000022 13 1 555 427
1 0.003659205 0.00058146 0.02178344 1 79.86399 1.334809 1000022 13 1 71.95839 1.468069 1000022 13 1 849 313
1 1.56971 1.920896 1.202337 1 99.55743 1.608525 1000022 13 1 108.9198 1.233712 1000022 13 1 601 413
1 1.036252 1.095703 0.9699052 1 121.587 1.280983 1000022 13 1 80.71272 1.167271 1000022 13 1 616 176
1 1.191782 1.185832 1.16486 1 114.7924 2.766207 1000022 13 1 139.7659 1.431722 1000022 13 1 314 483
1 1.151918 0.9752633 1.225726 1 175.1672 1.6648 1000022 13 1 77.2486 1.76034 1000022 13 1 335 498
1 0.7055845 0.3974356 1.016366 1 157.6268 1.267477 1000022 13 0 27.40982 1.887454 1000022 13 1 677 168
