1 0.6159488 0.3166172 0.9557644 0 13.05991 1.600678 1000022 13 1 102.378 1.655418 1000022 13 1 42 89
1 1.109295 1.155893 1.053631 1 83.02147 2.180577 1000022 13 0 17.66343 1.096171 1000022 13 1 46 70
1 1.227292 1.202911 1.205555 1 46.88997 1.234109 1000022 13 0 763.2225 2.249941 1000022 13 1 153 273
1 1.034916 1.100018 0.9626585 0 129.6108 2.281706 1000022 13 1 59.77045 1.131906 1000022 13 1 153 443
1 1.10316 1.145079 1.05266 1 131.6743 1.554266 1000022 13 0 320.8523 1.06201 1000022 13 1 436 83
1 0.3355998 0.123277 0.6770892 0 509.4257 5.989705 1000022 13 1 84.957 1.441852 1000022 13 1 438 342
1 1.152501 1.258655 1.04415 0 99.47837 2.554862 1000022 13 1 41.54486 1.755276 1000022 13 1 455 70
1 1.147959 1.183877 1.106546 1 44.28617 1.215217 1000022 13 0 76.69718 1.105838 1000022 13 1 217 293
1 1.641128 1.972201 1.285192 0 111.0185 2.298174 1000022 13 0 192.601 1.27743 1000022 13 1 221 244
1 1.217313 1.182622 1.199648 0 97.67271 1.264506 1000022 13 0 105.6311 1.558858 1000022 13 1 487 477
1 1.036252 1.095703 0.9699052 1 126.9335 1.424717 1000022 13 1 102.4027 1.155995 1000022 13 1 235 381
1 0.04957241 0.009268439 0.1791508 0 54.16808 2.194931 1000022 13 1 92.10228 1.202506 1000022 13 1 207 254
1 0.04957241 0.009268439 0.1791508 0 54.16808 2.194931 1000022 13 1 92.10228 1.202506 1000022 13 1 207 254
1 1.194803 1.137859 1.187115 1 56.2184 1.108839 1000022 13 0 379.3977 4.085386 1000022 13 1 208 5
1 1.209625 1.112975 1.222657 0 31.79065 2.214091 1000022 13 0 82.5496 1.322971 1000022 13 1 211 60
1 1.645109 2.1548 1.183545 0 9.043758 1.642334 1000022 13 0 244.355 1.479426 1000022 13 1 458 411
1 1.46424 1.680344 1.235249 1 94.657 2.239424 1000022 13 0 10.69183 5.53032 1000022 13 1 460 356
1 1.099696 0.9023142 1.195627 1 156.3063 1.43377 1000022 13 0 402.2541 2.866925 1000022 13 1 471 373
1 1.550791 1.753763 1.352368 0 175.6093 1.377908 1000022 13 0 104.7959 1.463257 1000022 13 1 471 428
1 1.761918 2.058838 1.43754 1 56.6627 1.348905 1000022 13 0 6.144793 3.475183 1000022 13 1 287 335
1 1.550791 1.753763 1.352368 1 28.70485 2.255164 1000022 13 0 16.26256 1.639756 1000022 13 1 288 472
1 0.5279956 0.2465533 0.8852676 0 131.3912 1.308303 1000022 13 0 363.4543 1.110503 1000022 13 1 8 216
1 0.8332192 0.5015442 1.138243 0 178.2946 1.249587 1000022 13 0 14.66127 1.401568 1000022 13 1 11 154
1 1.048836 1.548763 0.7254791 1 53.17778 2.033201 1000022 13 0 4.534734 1.436214 1000022 13 1 13 207
1 1.182032 1.113501 1.180358 0 44.69168 2.082708 1000022 13 0 122.8485 1.244352 1000022 13 1 15 468
1 1.10316 1.145079 1.05266 0 82.16685 1.71507 1000022 13 0 13.5801 1.574562 1000022 13 1 18 311
1 1.057513 1.112379 0.9951048 0 405.0677 1.540152 1000022 13 1 97.31002 1.128513 1000022 13 1 305 195
1 1.063672 0.7860307 1.245813 1 23.32517 1.367172 1000022 13 1 35.4399 1.218632 1000022 13 1 316 314
1 0.1363718 0.034862 0.3662451 0 122.7739 2.267225 1000022 13 1 42.48812 1.049514 1000022 13 1 21 91
1 1.1849 1.214892 1.148506 1 47.46509 2.086196 1000022 13 0 22.22883 1.327503 1000022 13 1 30 118
