1 1.314649 1.46568 1.173482 1 49.0007 1.053878 6002113 13 0 97.92406 1.565146 6002113 11 1 167 118
1 1.217313 1.182622 1.199648 0 4.538582 1.010531 6002113 11 1 23.59 2.113825 6002113 13 1 169 187
1 1.134034 1.248093 1.022271 1 32.65401 1.49581 6003113 13 0 956.9514 8.141386 6003113 11 1 169 301
1 1.179161 1.206147 1.144075 0 1.369218 1.005583 6001113 11 1 15.44343 1.175761 6001113 13 1 170 120
1 1.174602 1.053046 1.204645 1 24.41794 1.010635 6003113 13 0 398.4358 1.85583 6003113 11 1 171 283
1 1.157728 1.196465 1.111764 1 4.766589 1.050725 6002113 11 1 29.08167 2.212462 6002113 13 1 171 491
1 1.1849 1.214892 1.148506 0 120.1937 1.032455 6002113 11 1 10.30236 2.118939 6002113 13 1 172 386
1 1.058012 1.115802 0.9930252 1 30.56549 1.47528 6002113 13 1 40.00493 2.007318 6002113 11 1 172 419
1 0.9138955 0.6245104 1.1333 0 84.69888 1.138785 6002113 11 1 10.21781 1.009378 6002113 13 1 173 80
1 0.3767309 0.1505117 0.7131262 1 6.590827 1.482358 6001113 11 1 16.61781 2.191684 6001113 13 1 174 259
1 1.048836 1.548763 0.7254791 1 14.62492 1.030035 6002113 13 0 57.1026 1.226341 6002113 11 1 175 92
1 1.75908 2.248522 1.290011 0 100.5582 3.199893 6002113 11 1 18.22118 1.008572 6002113 13 1 175 235
1 1.199401 1.201198 1.170168 0 57.34935 1.083904 6002113 11 1 15.50697 1.085378 6002113 13 1 249 306
1 0.06482654 0.01276116 0.2218368 0 1.279496 3.419021 6001113 11 1 8.443684 1.058111 6001113 13 1 253 250
1 1.550791 1.753763 1.352368 1 23.96169 1.172058 6002113 13 0 74.97825 1.706078 6002113 11 1 253 276
1 1.183608 1.169262 1.159476 1 14.6102 1.565142 6001113 13 1 7.655547 2.039734 6001113 11 1 253 485
1 1.524498 1.73059 1.317664 0 29.9611 4.401696 6002113 11 1 15.53612 1.081195 6002113 13 1 379 462
1 1.167323 1.186361 1.134647 1 121.6574 2.739625 6002113 11 1 15.7229 2.142721 6002113 13 1 380 3
1 0.05673886 0.0108806 0.1995393 0 11.61118 1.275017 6002113 11 1 32.92263 1.137095 6002113 13 1 382 48
1 1.282494 1.437562 1.137462 1 13.68223 1.014509 6001113 13 1 3.550211 1.093902 6001113 11 1 382 67
1 1.034916 1.100018 0.9626585 1 33.0804 1.013231 6002113 13 1 15.65371 1.082185 6002113 11 1 384 43
1 0.4544891 0.2018274 0.792879 1 35.98962 1.324623 6002113 13 0 65.95704 1.074015 6002113 11 1 17 1
1 1.56971 1.920896 1.202337 0 32.21548 1.591169 6002113 13 1 1.064189 1.044147 6002113 11 1 17 432
1 1.575265 1.775696 1.383444 1 27.31388 1.085934 6003113 13 0 184.6584 1.176456 6003113 11 1 19 325
1 1.063672 0.7860307 1.245813 1 33.01303 1.056746 6002113 11 1 8.330246 1.966394 6002113 13 1 19 429
1 1.109295 1.155893 1.053631 1 28.70513 1.168929 6002113 13 0 23.83052 4.225249 6002113 11 1 20 496
1 1.209625 1.112975 1.222657 1 21.82533 1.082306 6002113 13 0 89.36005 2.294278 6002113 11 1 21 13
1 1.49586 1.706142 1.278772 0 43.72069 3.278458 6002113 11 1 29.40949 1.010021 6002113 13 1 21 185
1 1.033406 1.101364 0.958024 0 597.2523 1.471162 6003113 11 1 37.24127 1.266678 6003113 13 1 255 204
1 1.199401 1.201198 1.170168 1 47.71384 2.528958 6002113 11 1 22.56187 1.029517 6002113 13 1 255 263
1 1.199401 1.201198 1.170168 0 36.72508 1.013029 6002113 11 1 31.94848 2.13649 6002113 13 1 255 449
1 0.7934737 0.4881172 1.065644 0 226.6233 1.007359 6003113 11 1 16.95614 1.472899 6003113 13 1 256 296
1 1.225386 1.141194 1.230719 1 21.68736 1.076073 6002113 11 1 17.81779 1.006724 6002113 13 1 257 475
1 1.761918 2.058838 1.43754 0 188.339 1.765566 6003113 11 1 11.22633 1.013108 6003113 13 1 258 189
1 1.190567 1.223018 1.152597 1 12.54069 1.025175 6002113 13 1 37.50751 1.098981 6002113 11 1 258 394
1 0.5675248 0.271593 0.9330701 1 0.4616187 1.903021 6002113 11 1 53.40576 2.321937 6002113 13 1 258 461
1 0.8339615 0.5241884 1.101491 1 30.59197 1.005402 6002113 13 1 4.711058 1.096703 6002113 11 1 176 256
1 0.001480656 0.0002940148 0.00851074 1 5.670516 1.037806 6002113 11 1 24.90655 1.058748 6002113 13 1 177 267
1 0.5226254 0.8798594 0.3137767 0 22.23175 4.916476 6002113 11 1 41.56768 1.133595 6002113 13 1 177 395
1 1.176288 1.010978 1.239274 0 62.58972 1.297017 6003113 11 1 18.87628 1.012569 6003113 13 1 177 421
1 1.20651 1.16088 1.193521 1 1.233507 1.003907 6001113 11 1 11.16833 1.042588 6001113 13 1 178 383
1 1.03119 1.524041 0.7057037 1 30.57619 1.006319 6002113 13 1 36.58261 1.400131 6002113 11 1 179 371
1 1.56971 1.920896 1.202337 1 14.56789 1.007097 6003113 13 0 1907.792 1.766527 6003113 11 1 179 475
1 1.033406 1.101364 0.958024 1 33.58241 1.237422 6003113 13 1 25.9896 1.375421 6003113 11 1 181 46
1 1.058012 1.115802 0.9930252 1 1.829579 2.306851 6001113 11 1 11.05921 1.015944 6001113 13 1 182 204
1 1.055133 1.104334 0.9975671 1 70.42958 2.508514 6002113 11 1 17.47148 1.082913 6002113 13 1 184 42
1 1.183608 1.169262 1.159476 1 29.33494 1.946573 6002113 13 1 29.67311 1.747925 6002113 11 1 185 257
1 0.006131473 0.0009213082 0.03465866 0 51.49474 2.414797 6002113 13 0 10.1924 4.00402 6002113 11 1 186 400
1 1.112575 1.233052 0.9981722 0 3.500692 4.562267 6002113 11 1 65.27978 1.170439 6002113 13 1 187 276
1 1.645109 2.1548 1.183545 1 4.665895 2.269026 6001113 11 1 21.45337 1.125353 6001113 13 1 187 324
1 1.099519 1.139476 1.051563 0 114.9424 1.031099 6002113 11 1 28.88725 1.287187 6002113 13 1 188 216
1 1.0427 1.134261 0.9473373 1 26.48423 1.151169 6002113 11 1 18.79145 1.323864 6002113 13 1 188 248
1 1.298986 1.452146 1.156092 1 11.79375 2.241735 6002113 13 0 69.39953 1.016961 6002113 11 1 24 29
1 0.2792014 0.09677438 0.588659 1 10.88779 1.285524 6002113 11 1 11.64811 2.06936 6002113 13 1 24 212
1 1.057513 1.112379 0.9951048 1 29.36759 1.179455 6002113 13 1 64.56818 2.100052 6002113 11 1 24 240
1 0.1991887 0.05938704 0.4717879 1 38.6146 1.067758 6002113 13 1 3.526067 1.898514 6002113 11 1 25 122
1 1.054444 1.13827 0.9640688 1 36.70743 1.938142 6002113 11 1 34.72085 1.095806 6002113 13 1 29 234
1 1.1849 1.214892 1.148506 1 14.65529 1.012089 6002113 11 1 39.71385 1.024734 6002113 13 1 30 367
1 1.566869 2.206142 1.088645 1 7.686542 1.01519 6001113 13 1 9.145592 1.306713 6001113 11 1 31 257
1 1.282494 1.437562 1.137462 0 45.94375 1.004142 6002113 11 1 28.76928 1.345597 6002113 13 1 388 67
1 1.152501 1.258655 1.04415 1 19.55406 1.324884 6001113 13 1 5.857989 1.597245 6001113 11 1 389 160
1 0.3170899 0.1198369 0.6261138 1 0.3056852 1.539077 6002113 11 1 13.18535 1.157137 6002113 13 1 389 232
1 1.314649 1.46568 1.173482 1 21.9252 2.182025 6002113 13 0 16.63937 6.707945 6002113 11 1 390 86
1 1.298986 1.452146 1.156092 1 5.907924 1.082767 6001113 11 1 6.180843 1.010193 6001113 13 1 392 245
1 1.031225 1.102163 0.9526981 0 13.33565 3.870695 6002113 11 1 11.09251 1.326416 6002113 13 1 395 376
1 0.4442115 0.1872741 0.8068974 1 32.46249 1.158952 6003113 13 0 649.5054 1.14116 6003113 11 1 188 444
1 0.1363718 0.034862 0.3662451 1 18.6199 2.09222 6002113 11 1 18.5536 1.007604 6002113 13 1 191 292
1 1.209625 1.112975 1.222657 1 20.87557 1.073864 6002113 13 0 10.21177 2.033801 6002113 11 1 192 84
1 1.035838 1.098122 0.9666125 1 12.50056 1.534215 6001113 11 1 13.46015 1.257743 6001113 13 1 192 333
1 0.1991887 0.05938704 0.4717879 1 22.38013 1.939992 6002113 13 1 23.07942 1.490329 6002113 11 1 193 209
1 1.213336 1.227995 1.180605 1 22.7018 3.187072 6002113 11 1 12.8775 1.065496 6002113 13 1 260 335
1 1.157728 1.196465 1.111764 1 22.16807 1.007123 6003113 13 0 411.6569 1.311037 6003113 11 1 263 393
1 1.035838 1.098122 0.9666125 0 36.16662 1.006186 6001113 13 1 2.754784 1.28347 6001113 11 1 476 443
1 0.5762256 0.2893137 0.9113798 1 52.62886 1.727014 6002113 11 1 26.97678 1.008229 6002113 13 1 482 389
1 1.152971 1.190243 1.109341 1 10.00967 1.104507 6002113 11 1 21.17669 2.128086 6002113 13 1 486 430
1 1.142868 1.177299 1.103399 1 14.33282 1.094804 6002113 13 0 155.0774 2.218048 6002113 11 1 487 27
1 0.6998869 0.3767799 1.045889 0 53.75967 1.070677 6002113 11 1 20.95741 1.239862 6002113 13 1 237 49
1 1.152971 1.190243 1.109341 1 48.07248 2.604476 6002113 13 0 19.94289 8.779546 6002113 11 1 238 216
1 1.75908 2.248522 1.290011 1 0.5497352 1.807531 6001113 11 1 24.97668 1.006795 6001113 13 1 238 273
1 1.050919 0.8056091 1.198818 1 35.96091 1.332524 6002113 13 0 16.27394 13.39611 6002113 11 1 240 81
1 0.7268606 1.122648 0.4611204 1 19.24461 1.064796 6003113 13 0 66.84738 1.43942 6003113 11 1 241 269
1 0.8339615 0.5241884 1.101491 0 13.40382 3.913002 6002113 11 1 13.19045 1.11124 6002113 13 1 242 463
1 1.191782 1.185832 1.16486 1 21.24353 1.35241 6003113 13 0 158.4931 2.506934 6003113 11 1 243 124
1 1.199428 1.046014 1.251733 1 18.07084 1.078974 6002113 13 0 20.88316 7.965367 6002113 11 1 244 81
1 1.147959 1.183877 1.106546 0 19.45427 2.399074 6002113 11 1 23.99242 2.111329 6002113 13 1 244 207
1 1.056557 1.108524 0.9965968 1 23.99833 2.13238 6003113 13 1 50.92498 1.700309 6003113 11 1 244 424
1 0.4903168 0.2233237 0.8385035 1 31.10445 1.243059 6002113 13 0 31.28128 8.057141 6002113 11 1 245 165
1 0.01785031 0.00275673 0.0833977 0 275.6979 1.454867 6002113 11 1 18.84331 1.155718 6002113 13 1 246 68
1 0.1363718 0.034862 0.3662451 1 20.0022 1.089609 6002113 13 1 12.59492 1.228273 6002113 11 1 247 307
1 1.152971 1.190243 1.109341 1 20.30383 1.117667 6002113 13 1 63.29766 1.807215 6002113 11 1 315 79
1 1.053247 1.09991 0.9980844 1 10.92927 1.099534 6001113 11 1 11.93066 1.008882 6001113 13 1 315 300
1 1.164201 1.711426 0.8059074 0 102.8937 5.13291 6002113 11 1 25.89254 1.036194 6002113 13 1 317 34
1 1.152971 1.190243 1.109341 1 17.39175 1.850169 6002113 11 1 10.19711 1.041386 6002113 13 1 318 298
1 0.6571895 0.3457574 1.000641 0 17.86707 3.990125 6002113 11 1 55.60414 2.280429 6002113 13 1 319 120
1 1.213336 1.227995 1.180605 0 144.1363 5.247673 6002113 11 1 33.02119 1.136712 6002113 13 1 320 223
1 1.225386 1.141194 1.230719 1 10.62047 1.031236 6001113 11 1 12.08848 1.097924 6001113 13 1 320 293
1 0.1707681 0.04642279 0.4356818 1 23.91566 1.206918 6003113 13 0 307.7136 2.277585 6003113 11 1 490 372
1 1.034916 1.100018 0.9626585 0 4.950145 1.044311 6002113 11 1 27.20324 1.076203 6002113 13 1 491 244
1 1.182032 1.113501 1.180358 1 3.127837 1.034189 6002113 11 1 28.59017 1.086756 6002113 13 1 493 38
1 0.5380682 0.2637946 0.8676014 1 2.919213 1.432328 6001113 11 1 10.60795 1.020627 6001113 13 1 493 376
1 0.665028 0.3662483 0.9755856 0 1.379856 1.368724 6001113 11 1 15.7978 1.665515 6001113 13 1 493 418
1 1.641128 1.972201 1.285192 1 2.288675 3.236271 6001113 11 1 12.94635 1.133379 6001113 13 1 123 166
1 1.15499 1.021547 1.194574 1 10.25448 1.065181 6002113 13 0 144.4249 1.140769 6002113 11 1 125 323
1 1.75908 2.248522 1.290011 1 30.31499 1.040648 6002113 13 1 27.78704 2.85296 6002113 11 1 128 207
1 1.058012 1.115802 0.9930252 1 0.7252194 2.204716 6001113 11 1 10.02212 1.102429 6001113 13 1 129 65
1 0.747205 0.4303799 1.057145 1 15.39764 1.064907 6001113 13 1 1.223932 1.026152 6001113 11 1 129 254
1 0.4544891 0.2018274 0.792879 1 12.98972 2.373897 6001113 13 1 1.426919 1.009211 6001113 11 1 130 129
1 1.866054 2.331325 1.3979 1 16.04892 2.947057 6002113 11 1 20.84406 1.180704 6002113 13 1 130 208
1 1.054444 1.13827 0.9640688 0 88.08755 1.247805 6002113 11 1 35.66676 1.010819 6002113 13 1 130 238
1 0.4445066 0.7265916 0.2710897 1 19.89921 1.028141 6002113 11 1 12.61761 2.151782 6002113 13 1 130 474
1 1.036252 1.095703 0.9699052 1 6.553939 1.039841 6002113 11 1 14.77445 1.260219 6002113 13 1 131 30
1 1.225386 1.141194 1.230719 1 18.72828 1.20742 6002113 13 1 27.43906 1.328229 6002113 11 1 322 40
1 0.8748782 0.5617447 1.136825 0 56.36203 14.07823 6002113 11 1 48.50327 2.227625 6002113 13 1 323 92
1 1.031225 1.102163 0.9526981 1 36.88565 1.021103 6002113 13 1 13.23566 1.110824 6002113 11 1 325 293
1 1.062846 1.139449 0.9784784 1 75.47545 1.62724 6002113 13 0 78.40002 2.08463 6002113 11 1 325 330
1 1.298986 1.452146 1.156092 1 9.095228 2.047786 6002113 13 1 36.65064 1.055356 6002113 11 1 325 426
1 0.5762256 0.2893137 0.9113798 0 692.39 1.145715 6003113 11 1 42.4464 2.361233 6003113 13 1 325 485
1 1.147959 1.183877 1.106546 1 9.212832 1.613919 6002113 11 1 10.84136 1.167551 6002113 13 1 328 88
1 1.095596 1.133769 1.050051 0 28.78333 3.760017 6002113 11 1 21.86273 1.011514 6002113 13 1 328 152
1 0.9138955 0.6245104 1.1333 1 34.99737 1.749521 6002113 13 1 3.26748 2.108773 6002113 11 1 328 180
1 1.062846 1.139449 0.9784784 0 24.25261 1.70957 6002113 11 1 28.33927 2.010864 6002113 13 1 330 189
1 1.575265 1.775696 1.383444 1 26.11386 1.025992 6002113 13 1 38.83884 2.310569 6002113 11 1 331 317
1 1.289688 1.878288 0.892531 1 7.103146 1.039037 6001113 13 1 2.18453 1.007566 6001113 11 1 332 414
1 1.10316 1.145079 1.05266 1 12.3896 1.031761 6002113 13 0 50.73796 5.691985 6002113 11 1 336 495
1 1.812285 2.096335 1.505211 1 12.15885 1.231313 6003113 13 0 362.2765 1.010032 6003113 11 1 338 301
1 0.6159488 0.3166172 0.9557644 1 1.510477 1.188223 6001113 11 1 12.38968 1.011669 6001113 13 1 136 190
1 1.099696 0.9023142 1.195627 1 29.24455 2.327661 6002113 13 1 3.622091 1.010036 6002113 11 1 136 326
1 1.182032 1.113501 1.180358 0 89.56644 2.881293 6002113 11 1 30.37329 2.040339 6002113 13 1 138 453
1 1.055133 1.104334 0.9975671 1 6.185419 1.019732 6001113 11 1 25.87411 2.235026 6001113 13 1 139 131
1 1.112575 1.233052 0.9981722 1 21.12231 1.390918 6002113 11 1 28.82337 1.012217 6002113 13 1 139 213
1 1.49586 1.706142 1.278772 1 5.493236 1.723186 6001113 11 1 19.56468 1.186893 6001113 13 1 494 47
1 1.152971 1.190243 1.109341 0 1181.871 8.920886 6003113 11 1 30.67459 1.014416 6003113 13 1 494 288
1 1.035838 1.098122 0.9666125 1 27.10296 1.008485 6002113 13 1 37.58323 1.702306 6002113 11 1 495 21
1 1.126364 0.9389989 1.211138 1 18.34868 2.206801 6002113 13 1 5.511535 2.413577 6002113 11 1 495 400
1 1.033406 1.101364 0.958024 1 9.145595 1.008901 6001113 11 1 17.74422 1.4161 6001113 13 1 496 262
1 1.145385 0.9245803 1.259718 1 26.66424 1.678711 6003113 13 0 173.418 1.769245 6003113 11 1 496 350
1 0.06958118 0.01446482 0.2254303 1 24.91439 1.007112 6002113 11 1 15.28765 1.629824 6002113 13 1 497 228
1 1.114777 0.884905 1.24054 1 39.14925 1.335927 6002113 13 1 13.02036 2.083205 6002113 11 1 498 19
1 1.194803 1.137859 1.187115 1 13.78716 1.355803 6002113 11 1 30.16951 1.026463 6002113 13 1 498 59
1 1.134034 1.248093 1.022271 0 65.41537 1.846765 6002113 11 1 22.57372 1.013006 6002113 13 1 498 389
1 0.5279956 0.2465533 0.8852676 1 22.73854 2.303087 6002113 13 1 19.34268 2.572735 6002113 11 1 498 484
1 0.277155 0.4798076 0.1597663 0 85.55723 4.246305 6002113 11 1 20.30258 1.925706 6002113 13 1 500 108
1 1.167323 1.186361 1.134647 1 82.90803 1.347333 6002113 11 1 18.57105 2.192913 6002113 13 1 970 109
1 1.149237 1.698801 0.7921503 0 18.00472 2.256236 6002113 11 1 44.32782 1.381974 6002113 13 1 970 251
1 1.152501 1.258655 1.04415 1 9.581593 1.248226 6002113 13 0 73.11947 1.130251 6002113 11 1 970 421
1 1.26516 1.422013 1.117256 1 32.31361 1.238662 6002113 13 0 19.97998 2.803172 6002113 11 1 932 479
1 1.149237 1.698801 0.7921503 1 29.81197 1.454647 6002113 13 1 9.240413 1.721259 6002113 11 1 933 321
1 0.05673886 0.0108806 0.1995393 1 1.677502 1.370357 6002113 11 1 19.95402 1.294901 6002113 13 1 646 35
1 1.034916 1.100018 0.9626585 1 10.50908 1.739188 6002113 11 1 21.56685 1.838832 6002113 13 1 646 242
1 0.8748782 0.5617447 1.136825 1 22.71451 1.006921 6002113 13 0 6.125523 1.212633 6002113 11 1 646 428
1 1.059052 1.139164 0.9715886 1 5.750633 2.265475 6002113 11 1 12.91246 1.190882 6002113 13 1 647 477
1 1.329532 1.478061 1.189894 0 69.71258 1.072433 6002113 11 1 19.32718 1.078374 6002113 13 1 648 86
1 0.001146163 0.0002355771 0.006417017 0 4.741902 5.640646 6002113 11 1 73.88525 2.776313 6002113 13 1 649 274
1 1.174602 1.053046 1.204645 1 39.24472 1.014174 6002113 13 1 55.3661 2.585619 6002113 11 1 650 38
1 0.8339615 0.5241884 1.101491 1 49.96353 1.080189 6002113 11 1 14.31178 1.70693 6002113 13 1 651 275
1 1.03119 1.524041 0.7057037 1 0.1422309 2.128063 6002113 11 1 52.23662 1.259107 6002113 13 1 658 341
1 0.1214868 0.03012302 0.3349064 1 18.57017 1.089388 6002113 13 1 14.30232 1.690369 6002113 11 1 658 355
1 1.575265 1.775696 1.383444 1 10.92715 1.240547 6001113 11 1 18.88139 1.126853 6001113 13 1 660 283
1 0.9517445 0.6636014 1.162862 0 37.44624 6.602623 6002113 11 1 31.03279 1.255408 6002113 13 1 661 124
1 1.1849 1.214892 1.148506 1 13.58821 2.270628 6003113 13 0 199.0194 1.518281 6003113 11 1 661 448
1 1.183608 1.169262 1.159476 1 34.53805 1.306771 6001113 11 1 24.2732 1.136327 6001113 13 1 971 412
1 1.054444 1.13827 0.9640688 1 52.09919 1.671979 6002113 11 1 16.93242 1.013956 6002113 13 1 972 264
1 0.7934737 0.4881172 1.065644 1 9.894195 2.646482 6002113 11 0 41.07943 1.251286 6002113 13 1 972 317
1 1.03119 1.524041 0.7057037 1 24.15824 1.509577 6002113 11 1 26.80937 2.028622 6002113 13 1 557 424
1 1.03119 1.524041 0.7057037 0 274.7533 1.134956 6003113 11 1 12.0191 1.019044 6003113 13 1 557 500
1 0.6998869 0.3767799 1.045889 1 21.82443 1.055184 6002113 13 0 156.6413 2.451526 6002113 11 1 558 412
1 0.05673886 0.0108806 0.1995393 0 4.422548 1.595543 6002113 11 1 53.2306 1.205627 6002113 13 1 560 331
1 1.033406 1.101364 0.958024 1 0.8879845 1.005378 6002113 11 0 23.66056 1.219291 6002113 13 1 560 477
1 1.0427 1.134261 0.9473373 0 12.701 1.211319 6002113 11 1 11.21044 1.006034 6002113 13 1 562 85
1 0.789787 0.4650854 1.097808 1 34.1003 2.043261 6002113 13 1 36.8543 1.250728 6002113 11 1 562 242
1 1.062846 1.139449 0.9784784 1 5.606977 1.744225 6002113 11 1 15.65828 1.288734 6002113 13 1 563 63
1 1.176288 1.010978 1.239274 0 21.80437 1.008111 6002113 11 1 10.14435 1.012823 6002113 13 1 565 213
1 1.048997 1.136673 0.9559695 1 12.40487 1.009946 6002113 13 0 75.79633 1.01454 6002113 11 1 566 380
1 1.761918 2.058838 1.43754 1 8.397791 1.121699 6002113 11 1 17.46597 2.113122 6002113 13 1 566 448
1 1.192805 1.083559 1.213989 1 32.0925 1.243522 6002113 13 0 10.48275 9.043063 6002113 11 1 567 183
1 0.3355998 0.123277 0.6770892 1 16.01814 1.451285 6003113 13 0 537.5124 2.188177 6003113 11 1 569 118
1 1.035838 1.098122 0.9666125 1 0.2429246 1.145512 6001113 11 1 7.690638 1.007194 6001113 13 1 569 150
1 1.329532 1.478061 1.189894 1 16.77833 1.11188 6002113 13 1 11.05599 1.258507 6002113 11 1 569 339
1 0.9574994 0.6410515 1.205563 1 23.00836 1.00597 6002113 13 1 2.091005 1.128533 6002113 11 1 569 340
1 0.6159488 0.3166172 0.9557644 1 9.534222 2.122983 6001113 11 1 13.17057 1.255676 6001113 13 1 663 334
1 1.405111 1.934095 0.9833891 0 1536.353 2.30377 6003113 11 1 26.18721 1.147007 6003113 13 1 664 26
1 1.050919 0.8056091 1.198818 0 95.33389 1.463506 6002113 11 1 21.11457 1.955193 6002113 13 1 665 394
1 1.134034 1.248093 1.022271 1 10.77332 1.192617 6002113 11 1 13.99457 1.008959 6002113 13 1 667 123
1 0.747205 0.4303799 1.057145 1 49.87943 1.806809 6003113 13 0 215.2287 3.079038 6003113 11 1 669 87
1 1.143675 1.253919 1.033471 0 14.73779 1.996341 6002113 11 1 19.173 3.555794 6002113 13 1 669 207
1 1.126364 0.9389989 1.211138 1 5.820714 1.093256 6001113 13 1 3.503835 1.688704 6001113 11 1 670 230
1 1.209625 1.112975 1.222657 1 43.37624 1.30944 6002113 11 0 52.52543 2.163026 6002113 13 1 672 390
1 0.008330494 0.001239311 0.04569742 1 17.2063 2.359968 6002113 11 1 17.24773 1.009631 6002113 13 1 673 392
1 1.056557 1.108524 0.9965968 1 6.395533 1.026726 6001113 13 1 1.346468 1.149295 6001113 11 1 675 221
1 1.147959 1.183877 1.106546 1 1.679608 1.012871 6002113 11 1 15.88698 2.385459 6002113 13 1 675 238
1 0.7268606 1.122648 0.4611204 1 14.4704 1.2937 6002113 11 1 19.41845 1.008322 6002113 13 1 679 245
1 1.0427 1.134261 0.9473373 0 3.410486 4.265924 6002113 11 1 30.03499 1.037472 6002113 13 1 679 337
1 1.152971 1.190243 1.109341 1 27.33268 1.933095 6002113 11 1 12.11031 1.158787 6002113 13 1 680 72
1 0.003019196 0.0005044267 0.01820843 1 45.41864 1.016944 6002113 13 0 111.2756 2.15531 6002113 11 1 572 72
1 1.145385 0.9245803 1.259718 1 34.55075 1.040855 6002113 13 1 7.235887 1.047293 6002113 11 1 844 273
1 1.031225 1.102163 0.9526981 1 24.83427 2.189582 6002113 13 1 84.65486 2.086084 6002113 11 1 844 465
1 1.050919 0.8056091 1.198818 1 3.178646 1.112134 6001113 11 1 16.81638 1.259555 6001113 13 1 844 497
1 0.8332192 0.5015442 1.138243 1 17.36262 1.012692 6002113 13 0 41.42421 5.917132 6002113 11 1 845 336
1 1.106427 1.150534 1.053346 1 2.446943 1.377039 6001113 11 1 9.449392 1.22482 6001113 13 1 849 138
1 1.641128 1.972201 1.285192 1 14.12249 1.144355 6002113 13 0 50.17957 1.006867 6002113 11 1 849 394
1 1.099519 1.139476 1.051563 1 1.549158 1.008947 6001113 11 1 7.512063 1.005671 6001113 13 1 851 410
1 1.099696 0.9023142 1.195627 1 26.27333 1.263312 6002113 13 0 72.16467 1.039316 6002113 11 1 852 231
1 0.3459568 0.1344595 0.6687537 0 9.448186 1.088029 6001113 11 1 19.90897 1.018872 6001113 13 1 853 429
1 1.034916 1.100018 0.9626585 1 50.49086 1.107757 6002113 11 1 25.21793 1.120622 6002113 13 1 854 81
1 1.134034 1.248093 1.022271 1 26.03392 1.183303 6003113 13 0 943.321 1.871808 6003113 11 1 854 140
1 1.053247 1.09991 0.9980844 1 11.03582 1.299052 6001113 13 0 2.717528 3.015636 6001113 11 1 855 344
1 1.56971 1.920896 1.202337 1 20.56595 1.08461 6002113 13 1 21.84695 1.984209 6002113 11 1 856 292
1 1.063672 0.7860307 1.245813 0 23.33394 1.075174 6002113 13 0 63.87187 1.139376 6002113 11 1 857 278
1 1.112575 1.233052 0.9981722 0 12.15037 1.006186 6002113 11 1 28.10949 1.008068 6002113 13 1 858 122
1 1.812285 2.096335 1.505211 1 9.837906 1.129248 6002113 13 0 115.3005 2.18179 6002113 11 1 681 91
1 0.9574994 0.6410515 1.205563 0 59.57339 1.006563 6002113 11 1 20.99675 1.005866 6002113 13 1 685 193
1 0.8339615 0.5241884 1.101491 1 19.84848 1.056515 6002113 13 1 23.59774 1.118889 6002113 11 1 687 474
1 1.199428 1.046014 1.251733 1 13.31237 1.099662 6001113 13 1 4.139607 1.74288 6001113 11 1 688 107
1 1.083255 0.8452013 1.220206 1 0.766295 1.274787 6001113 11 1 11.47343 1.009893 6001113 13 1 898 206
1 0.3170899 0.1198369 0.6261138 0 136.0382 2.002177 6002113 11 1 8.100904 1.102358 6002113 13 1 899 52
1 0.9160994 0.6007248 1.171549 1 5.226497 1.073722 6002113 11 1 12.54398 1.181535 6002113 13 1 900 79
1 1.314649 1.46568 1.173482 1 16.39227 1.11875 6002113 11 0 27.71355 2.066676 6002113 13 1 900 196
1 1.190567 1.223018 1.152597 0 76.40295 1.009915 6002113 11 1 14.58903 2.071125 6002113 13 1 902 136
1 1.099519 1.139476 1.051563 1 18.3756 1.197001 6002113 13 1 13.49199 1.836131 6002113 11 1 902 373
1 1.054444 1.13827 0.9640688 1 3.122026 1.013506 6001113 11 1 7.037686 1.005459 6001113 13 1 904 109
1 0.1707681 0.04642279 0.4356818 0 11.27301 1.426949 6002113 11 1 14.0533 1.012549 6002113 13 1 904 423
1 1.1849 1.214892 1.148506 0 36.70848 1.508456 6002113 11 1 19.05549 2.389769 6002113 13 1 905 26
1 1.059052 1.139164 0.9715886 1 16.65166 2.143678 6001113 13 1 4.239135 1.600784 6001113 11 1 905 170
1 1.167323 1.186361 1.134647 1 67.12675 1.701728 6002113 13 0 155.8739 5.766002 6002113 11 1 906 21
1 1.206555 1.21522 1.17542 0 7.177359 1.012521 6001113 11 1 5.56733 1.940139 6001113 13 1 907 118
1 0.2208223 0.06788179 0.510611 1 17.17822 1.023423 6002113 13 1 14.44885 1.005764 6002113 11 1 907 161
1 0.114587 0.02674881 0.3330998 1 7.334573 1.226172 6001113 13 1 2.50098 1.005645 6001113 11 1 908 8
1 1.49586 1.706142 1.278772 0 99.20012 1.169943 6002113 11 1 30.78726 1.208146 6002113 13 1 910 427
1 0.9138955 0.6245104 1.1333 1 24.80922 1.289182 6002113 11 1 18.85088 1.127546 6002113 13 1 911 124
1 1.036252 1.095703 0.9699052 1 7.002627 1.153837 6001113 13 1 0.7294094 1.177129 6001113 11 1 911 349
1 1.134034 1.248093 1.022271 1 60.11808 1.221353 6002113 13 0 22.11841 3.991819 6002113 11 1 912 379
1 0.9160994 0.6007248 1.171549 1 32.40932 1.093793 6002113 13 1 5.324153 1.421109 6002113 11 1 913 193
1 0.8383967 1.273376 0.5409222 1 29.29087 1.134116 6002113 13 0 84.88992 1.00575 6002113 11 1 952 389
1 1.173319 1.196671 1.139395 0 328.1463 1.251562 6003113 11 1 13.45974 1.31502 6003113 13 1 953 34
1 1.059052 1.139164 0.9715886 1 16.44689 1.073623 6002113 13 1 0.02179262 1.295087 6002113 11 1 953 416
1 1.059052 1.139164 0.9715886 1 14.68654 1.086668 6002113 13 0 83.25495 1.204852 6002113 11 1 955 307
1 1.194803 1.137859 1.187115 1 10.31852 1.079903 6002113 13 0 170.4967 1.90423 6002113 11 1 538 168
1 1.183608 1.169262 1.159476 1 40.04819 1.098183 6002113 13 0 134.1172 1.366976 6002113 11 1 538 268
1 1.151918 0.9752633 1.225726 1 24.19858 2.392941 6003113 11 1 46.87191 1.134385 6003113 13 1 140 225
1 1.137649 1.170432 1.099925 1 2.651667 1.256056 6001113 11 1 13.20699 1.289331 6001113 13 1 141 33
1 1.182032 1.113501 1.180358 0 60.6639 1.18378 6002113 11 1 29.60355 1.223865 6002113 13 1 141 421
1 1.063672 0.7860307 1.245813 0 357.2459 1.01416 6003113 11 1 16.59317 1.257819 6003113 13 1 142 72
1 1.1849 1.214892 1.148506 1 50.71395 1.883594 6003113 13 0 777.0995 2.471181 6003113 11 1 143 361
1 0.8383967 1.273376 0.5409222 1 21.38029 1.049366 6002113 13 0 4.58802 3.883471 6002113 11 1 144 442
1 1.298986 1.452146 1.156092 1 18.4095 1.19867 6002113 13 0 127.1963 4.352993 6002113 11 1 340 70
1 0.747205 0.4303799 1.057145 1 22.16881 1.094708 6002113 13 0 27.51892 3.587038 6002113 11 1 340 193
1 1.641128 1.972201 1.285192 1 59.93059 2.223346 6002113 11 1 30.12149 1.236349 6002113 13 1 340 225
1 1.227292 1.202911 1.205555 1 2.642166 1.208703 6001113 11 1 10.02902 1.049673 6001113 13 1 340 241
1 0.9517445 0.6636014 1.162862 1 13.67127 1.007717 6002113 13 0 54.12599 1.176265 6002113 11 1 340 314
1 1.56971 1.920896 1.202337 1 11.52218 1.748688 6002113 11 1 33.41568 1.008845 6002113 13 1 342 436
1 0.7055845 0.3974356 1.016366 1 8.254186 1.843812 6002113 11 1 30.14626 1.025353 6002113 13 1 343 87
1 0.5179346 0.9281273 0.2807825 0 336.016 1.732794 6003113 11 1 30.73563 1.010045 6003113 13 1 346 303
1 1.035838 1.098122 0.9666125 0 1.897402 1.117488 6002113 11 1 32.32503 1.090788 6002113 13 1 349 203
1 0.008972122 0.001331868 0.04754584 1 15.13616 1.017298 6002113 13 0 35.67339 3.605652 6002113 11 1 349 278
1 1.055133 1.104334 0.9975671 0 13.41698 3.450561 6002113 11 1 30.78486 2.447034 6002113 13 1 351 87
1 1.112575 1.233052 0.9981722 0 452.5922 2.599527 6003113 11 1 37.66471 1.011758 6003113 13 1 352 207
1 1.142868 1.177299 1.103399 1 34.08912 1.101059 6003113 13 0 56.98461 2.222499 6003113 11 1 352 208
1 1.206555 1.21522 1.17542 1 25.32723 1.008688 6002113 13 1 1.768208 2.223438 6002113 11 1 353 26
1 1.055133 1.104334 0.9975671 0 55.25589 1.033967 6002113 11 1 12.61976 1.013021 6002113 13 1 354 29
1 0.6998869 0.3767799 1.045889 0 38.41012 3.213677 6002113 11 1 10.49828 1.073692 6002113 13 1 356 85
1 1.134034 1.248093 1.022271 0 81.41737 1.442638 6002113 11 1 43.92274 1.13672 6002113 13 1 356 362
1 1.142868 1.177299 1.103399 1 16.68818 1.014909 6002113 13 1 0.1534732 1.004151 6002113 11 1 357 72
1 0.6159488 0.3166172 0.9557644 0 86.6488 1.253076 6002113 11 1 6.820878 1.036105 6002113 13 1 357 206
1 1.190567 1.223018 1.152597 0 104.609 1.011641 6002113 11 0 28.96176 1.00775 6002113 13 1 146 329
1 1.227292 1.202911 1.205555 1 19.63341 1.203384 6002113 13 1 44.09264 1.078597 6002113 11 1 147 27
1 1.057513 1.112379 0.9951048 1 15.0538 1.256275 6002113 13 0 71.92998 1.077563 6002113 11 1 147 184
1 1.182032 1.113501 1.180358 1 8.0324 1.134123 6001113 13 1 12.24694 1.009459 6001113 11 1 147 288
1 1.053247 1.09991 0.9980844 1 47.72579 1.011953 6002113 11 1 28.08193 2.277108 6002113 13 1 147 302
1 1.173319 1.196671 1.139395 1 35.54833 2.946131 6002113 13 0 52.42447 2.658686 6002113 11 1 150 184
1 0.9219857 1.364073 0.6240806 1 32.95383 1.515891 6002113 11 1 28.32027 1.064756 6002113 13 1 156 267
1 1.314649 1.46568 1.173482 0 142.8339 3.759261 6002113 11 1 45.1868 1.313399 6002113 13 1 158 40
1 1.147959 1.183877 1.106546 1 12.71683 1.10095 6001113 13 1 3.684436 1.076184 6001113 11 1 159 264
1 1.217313 1.182622 1.199648 1 31.97348 1.129606 6002113 13 0 47.56423 1.037151 6002113 11 1 160 334
1 1.126364 0.9389989 1.211138 1 24.08118 1.022226 6002113 11 1 11.10677 1.004952 6002113 13 1 161 338
1 1.209625 1.112975 1.222657 1 13.45175 2.164869 6002113 11 1 32.67204 1.211319 6002113 13 1 162 481
1 1.109295 1.155893 1.053631 1 45.34166 1.06263 6002113 13 0 47.665 6.165968 6002113 11 1 163 1
1 1.050919 0.8056091 1.198818 1 20.58805 1.031013 6001113 13 1 1.015781 1.142137 6001113 11 1 163 333
1 1.192805 1.083559 1.213989 1 40.42797 1.013063 6002113 13 0 85.82277 1.932505 6002113 11 1 163 455
1 1.03119 1.524041 0.7057037 1 10.4273 1.007357 6002113 11 1 19.51045 1.005893 6002113 13 1 163 487
1 1.145385 0.9245803 1.259718 1 11.42447 1.979653 6002113 11 1 17.69394 1.102874 6002113 13 1 359 174
1 1.194803 1.137859 1.187115 1 21.04584 1.337453 6002113 11 1 28.17998 1.017933 6002113 13 1 359 281
1 1.137649 1.170432 1.099925 0 243.7797 1.306078 6003113 11 1 34.29443 1.142178 6003113 13 1 360 477
1 1.10316 1.145079 1.05266 1 36.6461 1.009695 6003113 13 0 536.4089 2.811655 6003113 11 1 361 11
1 0.04601344 0.008200601 0.1755223 1 8.663833 1.028525 6001113 13 1 2.475793 1.027149 6001113 11 1 361 226
1 0.00526219 0.000796892 0.0301381 1 28.0448 2.296732 6002113 11 1 16.89667 1.902245 6002113 13 1 362 199
1 1.109295 1.155893 1.053631 0 60.27167 1.316983 6002113 11 1 18.97136 1.006268 6002113 13 1 362 283
1 1.059052 1.139164 0.9715886 1 22.8887 1.793626 6002113 13 0 217.5722 1.189201 6002113 11 1 363 299
1 1.282494 1.437562 1.137462 1 22.91589 1.033503 6001113 13 1 3.692734 1.711191 6001113 11 1 364 184
1 1.147959 1.183877 1.106546 1 49.1236 1.246481 6002113 13 0 6.91102 6.919829 6002113 11 1 364 470
1 1.055133 1.104334 0.9975671 1 10.28751 1.008861 6001113 13 1 5.290726 2.154612 6001113 11 1 365 73
1 1.164201 1.711426 0.8059074 1 5.784402 1.20445 6002113 11 1 24.97004 1.011497 6002113 13 1 365 383
1 1.031225 1.102163 0.9526981 1 12.73829 1.29501 6002113 13 1 27.51744 1.738691 6002113 11 1 365 469
1 1.031225 1.102163 0.9526981 1 15.9907 1.015319 6002113 13 0 59.13766 1.300755 6002113 11 1 369 93
1 1.641128 1.972201 1.285192 1 27.55115 1.161071 6002113 13 1 21.11405 1.408154 6002113 11 1 369 466
1 1.209625 1.112975 1.222657 0 38.85785 1.167172 6002113 11 1 14.90377 1.087888 6002113 13 1 372 7
1 1.031225 1.102163 0.9526981 1 23.20008 1.005803 6002113 13 0 107.9067 1.548198 6002113 11 1 372 95
1 1.199401 1.201198 1.170168 1 33.26954 1.183634 6003113 13 0 5.477666 9.388901 6003113 11 1 372 413
1 1.42456 2.044705 0.9864829 0 30.96028 1.006752 6002113 11 1 13.75422 1.248075 6002113 13 1 165 43
1 1.028816 2.178673 0.4767559 1 28.333 1.020234 6003113 13 0 624.3387 2.934394 6003113 11 1 165 101
1 1.173319 1.196671 1.139395 1 1.764924 1.043759 6001113 11 1 11.19122 1.269979 6001113 13 1 517 459
1 1.192805 1.083559 1.213989 1 19.66001 1.136835 6002113 11 1 11.59373 1.224228 6002113 13 1 518 156
1 1.194803 1.137859 1.187115 1 37.80287 1.723538 6003113 13 0 672.047 1.589284 6003113 11 1 519 200
1 1.575265 1.775696 1.383444 1 82.20033 1.447369 6002113 13 0 8.10777 4.87242 6002113 11 1 994 259
1 1.157728 1.196465 1.111764 1 35.61301 1.105142 6002113 13 0 86.03952 1.115075 6002113 11 1 994 435
1 1.206555 1.21522 1.17542 0 93.86033 1.003538 6002113 11 1 30.99049 1.069604 6002113 13 1 995 315
1 1.048997 1.136673 0.9559695 1 32.34181 1.167346 6002113 11 1 41.45179 1.426703 6002113 13 1 995 444
1 0.7268606 1.122648 0.4611204 1 9.623789 1.006162 6001113 13 1 1.043959 1.455121 6001113 11 1 996 449
1 0.5762256 0.2893137 0.9113798 1 7.14106 1.021228 6002113 13 0 70.92852 1.024717 6002113 11 1 996 490
1 0.665028 0.3662483 0.9755856 1 13.10021 1.012724 6002113 13 0 137.8894 1.048374 6002113 11 1 790 143
1 1.550791 1.753763 1.352368 0 2.666317 1.537967 6002113 11 1 22.92325 2.181583 6002113 13 1 790 196
1 0.6998869 0.3767799 1.045889 1 2.249677 2.063235 6001113 11 1 7.908368 1.07887 6001113 13 1 791 197
1 1.761918 2.058838 1.43754 1 19.43098 1.111097 6001113 13 1 4.245104 1.139057 6001113 11 1 792 27
1 0.9894024 0.7036328 1.19152 1 0.08021524 2.563853 6002113 11 1 43.78889 1.63992 6002113 13 1 792 207
1 1.033406 1.101364 0.958024 0 6.88129 2.340799 6001113 11 1 9.766821 1.006156 6001113 13 1 792 219
1 0.8383967 1.273376 0.5409222 1 36.0163 1.015789 6003113 13 0 65.47221 1.003307 6003113 11 1 792 349
1 1.566869 2.206142 1.088645 1 16.80424 1.067118 6002113 13 1 39.56454 1.575929 6002113 11 1 794 106
1 1.143675 1.253919 1.033471 1 8.68498 1.411287 6001113 13 0 2.189604 1.013041 6001113 11 1 794 283
1 1.314649 1.46568 1.173482 1 19.01384 1.095332 6001113 13 1 0.3969296 1.009977 6001113 11 1 795 137
1 0.1014541 0.02299071 0.3029553 0 483.9819 1.774414 6003113 11 1 17.23908 1.268651 6003113 13 1 796 334
1 1.199401 1.201198 1.170168 1 20.19634 1.01384 6002113 11 1 14.30119 2.070655 6002113 13 1 798 259
1 0.665028 0.3662483 0.9755856 1 4.464095 1.327934 6002113 11 0 37.67353 1.337058 6002113 13 1 800 152
1 0.6679293 1.172073 0.374902 1 26.88615 1.08769 6003113 13 0 904.6747 1.005756 6003113 11 1 800 156
1 1.209625 1.112975 1.222657 1 7.261196 1.344025 6001113 11 1 21.2279 1.1773 6001113 13 1 800 421
1 1.314649 1.46568 1.173482 1 21.6041 1.14683 6002113 13 0 49.11348 1.045893 6002113 11 1 801 286
1 0.3355998 0.123277 0.6770892 1 12.5974 1.010262 6002113 13 0 64.21994 1.566626 6002113 11 1 805 24
1 1.017868 0.7662661 1.176325 1 27.7426 1.082671 6002113 13 0 75.34637 1.933888 6002113 11 1 805 219
1 1.143675 1.253919 1.033471 1 32.42481 1.188953 6002113 13 0 25.20185 3.973614 6002113 11 1 999 51
1 1.194803 1.137859 1.187115 0 16.08993 1.320745 6002113 11 1 11.44696 1.351842 6002113 13 1 1000 88
1 1.225386 1.141194 1.230719 1 62.18639 2.381794 6002113 13 1 10.26282 1.017612 6002113 11 1 1000 284
1 1.314649 1.46568 1.173482 1 27.98808 1.740464 6002113 13 1 33.81517 2.582704 6002113 11 1 597 58
1 1.15499 1.021547 1.194574 1 17.60304 1.104535 6002113 13 0 10.21579 3.36462 6002113 11 1 597 481
1 1.033406 1.101364 0.958024 1 33.84808 1.031364 6002113 11 1 31.01838 1.272565 6002113 13 1 599 222
1 0.5762256 0.2893137 0.9113798 1 41.31617 2.284601 6002113 11 1 10.58989 1.028423 6002113 13 1 600 128
1 1.053247 1.09991 0.9980844 1 19.63369 1.012403 6001113 13 1 0.1515322 2.384809 6001113 11 1 600 166
1 1.213336 1.227995 1.180605 0 311.5452 1.025117 6003113 11 1 15.90601 1.260426 6003113 13 1 601 335
1 1.137649 1.170432 1.099925 1 13.63982 2.113499 6001113 13 1 3.09396 1.472813 6001113 11 1 603 375
1 1.190567 1.223018 1.152597 0 73.01653 1.673331 6002113 11 1 22.12115 1.178243 6002113 13 1 605 26
1 1.134034 1.248093 1.022271 0 13.67593 1.318984 6001113 11 1 14.20082 1.134067 6001113 13 1 606 124
1 0.6998869 0.3767799 1.045889 1 15.71635 1.205046 6002113 13 1 12.49888 1.962879 6002113 11 1 607 61
1 1.112575 1.233052 0.9981722 1 18.00976 1.130385 6003113 13 0 585.2333 1.0786 6003113 11 1 607 276
1 1.282494 1.437562 1.137462 1 14.50527 1.009012 6003113 13 0 331.7254 1.186227 6003113 11 1 607 377
1 1.329532 1.478061 1.189894 0 9.442925 1.034663 6002113 11 1 15.0605 1.005071 6002113 13 1 934 216
1 0.7268606 1.122648 0.4611204 1 16.36143 2.22103 6001113 13 0 8.269807 1.544713 6001113 11 1 935 92
1 1.050919 0.8056091 1.198818 1 5.072229 1.007712 6002113 11 1 14.85302 1.005909 6002113 13 1 935 372
1 0.6998869 0.3767799 1.045889 1 14.75943 1.080123 6001113 13 1 9.450874 3.013862 6001113 11 1 937 48
1 1.227292 1.202911 1.205555 1 42.35125 1.321948 6002113 13 1 30.94271 1.564091 6002113 11 1 937 403
1 1.524498 1.73059 1.317664 1 51.46051 1.71309 6002113 13 0 66.07885 1.452096 6002113 11 1 520 57
1 1.036252 1.095703 0.9699052 1 35.86625 1.710814 6002113 13 0 84.87447 1.027433 6002113 11 1 520 343
1 0.2792014 0.09677438 0.588659 1 6.288328 1.459435 6001113 11 1 11.83334 1.006581 6001113 13 1 520 396
1 1.112575 1.233052 0.9981722 1 35.67678 1.18196 6002113 13 1 34.32232 1.28656 6002113 11 1 521 278
1 1.182032 1.113501 1.180358 1 16.81963 1.925111 6003113 13 0 24.05535 1.01405 6003113 11 1 523 25
1 0.03009876 0.005032814 0.1242768 1 23.72753 1.086017 6002113 13 0 130.9308 1.006056 6002113 11 1 524 9
1 1.194803 1.137859 1.187115 0 688.118 1.01716 6003113 11 1 25.99726 1.093163 6003113 13 1 524 46
1 1.152501 1.258655 1.04415 1 53.15756 1.063039 6002113 13 1 15.04062 1.50518 6002113 11 1 525 127
1 1.56971 1.920896 1.202337 1 21.02261 1.853277 6003113 13 1 3.836807 1.603962 6003113 11 1 525 222
1 1.151918 0.9752633 1.225726 0 69.04854 2.240304 6003113 11 1 20.25134 1.132174 6003113 13 1 525 478
1 0.3170899 0.1198369 0.6261138 0 81.54323 1.321641 6002113 11 1 29.75435 1.015107 6002113 13 1 526 328
1 1.183608 1.169262 1.159476 1 10.9507 1.009032 6001113 13 1 7.943136 2.259773 6001113 11 1 526 420
1 1.329532 1.478061 1.189894 1 16.81083 1.934544 6001113 13 0 2.022709 1.417811 6001113 11 1 526 439
1 1.524498 1.73059 1.317664 1 15.4873 2.483262 6001113 13 1 2.332361 2.471491 6001113 11 1 528 208
1 0.7055845 0.3974356 1.016366 0 56.09654 1.263045 6002113 11 1 12.74409 1.142983 6002113 13 1 530 285
1 1.106427 1.150534 1.053346 1 37.20858 3.056686 6002113 13 0 114.5805 3.303989 6002113 11 1 531 422
1 1.142868 1.177299 1.103399 1 18.16971 1.080718 6002113 13 1 14.10594 1.034756 6002113 11 1 532 367
1 1.206555 1.21522 1.17542 1 28.53867 1.144192 6002113 13 0 98.52972 2.181466 6002113 11 1 533 148
1 1.143675 1.253919 1.033471 0 181.4581 1.03603 6003113 11 1 24.65508 1.820965 6003113 13 1 533 245
1 1.033406 1.101364 0.958024 1 23.76579 1.015944 6003113 13 0 495.3141 7.199237 6003113 11 1 608 364
1 1.106427 1.150534 1.053346 0 0.05549465 2.126294 6002113 11 1 12.73441 1.031279 6002113 13 1 609 210
1 0.4903168 0.2233237 0.8385035 1 12.62302 2.205784 6002113 13 0 137.6735 1.283406 6002113 11 1 609 339
1 0.8383967 1.273376 0.5409222 0 103.1934 2.482344 6002113 11 1 38.92979 2.932405 6002113 13 1 880 26
1 1.15499 1.021547 1.194574 0 33.21635 3.631562 6002113 11 1 21.35782 1.00757 6002113 13 1 880 161
1 0.6571895 0.3457574 1.000641 1 0.04705459 1.340616 6001113 11 1 14.12978 1.006977 6001113 13 1 882 23
1 1.106427 1.150534 1.053346 1 25.00266 2.1215 6003113 13 1 18.82315 1.664897 6003113 11 1 882 438
1 1.099696 0.9023142 1.195627 1 10.62972 1.28297 6002113 13 0 75.00816 1.160387 6002113 11 1 883 315
1 1.036252 1.095703 0.9699052 1 42.97985 2.418275 6002113 13 1 4.649407 1.45631 6002113 11 1 884 316
1 1.034916 1.100018 0.9626585 1 37.33913 1.219698 6002113 11 1 19.8576 1.03052 6002113 13 1 884 449
1 1.49586 1.706142 1.278772 1 24.93138 1.166468 6002113 11 1 11.4284 1.162969 6002113 13 1 884 473
1 1.526225 2.04983 1.080738 0 44.27765 1.253808 6003113 13 0 816.4647 3.584777 6003113 11 1 885 57
1 1.192805 1.083559 1.213989 1 22.90341 1.095345 6002113 13 1 7.248919 1.112977 6002113 11 1 886 480
1 1.063672 0.7860307 1.245813 0 614.1398 1.054603 6003113 11 1 10.50409 1.21855 6003113 13 1 887 139
1 1.199401 1.201198 1.170168 1 2.120131 1.041101 6002113 11 1 19.42493 1.030501 6002113 13 1 55 305
1 1.190567 1.223018 1.152597 1 13.86737 1.094196 6002113 13 1 0.9255525 1.397157 6002113 11 1 57 174
1 0.6998869 0.3767799 1.045889 0 7.216484 3.516995 6002113 11 1 38.18075 1.018144 6002113 13 1 57 349
1 1.206555 1.21522 1.17542 1 5.246497 1.02485 6001113 11 1 9.357032 1.210598 6001113 13 1 60 77
1 1.49586 1.706142 1.278772 0 95.82497 1.1277 6002113 11 1 28.48813 2.403346 6002113 13 1 60 192
1 1.15499 1.021547 1.194574 0 11.8119 4.884438 6002113 11 1 26.85295 1.913072 6002113 13 1 585 211
1 0.9138955 0.6245104 1.1333 1 33.90389 2.093134 6002113 13 1 9.555757 2.181126 6002113 11 1 585 311
1 0.4544891 0.2018274 0.792879 1 35.17292 1.005041 6002113 11 1 8.755647 1.011106 6002113 13 1 585 313
1 1.112575 1.233052 0.9981722 1 16.22076 1.00775 6002113 13 1 10.20572 1.010406 6002113 11 1 586 30
1 1.173319 1.196671 1.139395 1 21.38677 1.246589 6002113 13 0 72.04572 1.737347 6002113 11 1 586 178
1 0.04601344 0.008200601 0.1755223 1 6.59757 1.005444 6002113 11 1 20.61412 1.140116 6002113 13 1 586 317
1 0.004252809 0.0006661682 0.02512871 1 0.5822756 1.0035 6001113 11 1 7.924541 1.028773 6001113 13 1 587 383
1 1.183608 1.169262 1.159476 1 24.48198 1.165611 6002113 13 1 0.05475213 1.005924 6002113 11 1 588 122
1 1.179161 1.206147 1.144075 0 141.5813 1.13113 6002113 11 1 23.06589 1.130785 6002113 13 1 589 331
1 0.6235333 0.981489 0.3895437 1 6.504853 1.566321 6001113 11 1 14.87781 1.089582 6001113 13 1 590 104
1 0.5762256 0.2893137 0.9113798 1 47.07164 2.185954 6002113 11 1 28.26001 1.008867 6002113 13 1 590 425
1 0.4205023 0.1819855 0.7484848 1 20.2169 2.120105 6003113 13 0 1020.64 1.055193 6003113 11 1 591 82
1 1.20651 1.16088 1.193521 1 16.74783 1.231852 6002113 13 0 5.654376 2.173519 6002113 11 1 862 283
1 1.062846 1.139449 0.9784784 1 98.21021 2.125578 6002113 11 1 49.77384 1.912951 6002113 13 1 630 60
1 1.524498 1.73059 1.317664 1 38.46851 1.038316 6002113 13 1 11.93275 1.004668 6002113 11 1 633 375
1 1.199401 1.201198 1.170168 1 18.94803 1.846021 6002113 13 1 52.85663 3.312931 6002113 11 1 633 429
1 0.001927587 0.0003547033 0.01149695 0 489.296 1.201198 6003113 11 1 20.5488 1.120428 6003113 13 1 635 248
1 1.056557 1.108524 0.9965968 1 12.08019 1.104613 6002113 13 1 5.345787 1.165803 6002113 11 1 636 119
1 1.106427 1.150534 1.053346 1 1.928246 1.652787 6002113 11 1 116.3237 1.542302 6002113 13 1 636 208
1 1.109295 1.155893 1.053631 0 1.773123 1.190095 6002113 11 1 13.52256 1.246099 6002113 13 1 638 256
1 1.199428 1.046014 1.251733 1 2.03107 1.027584 6001113 11 1 5.430011 1.048934 6001113 13 1 639 62
1 1.298986 1.452146 1.156092 1 4.629177 1.052157 6002113 11 1 20.27937 1.011979 6002113 13 1 639 136
1 1.114777 0.884905 1.24054 1 21.46487 1.09418 6002113 13 0 92.38142 1.54872 6002113 11 1 639 404
1 0.2539062 0.08544197 0.5475258 1 11.32127 1.286899 6001113 13 1 7.836195 1.248469 6001113 11 1 641 240
1 0.5380682 0.2637946 0.8676014 1 21.50138 1.099966 6002113 13 0 75.25654 1.0748 6002113 11 1 641 500
1 1.036252 1.095703 0.9699052 1 37.5983 1.024599 6002113 13 0 89.36412 1.374269 6002113 11 1 642 87
1 1.034916 1.100018 0.9626585 1 12.03345 2.847621 6002113 11 1 31.42224 1.170245 6002113 13 1 642 119
1 1.190567 1.223018 1.152597 1 11.98195 1.036854 6002113 11 1 27.18709 1.010151 6002113 13 1 644 76
1 1.149237 1.698801 0.7921503 1 20.65631 1.00439 6002113 13 1 16.32714 1.033519 6002113 11 1 553 115
1 1.227292 1.202911 1.205555 0 41.69303 1.665888 6002113 11 1 39.60106 1.266376 6002113 13 1 827 25
1 0.9574994 0.6410515 1.205563 1 42.53033 1.219442 6002113 13 0 197.3066 1.413061 6002113 11 1 827 385
1 1.149237 1.698801 0.7921503 1 14.75455 1.110435 6002113 13 0 51.49004 1.121813 6002113 11 1 827 456
1 1.1849 1.214892 1.148506 0 2.846284 1.111832 6001113 11 1 7.046439 1.109979 6001113 13 1 828 133
1 1.062846 1.139449 0.9784784 1 30.92055 1.207329 6002113 13 0 84.78673 1.278557 6002113 11 1 828 227
1 1.126364 0.9389989 1.211138 1 15.74028 1.58387 6002113 11 1 28.01254 1.120742 6002113 13 1 829 57
1 1.152971 1.190243 1.109341 0 17.93721 4.582237 6002113 11 1 23.24423 1.616168 6002113 13 1 829 158
1 1.282494 1.437562 1.137462 0 109.3871 1.021538 6002113 11 1 11.48493 1.2011 6002113 13 1 829 268
1 1.057513 1.112379 0.9951048 0 41.77918 1.002922 6002113 11 1 27.64065 3.42836 6002113 13 1 830 52
1 1.190567 1.223018 1.152597 1 29.54079 2.252542 6002113 13 0 41.8988 4.150187 6002113 11 1 830 484
1 1.329532 1.478061 1.189894 1 27.0125 1.08324 6002113 13 1 37.81148 1.00559 6002113 11 1 834 102
1 0.9160994 0.6007248 1.171549 1 21.5673 1.010156 6002113 11 1 19.10856 1.38198 6002113 13 1 836 131
1 0.4094664 0.1680855 0.7591912 1 29.03242 1.621302 6002113 11 1 11.55238 1.095765 6002113 13 1 836 298
1 1.083255 0.8452013 1.220206 1 4.172072 1.395564 6002113 11 1 21.24479 1.102122 6002113 13 1 836 385
1 1.157728 1.196465 1.111764 0 5.932559 2.318088 6002113 11 1 12.99794 1.214867 6002113 13 1 838 215
1 1.106427 1.150534 1.053346 1 50.88248 1.840813 6002113 11 1 13.84675 1.019619 6002113 13 1 838 367
1 0.8332192 0.5015442 1.138243 1 20.43047 1.108726 6002113 13 1 17.47866 1.010199 6002113 11 1 839 64
1 1.157728 1.196465 1.111764 0 57.60919 1.61884 6002113 11 1 22.84927 1.119678 6002113 13 1 839 78
1 1.036252 1.095703 0.9699052 0 1.941914 1.084794 6002113 11 1 19.58276 2.209042 6002113 13 1 840 155
1 1.054444 1.13827 0.9640688 1 48.43968 1.139518 6002113 11 1 27.3282 1.193268 6002113 13 1 865 366
1 1.059052 1.139164 0.9715886 1 42.44257 1.214312 6002113 13 0 0.01645427 1.253916 6002113 11 1 866 25
1 1.143675 1.253919 1.033471 0 0.05428917 1.223769 6001113 11 1 9.202047 1.087613 6001113 13 1 868 198
1 1.42456 2.044705 0.9864829 1 10.04316 1.104164 6002113 13 0 26.96371 1.661717 6002113 11 1 868 234
1 0.7934737 0.4881172 1.065644 0 50.07 1.418512 6002113 11 1 22.59395 1.212572 6002113 13 1 870 60
1 1.405111 1.934095 0.9833891 1 12.62063 1.095172 6001113 13 0 5.247416 1.011866 6001113 11 1 870 142
1 1.405111 1.934095 0.9833891 1 31.36625 1.085558 6002113 11 1 17.44034 1.149243 6002113 13 1 870 437
1 1.152971 1.190243 1.109341 0 93.33922 2.306956 6002113 11 1 24.76169 1.019078 6002113 13 1 871 411
1 1.174602 1.053046 1.204645 1 27.82143 1.077582 6002113 13 1 0.8529797 1.006352 6002113 11 1 875 245
1 1.209625 1.112975 1.222657 1 27.74498 1.011874 6001113 11 1 11.42535 1.14095 6001113 13 1 875 499
1 1.0427 1.134261 0.9473373 1 30.98908 2.155719 6002113 13 0 60.55035 1.012389 6002113 11 1 876 411
1 1.209625 1.112975 1.222657 0 517.3747 2.740786 6003113 11 1 18.10788 1.25767 6003113 13 1 879 8
1 0.004946925 0.0007649757 0.02896901 0 28.11766 8.636516 6002113 11 1 58.34131 1.861911 6002113 13 1 879 127
1 1.059052 1.139164 0.9715886 0 203.7719 1.129829 6003113 11 1 9.080566 1.049364 6003113 13 1 992 234
1 1.126364 0.9389989 1.211138 0 101.7114 1.29691 6002113 11 1 15.10972 1.079039 6002113 13 1 918 470
1 1.106427 1.150534 1.053346 1 41.21374 2.406654 6002113 11 1 13.05344 1.09116 6002113 13 1 920 183
1 1.099519 1.139476 1.051563 1 27.31108 1.1082 6002113 13 1 55.60305 1.579252 6002113 11 1 920 404
1 0.0400028 0.006971349 0.1567229 1 27.46966 1.072767 6002113 13 1 20.26288 1.893427 6002113 11 1 921 74
1 1.173319 1.196671 1.139395 1 25.12247 2.795741 6002113 11 1 41.20013 1.053834 6002113 13 1 922 95
1 1.031225 1.102163 0.9526981 0 79.27165 1.006555 6002113 11 1 26.4485 1.008013 6002113 13 1 922 193
1 1.137649 1.170432 1.099925 1 16.06601 2.188369 6002113 13 0 92.55587 1.024981 6002113 11 1 925 254
1 1.213336 1.227995 1.180605 1 52.08969 1.107259 6002113 13 0 75.47889 2.41899 6002113 11 1 925 287
1 1.109295 1.155893 1.053631 1 12.56345 1.017552 6001113 13 1 5.078657 1.196684 6001113 11 1 926 80
1 0.9894024 0.7036328 1.19152 1 21.97165 1.006969 6002113 13 1 54.91892 1.648346 6002113 11 1 928 241
1 1.063672 0.7860307 1.245813 0 17.59601 5.690953 6002113 11 1 89.51315 1.215773 6002113 13 1 928 251
1 1.329532 1.478061 1.189894 1 34.27058 1.020874 6002113 13 1 6.730095 2.219868 6002113 11 1 931 239
1 1.314649 1.46568 1.173482 1 20.99747 1.245897 6002113 13 0 51.32972 1.02398 6002113 11 1 932 233
1 0.8332192 0.5015442 1.138243 1 8.110983 1.078758 6002113 13 0 72.43736 1.03425 6002113 11 1 842 154
1 1.063672 0.7860307 1.245813 1 46.64142 1.557468 6002113 11 1 30.0101 1.199754 6002113 13 1 842 438
1 0.4269872 0.7264097 0.2541938 1 30.60456 2.215741 6002113 11 1 18.23039 1.043193 6002113 13 1 843 226
1 0.8339615 0.5241884 1.101491 1 9.614668 1.152228 6002113 13 1 44.37981 1.610647 6002113 11 1 843 459
1 1.048997 1.136673 0.9559695 1 31.77526 1.354419 6002113 11 1 14.67526 2.14082 6002113 13 1 956 357
1 1.058012 1.115802 0.9930252 0 478.5384 5.455277 6003113 11 1 18.3858 2.169423 6003113 13 1 956 448
1 1.182032 1.113501 1.180358 1 32.03886 1.032223 6002113 13 1 21.8389 1.025171 6002113 11 1 958 363
1 0.4544891 0.2018274 0.792879 1 7.828769 1.006335 6001113 13 1 7.323997 1.84042 6001113 11 1 959 217
1 0.2208223 0.06788179 0.510611 1 26.71461 1.080206 6002113 11 1 30.06067 2.370286 6002113 13 1 961 164
1 1.173319 1.196671 1.139395 0 58.92496 1.085 6002113 11 1 22.69123 1.129676 6002113 13 1 961 168
1 1.134034 1.248093 1.022271 1 21.07634 1.250026 6003113 13 0 1016.851 1.227161 6003113 11 1 961 295
1 1.179161 1.206147 1.144075 1 44.75563 1.039273 6002113 11 0 23.7823 1.006243 6002113 13 1 962 58
1 0.7055845 0.3974356 1.016366 1 0.9020692 1.83328 6001113 11 1 7.405003 1.017231 6001113 13 1 962 354
1 0.9574994 0.6410515 1.205563 1 21.76574 1.038738 6002113 13 1 31.8161 1.123765 6002113 11 1 962 406
1 1.550791 1.753763 1.352368 0 132.0587 3.462245 6002113 11 1 10.07156 1.069111 6002113 13 1 963 479
1 0.02402195 0.003812468 0.1069883 1 30.11796 1.220995 6002113 13 1 1.06108 1.020188 6002113 11 1 964 49
1 1.26516 1.422013 1.117256 1 46.04657 1.305524 6002113 11 1 46.53432 1.87884 6002113 13 1 965 111
1 0.8748782 0.5617447 1.136825 1 28.4645 1.01824 6002113 11 1 34.9515 1.627324 6002113 13 1 965 114
1 1.152501 1.258655 1.04415 1 15.86532 1.007893 6002113 11 1 14.52215 1.278315 6002113 13 1 965 371
1 0.5762256 0.2893137 0.9113798 0 1321.396 1.029744 6003113 11 1 22.03279 1.43703 6003113 13 1 967 181
1 1.036252 1.095703 0.9699052 0 48.11008 3.104012 6002113 11 1 24.45367 1.069451 6002113 13 1 967 196
1 0.4442115 0.1872741 0.8068974 1 21.53386 1.493006 6002113 11 1 20.15579 2.823487 6002113 13 1 967 257
1 1.057513 1.112379 0.9951048 0 424.9989 1.155893 6003113 11 1 14.34861 1.240515 6003113 13 1 968 124
1 1.26516 1.422013 1.117256 0 174.3268 1.066884 6003113 11 1 22.37772 1.00592 6003113 13 1 969 155
1 1.282494 1.437562 1.137462 1 52.32877 2.557181 6002113 13 0 82.99081 9.885029 6002113 11 1 215 157
1 1.199401 1.201198 1.170168 1 11.90066 1.015615 6001113 13 1 9.867503 1.69409 6001113 11 1 216 173
1 0.9517445 0.6636014 1.162862 0 368.1671 1.365934 6003113 11 1 13.14753 1.132887 6003113 13 1 217 314
1 1.1849 1.214892 1.148506 1 31.33963 1.011275 6002113 13 1 19.8763 1.491131 6002113 11 1 218 192
1 1.062846 1.139449 0.9784784 1 34.58947 1.255374 6002113 13 0 41.96797 2.884114 6002113 11 1 97 297
1 1.227292 1.202911 1.205555 1 9.933169 1.093346 6001113 13 1 3.887878 1.462959 6001113 11 1 99 419
1 0.1991887 0.05938704 0.4717879 0 463.1237 1.141784 6003113 11 1 44.33257 2.190462 6003113 13 1 100 360
1 1.227292 1.202911 1.205555 1 5.812569 1.33165 6003113 11 1 27.95869 1.216453 6003113 13 1 101 222
1 0.6571895 0.3457574 1.000641 1 19.51043 1.984424 6002113 13 1 33.40388 2.295012 6002113 11 1 101 297
1 1.227292 1.202911 1.205555 1 28.40148 1.007331 6002113 13 1 1.669763 1.154731 6002113 11 1 102 462
1 1.143675 1.253919 1.033471 1 58.77148 1.836305 6003113 13 0 312.6866 2.338994 6003113 11 1 103 61
1 1.017868 0.7662661 1.176325 0 3.540169 1.575288 6001113 11 1 10.93359 1.08475 6001113 13 1 103 436
1 1.058012 1.115802 0.9930252 1 21.09855 1.32143 6002113 13 1 24.51749 2.334882 6002113 11 1 459 285
1 0.2792014 0.09677438 0.588659 1 10.65292 1.196696 6002113 13 1 32.85369 1.389317 6002113 11 1 460 42
1 0.9160994 0.6007248 1.171549 1 55.86538 1.95321 6002113 11 1 45.85785 1.116145 6002113 13 1 462 284
1 1.192805 1.083559 1.213989 1 67.0823 1.314884 6003113 13 0 36.48316 5.3964 6003113 11 1 463 14
1 1.033406 1.101364 0.958024 0 10.80013 6.98735 6002113 11 1 45.89398 1.155554 6002113 13 1 463 335
1 1.151918 0.9752633 1.225726 1 47.73339 1.52146 6002113 11 1 30.53071 1.196583 6002113 13 1 467 43
1 1.033406 1.101364 0.958024 0 2.268802 2.700341 6002113 11 1 32.83205 1.831876 6002113 13 1 467 265
1 1.213336 1.227995 1.180605 1 9.069571 1.140656 6001113 13 1 1.496342 1.088315 6001113 11 1 467 292
1 1.199401 1.201198 1.170168 1 27.74397 1.981145 6002113 11 1 10.49594 1.139708 6002113 13 1 468 314
1 0.7055845 0.3974356 1.016366 1 54.95823 2.697159 6002113 11 1 24.75217 1.013611 6002113 13 1 468 479
1 1.194803 1.137859 1.187115 1 23.16948 1.910142 6002113 13 1 3.876817 1.235578 6002113 11 1 469 244
1 1.031225 1.102163 0.9526981 1 24.13255 1.008735 6002113 13 0 25.19437 1.004898 6002113 11 1 221 8
1 1.137649 1.170432 1.099925 1 11.04903 1.57189 6001113 11 1 9.388567 1.570496 6001113 13 1 221 78
1 0.747205 0.4303799 1.057145 1 45.85803 2.036262 6003113 13 0 590.0729 1.509917 6003113 11 1 221 96
1 1.145385 0.9245803 1.259718 1 28.68881 1.008363 6002113 13 1 45.03474 2.086306 6002113 11 1 221 495
1 1.1849 1.214892 1.148506 0 97.28757 1.1222 6002113 11 1 36.50693 1.007141 6002113 13 1 223 178
1 1.206555 1.21522 1.17542 1 54.16079 2.541271 6002113 13 0 2.354237 4.358162 6002113 11 1 224 159
1 1.099696 0.9023142 1.195627 1 15.21778 1.100203 6001113 13 1 5.861362 1.732024 6001113 11 1 226 100
1 1.206555 1.21522 1.17542 1 9.657412 1.49398 6002113 11 1 38.73715 1.296351 6002113 13 1 226 271
1 1.20651 1.16088 1.193521 1 25.48005 2.705087 6002113 11 1 18.21435 1.144253 6002113 13 1 228 117
1 1.46424 1.680344 1.235249 1 18.39532 1.004174 6002113 11 1 14.62589 1.084881 6002113 13 1 229 387
1 1.017868 0.7662661 1.176325 0 54.35127 1.131542 6002113 11 1 17.80739 1.008112 6002113 13 1 296 161
1 0.5380682 0.2637946 0.8676014 0 3.343451 1.020923 6002113 11 1 25.59535 1.071794 6002113 13 1 297 116
1 1.194803 1.137859 1.187115 1 18.02627 1.060718 6002113 11 1 33.8718 1.183336 6002113 13 1 298 416
1 1.524498 1.73059 1.317664 1 39.54298 1.296454 6002113 11 1 20.76251 2.084363 6002113 13 1 300 231
1 1.143675 1.253919 1.033471 1 25.39698 1.171891 6002113 13 1 27.49601 1.247834 6002113 11 1 469 470
1 0.7934737 0.4881172 1.065644 1 18.78764 1.010738 6002113 13 1 3.900978 1.04949 6002113 11 1 471 30
1 1.167323 1.186361 1.134647 1 76.41689 2.364219 6002113 13 1 4.877569 1.002394 6002113 11 1 472 9
1 1.227292 1.202911 1.205555 0 382.7513 1.938521 6003113 11 1 14.96764 1.191457 6003113 13 1 472 485
1 1.056557 1.108524 0.9965968 0 273.8264 1.031529 6002113 11 1 30.36887 1.160209 6002113 13 1 473 166
1 0.3458254 0.5933005 0.203245 1 15.14277 1.309482 6001113 13 1 3.728656 1.057852 6001113 11 1 105 6
1 1.289688 1.878288 0.892531 1 13.73617 1.006088 6002113 13 0 218.1006 1.023741 6002113 11 1 105 71
1 1.206555 1.21522 1.17542 1 17.03034 1.011137 6002113 13 1 50.2626 1.086926 6002113 11 1 105 175
1 1.109295 1.155893 1.053631 1 20.47483 1.205237 6003113 13 1 50.95257 1.167598 6003113 11 1 106 76
1 1.213336 1.227995 1.180605 1 0.2483408 1.058765 6002113 11 1 17.73638 1.124297 6002113 13 1 106 91
1 1.227292 1.202911 1.205555 1 2.418442 1.509483 6001113 11 1 12.00304 1.199084 6001113 13 1 106 252
1 0.5279956 0.2465533 0.8852676 1 34.78198 1.014252 6002113 13 0 4.006139 3.816924 6002113 11 1 107 55
1 1.227292 1.202911 1.205555 0 1.284688 1.083254 6002113 11 1 15.91942 1.106494 6002113 13 1 107 237
1 1.112575 1.233052 0.9981722 1 26.17382 1.588569 6002113 13 1 3.452798 1.175692 6002113 11 1 107 257
1 1.034916 1.100018 0.9626585 1 30.75653 1.039014 6002113 13 1 1.685767 1.953636 6002113 11 1 109 52
1 1.142868 1.177299 1.103399 0 256.4208 1.018093 6003113 11 1 28.76305 1.004891 6003113 13 1 109 68
1 1.157728 1.196465 1.111764 1 7.473328 2.177314 6002113 11 1 17.53609 1.013531 6002113 13 1 109 131
1 1.174602 1.053046 1.204645 1 13.29142 1.012941 6002113 13 0 2.613577 3.534003 6002113 11 1 109 143
1 0.7934737 0.4881172 1.065644 0 2.596174 1.446581 6002113 11 1 21.93901 1.00669 6002113 13 1 110 33
1 1.063672 0.7860307 1.245813 1 5.020311 2.006337 6002113 11 1 66.16657 2.024409 6002113 13 1 110 360
1 1.099696 0.9023142 1.195627 1 62.07381 1.222839 6002113 11 1 27.6034 2.191402 6002113 13 1 111 177
1 1.123647 1.241142 1.010512 1 9.806196 2.07916 6002113 11 1 10.82861 1.807677 6002113 13 1 111 363
1 0.6998869 0.3767799 1.045889 0 350.7971 1.003878 6003113 11 1 7.161666 1.064235 6003113 13 1 112 175
1 1.053247 1.09991 0.9980844 1 10.22987 1.650606 6002113 13 1 23.17979 1.322885 6002113 11 1 112 263
1 1.298986 1.452146 1.156092 1 47.21566 1.014728 6002113 13 1 13.58213 2.484146 6002113 11 1 113 211
1 0.6571895 0.3457574 1.000641 1 36.15951 1.1324 6002113 13 0 54.4947 1.004307 6002113 11 1 113 432
1 1.062846 1.139449 0.9784784 1 29.68813 2.178636 6002113 11 1 9.847807 1.030462 6002113 13 1 114 398
1 1.575265 1.775696 1.383444 1 24.36689 2.558753 6002113 11 1 39.0939 1.056826 6002113 13 1 115 82
1 1.314649 1.46568 1.173482 1 15.36005 1.010712 6001113 13 1 9.063268 1.012768 6001113 11 1 305 262
1 1.055133 1.104334 0.9975671 0 50.80737 3.66505 6002113 11 1 50.03603 1.043684 6002113 13 1 305 267
1 1.550791 1.753763 1.352368 1 19.02035 1.554509 6002113 13 0 58.74015 1.553438 6002113 11 1 306 52
1 1.036252 1.095703 0.9699052 1 1.233299 1.124357 6002113 11 1 24.50984 1.268222 6002113 13 1 306 349
1 0.7055845 0.3974356 1.016366 1 10.85758 1.084997 6002113 13 0 129.0155 1.205642 6002113 11 1 307 379
1 1.034916 1.100018 0.9626585 1 32.0516 1.045746 6001113 11 1 8.591221 1.007459 6001113 13 1 307 427
1 1.225386 1.141194 1.230719 1 17.14461 2.379023 6002113 11 1 16.2922 1.149432 6002113 13 1 308 82
1 1.289688 1.878288 0.892531 1 29.61614 1.059088 6002113 13 0 38.24165 2.0637 6002113 11 1 310 329
1 1.199401 1.201198 1.170168 1 29.37914 1.51511 6002113 13 1 15.19996 1.027453 6002113 11 1 311 309
1 0.747205 0.4303799 1.057145 1 44.46785 1.955499 6002113 13 1 1.778297 1.053872 6002113 11 1 312 310
1 0.1214868 0.03012302 0.3349064 0 22.81772 3.968824 6002113 11 1 30.9852 1.049103 6002113 13 1 312 450
1 1.03119 1.524041 0.7057037 1 35.31519 1.115233 6002113 13 1 15.58594 2.287786 6002113 11 1 312 490
1 1.645109 2.1548 1.183545 1 16.0846 1.043492 6002113 13 1 8.282309 1.436862 6002113 11 1 313 299
1 1.106427 1.150534 1.053346 0 1.116864 6.06418 6001113 11 1 9.030246 1.148824 6001113 13 1 230 347
1 0.5226254 0.8798594 0.3137767 1 13.86601 1.030651 6002113 13 1 4.330398 2.859581 6002113 11 1 231 388
1 0.5279956 0.2465533 0.8852676 0 98.13476 1.534303 6002113 11 1 11.93393 1.103969 6002113 13 1 232 43
1 0.7242169 1.085561 0.4754195 1 22.68782 2.150414 6002113 13 1 38.88439 1.010442 6002113 11 1 232 481
1 1.048997 1.136673 0.9559695 1 10.01237 1.135067 6002113 11 1 20.84776 1.004632 6002113 13 1 233 60
1 0.5279956 0.2465533 0.8852676 0 21.37546 3.341854 6002113 11 1 25.64409 1.177989 6002113 13 1 233 130
1 0.8748782 0.5617447 1.136825 1 11.62355 1.203104 6002113 13 1 14.39538 2.105877 6002113 11 1 746 132
1 1.056557 1.108524 0.9965968 1 15.42463 2.22115 6002113 13 1 18.46872 1.03852 6002113 11 1 747 30
1 1.49586 1.706142 1.278772 1 34.28286 1.275609 6002113 13 0 42.93031 1.193276 6002113 11 1 748 354
1 0.6571895 0.3457574 1.000641 1 13.49436 1.240473 6002113 11 1 14.3593 1.004919 6002113 13 1 754 32
1 1.058012 1.115802 0.9930252 0 40.52671 1.829049 6002113 11 1 34.49838 2.233969 6002113 13 1 754 144
1 1.056557 1.108524 0.9965968 1 24.9948 1.011007 6002113 13 1 41.29918 1.917338 6002113 11 1 754 387
1 1.048997 1.136673 0.9559695 1 14.51484 1.948332 6002113 13 1 76.17328 2.004677 6002113 11 1 755 130
1 1.055133 1.104334 0.9975671 0 46.00484 6.042309 6002113 11 1 69.86648 1.682386 6002113 13 1 759 123
1 1.134034 1.248093 1.022271 1 40.62259 2.624233 6002113 11 1 27.13071 1.00896 6002113 13 1 759 214
1 0.4445066 0.7265916 0.2710897 0 104.8465 1.04763 6002113 11 1 26.91439 1.196867 6002113 13 1 762 65
1 1.048836 1.548763 0.7254791 1 15.38136 1.233926 6002113 11 1 18.03863 1.147599 6002113 13 1 762 289
1 1.048997 1.136673 0.9559695 1 0.4731612 1.120932 6002113 11 1 45.60908 2.351882 6002113 13 1 763 113
1 1.058012 1.115802 0.9930252 0 265.0444 1.706417 6002113 11 1 21.76493 1.136377 6002113 13 1 763 237
1 0.9517445 0.6636014 1.162862 0 2.40316 1.142068 6001113 11 1 12.91887 1.160537 6001113 13 1 766 418
1 0.4442115 0.1872741 0.8068974 1 23.18969 1.108245 6002113 11 1 40.7898 1.872913 6002113 13 1 768 238
1 1.199428 1.046014 1.251733 0 2.389118 1.012408 6002113 11 1 15.99073 1.892373 6002113 13 1 769 255
1 0.3355998 0.123277 0.6770892 1 39.75389 1.296824 6003113 11 1 24.42336 1.741438 6003113 13 1 771 94
1 1.213336 1.227995 1.180605 1 25.67215 1.273923 6002113 13 0 0.02564298 1.456926 6002113 11 1 772 340
1 1.183608 1.169262 1.159476 1 11.87887 1.005662 6002113 13 1 13.63328 1.011817 6002113 11 1 774 114
1 1.575265 1.775696 1.383444 1 25.32083 1.03975 6002113 13 0 2.491915 5.378623 6002113 11 1 776 57
1 1.053247 1.09991 0.9980844 1 13.22198 1.005836 6002113 11 1 25.27854 1.208606 6002113 13 1 776 60
1 0.789787 0.4650854 1.097808 1 1.411914 1.062078 6002113 11 1 20.4318 1.126863 6002113 13 1 776 277
1 1.173319 1.196671 1.139395 0 146.7018 1.661399 6003113 11 1 29.87643 1.061064 6003113 13 1 778 44
1 0.6998869 0.3767799 1.045889 1 12.23549 1.022221 6002113 13 1 16.22666 1.012269 6002113 11 1 778 167
1 1.063672 0.7860307 1.245813 0 86.1886 1.137315 6002113 11 1 27.1396 1.130619 6002113 13 1 778 361
1 0.2539062 0.08544197 0.5475258 1 11.35009 2.206236 6002113 13 1 14.71408 1.10271 6002113 11 1 779 371
1 1.209625 1.112975 1.222657 0 13.45527 1.477148 6002113 11 1 31.10107 1.010387 6002113 13 1 782 141
1 1.152501 1.258655 1.04415 1 35.66245 1.250957 6002113 13 1 40.12842 1.005785 6002113 11 1 783 155
1 1.641128 1.972201 1.285192 1 10.905 1.218679 6002113 11 1 35.33677 1.011331 6002113 13 1 783 194
1 1.054444 1.13827 0.9640688 1 46.43008 1.358432 6002113 11 1 24.73045 1.156213 6002113 13 1 783 320
1 0.3355998 0.123277 0.6770892 1 18.08944 3.061558 6002113 13 0 131.8801 1.063943 6002113 11 1 896 167
1 1.147959 1.183877 1.106546 0 25.09757 1.125637 6002113 11 1 11.98086 1.005509 6002113 13 1 896 193
1 0.8748782 0.5617447 1.136825 0 48.74464 4.724771 6002113 11 1 28.57506 1.643319 6002113 13 1 897 5
1 1.812285 2.096335 1.505211 1 32.97061 2.114754 6002113 13 1 2.346272 2.136824 6002113 11 1 897 390
1 1.173319 1.196671 1.139395 1 37.26398 1.109466 6002113 11 1 32.87256 1.296023 6002113 13 1 610 266
1 0.4094664 0.1680855 0.7591912 1 1.168954 1.006982 6001113 11 1 15.1091 1.065003 6001113 13 1 612 469
1 0.4205023 0.1819855 0.7484848 1 49.61885 1.134261 6003113 13 0 82.42905 1.358957 6003113 11 1 613 138
1 1.152501 1.258655 1.04415 1 17.58413 3.207849 6002113 13 0 5.641023 1.075563 6002113 11 1 614 47
1 1.173319 1.196671 1.139395 1 30.85153 1.011969 6003113 13 0 202.8908 3.002378 6003113 11 1 614 223
1 1.199401 1.201198 1.170168 1 15.89082 1.09699 6002113 13 0 13.90278 3.498219 6002113 11 1 615 354
1 1.142868 1.177299 1.103399 1 23.04897 1.63437 6003113 13 0 588.6335 1.101452 6003113 11 1 619 139
1 1.056557 1.108524 0.9965968 1 24.67598 1.161636 6003113 13 0 749.3992 1.557825 6003113 11 1 619 214
1 1.192805 1.083559 1.213989 1 30.95097 1.787377 6002113 13 0 37.95821 3.442884 6002113 11 1 621 263
1 1.057513 1.112379 0.9951048 0 840.1766 1.334148 6003113 11 1 18.82915 1.224021 6003113 13 1 622 299
1 0.9138955 0.6245104 1.1333 1 1.214983 1.138972 6002113 11 1 30.48099 1.006662 6002113 13 1 623 124
1 0.5380682 0.2637946 0.8676014 1 25.84137 1.628807 6002113 11 1 31.13307 1.03471 6002113 13 1 623 144
1 0.6342273 1.05356 0.3835326 0 343.4971 4.362071 6003113 11 1 21.11912 1.197855 6003113 13 1 623 353
1 1.176288 1.010978 1.239274 1 5.528828 1.340173 6002113 11 1 30.64335 2.097604 6002113 13 1 625 29
1 1.034916 1.100018 0.9626585 1 14.61187 1.106958 6002113 13 0 120.7879 1.387036 6002113 11 1 625 80
1 1.217313 1.182622 1.199648 0 11.55662 2.654894 6002113 11 1 56.45646 1.223815 6002113 13 1 823 453
1 1.053247 1.09991 0.9980844 1 34.22114 1.114858 6002113 13 1 9.02197 1.334383 6002113 11 1 788 260
1 1.167323 1.186361 1.134647 1 22.81956 1.106763 6002113 13 1 45.80975 1.005202 6002113 11 1 502 454
1 1.405111 1.934095 0.9833891 1 54.77327 1.39947 6002113 13 0 99.07068 8.192033 6002113 11 1 502 478
1 1.050919 0.8056091 1.198818 1 42.60223 1.496387 6002113 11 1 7.847939 1.120269 6002113 13 1 504 394
1 1.209625 1.112975 1.222657 1 3.736858 1.005966 6001113 11 1 12.26622 1.011869 6001113 13 1 537 235
1 1.190567 1.223018 1.152597 1 15.47343 1.187061 6002113 13 1 15.75387 1.435632 6002113 11 1 808 338
1 1.225386 1.141194 1.230719 1 28.52271 1.323936 6002113 13 0 33.34227 1.696687 6002113 11 1 809 381
1 1.152971 1.190243 1.109341 1 15.10625 1.016799 6001113 13 0 9.570038 2.679326 6001113 11 1 810 243
1 1.099696 0.9023142 1.195627 1 0.9485537 1.044737 6002113 11 1 27.82687 1.344776 6002113 13 1 813 16
1 1.059052 1.139164 0.9715886 0 25.77225 1.095527 6002113 11 0 24.72667 3.335059 6002113 13 1 814 276
1 0.6998869 0.3767799 1.045889 1 33.2625 1.082421 6002113 13 0 75.102 2.204333 6002113 11 1 815 399
1 1.059052 1.139164 0.9715886 1 129.3064 2.672406 6002113 11 1 50.34313 2.237265 6002113 13 1 817 299
1 0.6235333 0.981489 0.3895437 1 11.81809 1.081305 6001113 13 1 10.57344 1.081075 6001113 11 1 818 231
1 1.137649 1.170432 1.099925 1 12.96375 1.008089 6002113 13 1 6.214692 1.011996 6002113 11 1 818 374
1 1.123647 1.241142 1.010512 1 18.61618 1.013857 6002113 13 1 41.26392 1.213722 6002113 11 1 819 290
1 1.206555 1.21522 1.17542 1 5.270847 1.131504 6002113 11 1 23.18171 1.130675 6002113 13 1 820 227
1 0.2443026 0.07741789 0.5517042 1 22.39159 2.221396 6002113 13 0 143.4558 1.296584 6002113 11 1 62 490
1 1.054444 1.13827 0.9640688 0 5.083197 18.28832 6001113 11 0 19.39292 1.403948 6001113 13 1 63 32
1 0.9517445 0.6636014 1.162862 1 37.54716 1.468733 6002113 11 1 13.93981 1.14726 6002113 13 1 64 143
1 1.15499 1.021547 1.194574 1 62.56018 1.897103 6002113 13 0 39.74874 4.586344 6002113 11 1 64 238
1 1.134034 1.248093 1.022271 1 28.85647 1.213162 6002113 13 0 21.63708 2.897004 6002113 11 1 65 84
1 0.7268606 1.122648 0.4611204 1 5.589752 1.010433 6001113 11 1 9.661171 1.072201 6001113 13 1 67 71
1 1.176288 1.010978 1.239274 1 7.57423 1.081992 6001113 13 1 3.893025 1.11271 6001113 11 1 67 122
1 1.192805 1.083559 1.213989 1 15.69899 1.650244 6002113 11 1 38.06665 1.008851 6002113 13 1 423 84
1 1.209625 1.112975 1.222657 1 44.05865 1.09072 6002113 13 0 31.60798 3.973633 6002113 11 1 423 479
1 1.036252 1.095703 0.9699052 1 19.38098 2.065154 6002113 11 1 38.13941 1.066103 6002113 13 1 424 404
1 1.179161 1.206147 1.144075 1 33.59428 1.007193 6002113 13 0 24.65457 1.093675 6002113 11 1 424 496
1 1.199428 1.046014 1.251733 0 32.64936 1.081427 6002113 11 1 25.88102 1.091274 6002113 13 1 427 454
1 0.7268606 1.122648 0.4611204 1 32.95887 1.033461 6002113 11 1 18.77309 1.071988 6002113 13 1 433 236
1 1.143675 1.253919 1.033471 1 45.31504 2.303368 6002113 13 0 20.03389 2.258147 6002113 11 1 433 339
1 0.3459568 0.1344595 0.6687537 1 25.58988 1.152873 6002113 13 1 18.63108 1.280963 6002113 11 1 434 39
1 1.209625 1.112975 1.222657 1 15.34342 2.131948 6001113 11 1 10.53778 1.080487 6001113 13 1 434 151
1 0.0002532921 5.663136e-05 0.0009834006 1 35.67376 2.278121 6003113 13 0 190.1109 1.008765 6003113 11 1 436 139
1 1.314649 1.46568 1.173482 1 12.7758 1.007919 6002113 13 1 43.98155 1.016848 6002113 11 1 436 296
1 1.190567 1.223018 1.152597 1 28.29807 1.690787 6002113 13 0 63.82919 1.144616 6002113 11 1 436 414
1 1.134034 1.248093 1.022271 1 13.64885 1.008165 6002113 13 0 111.5389 1.012396 6002113 11 1 437 128
1 1.099696 0.9023142 1.195627 0 555.8895 1.611886 6003113 11 1 8.880625 1.089864 6003113 13 1 438 290
1 1.26516 1.422013 1.117256 1 8.620506 1.007516 6001113 13 1 3.703062 1.522116 6001113 11 1 438 377
1 1.099696 0.9023142 1.195627 1 13.59682 1.222169 6002113 13 0 62.0993 1.086604 6002113 11 1 439 91
1 1.123647 1.241142 1.010512 1 9.595992 1.009395 6002113 13 1 2.649691 1.022318 6002113 11 1 439 103
1 1.095596 1.133769 1.050051 1 43.62209 2.522137 6002113 11 1 48.37423 1.138892 6002113 13 1 68 25
1 1.123647 1.241142 1.010512 1 3.321793 1.148944 6002113 11 1 11.24307 1.014721 6002113 13 1 69 197
1 0.9219857 1.364073 0.6240806 1 1.963925 1.42138 6002113 11 1 50.71571 1.906911 6002113 13 1 71 71
1 1.059052 1.139164 0.9715886 1 27.99546 2.274163 6002113 13 0 21.90105 2.148263 6002113 11 1 73 293
1 0.8748782 0.5617447 1.136825 0 104.3814 1.00735 6002113 11 1 23.47504 1.004334 6002113 13 1 73 330
1 1.017868 0.7662661 1.176325 1 40.23821 1.01682 6002113 11 1 18.29591 2.494928 6002113 13 1 73 435
1 1.174602 1.053046 1.204645 1 20.57195 2.126868 6002113 13 0 47.75439 1.177938 6002113 11 1 75 308
1 1.126364 0.9389989 1.211138 1 22.83702 1.040896 6002113 11 1 13.6694 1.096956 6002113 13 1 76 186
1 0.5762256 0.2893137 0.9113798 1 32.61123 1.006056 6002113 13 1 37.2994 1.124492 6002113 11 1 76 477
1 0.3355998 0.123277 0.6770892 1 26.82747 1.091768 6002113 13 1 22.21216 1.107584 6002113 11 1 77 446
1 1.123647 1.241142 1.010512 1 3.146316 3.012802 6002113 11 1 29.21515 1.814853 6002113 13 1 78 178
1 1.057513 1.112379 0.9951048 1 9.867208 2.859238 6002113 11 1 37.98283 1.258163 6002113 13 1 198 106
1 0.8332192 0.5015442 1.138243 1 37.30779 1.219385 6002113 11 0 12.07524 1.6403 6002113 13 1 199 224
1 1.050919 0.8056091 1.198818 1 16.856 1.040235 6002113 13 0 12.41952 4.073133 6002113 11 1 200 77
1 1.26516 1.422013 1.117256 0 157.4026 2.669728 6003113 11 1 30.63717 1.00928 6003113 13 1 201 346
1 0.01417853 0.002128869 0.07081318 0 5.104384 1.075561 6002113 11 1 19.82338 1.149902 6002113 13 1 203 343
1 1.199428 1.046014 1.251733 1 59.51867 1.32594 6002113 11 1 21.01838 1.097332 6002113 13 1 203 495
1 1.405111 1.934095 0.9833891 1 3.901806 1.092775 6002113 11 1 20.74068 2.082932 6002113 13 1 204 413
1 0.8748782 0.5617447 1.136825 1 24.30146 1.550503 6002113 11 1 19.22733 1.123053 6002113 13 1 205 212
1 1.050919 0.8056091 1.198818 1 28.55392 1.766091 6002113 13 0 143.0831 1.010359 6002113 11 1 207 358
1 1.173319 1.196671 1.139395 1 21.4931 2.290503 6001113 13 1 9.849842 1.940179 6001113 11 1 208 113
1 1.059052 1.139164 0.9715886 1 26.72824 1.006856 6002113 13 0 71.23064 1.168951 6002113 11 1 210 39
1 1.75908 2.248522 1.290011 1 53.97562 1.472331 6002113 13 1 2.78287 3.056923 6002113 11 1 210 300
1 1.050919 0.8056091 1.198818 1 21.05199 1.080554 6002113 13 0 6.964644 1.362166 6002113 11 1 210 479
1 1.173319 1.196671 1.139395 0 0.9191553 1.342688 6002113 11 1 23.64125 1.199666 6002113 13 1 278 81
1 0.8748782 0.5617447 1.136825 1 27.14449 1.07763 6002113 13 1 2.891995 1.180605 6002113 11 1 279 26
1 1.314649 1.46568 1.173482 1 35.91023 1.088473 6002113 13 1 30.11847 2.091608 6002113 11 1 279 351
1 1.761918 2.058838 1.43754 1 31.93464 1.21984 6002113 13 1 31.39236 2.495576 6002113 11 1 280 447
1 1.026751 0.7444853 1.219196 0 4.126298 1.089687 6002113 11 1 17.30093 1.351545 6002113 13 1 79 215
1 1.054444 1.13827 0.9640688 1 12.08107 1.028471 6002113 11 1 8.584052 2.271922 6002113 13 1 79 296
1 1.10316 1.145079 1.05266 1 13.04704 1.13098 6002113 13 1 25.81373 1.5043 6002113 11 1 690 171
1 1.095596 1.133769 1.050051 1 27.67204 1.856497 6002113 11 1 10.6942 1.588427 6002113 13 1 690 426
1 1.0427 1.134261 0.9473373 1 22.31074 1.01865 6002113 13 0 166.7685 1.038137 6002113 11 1 691 257
1 1.206555 1.21522 1.17542 1 18.20405 1.080162 6002113 13 0 145.9357 1.208149 6002113 11 1 692 473
1 0.3355998 0.123277 0.6770892 1 10.24956 1.098074 6002113 13 1 33.82537 1.1196 6002113 11 1 693 137
1 1.225386 1.141194 1.230719 1 2.635208 1.415382 6001113 11 1 12.10292 1.016718 6001113 13 1 693 357
1 1.03119 1.524041 0.7057037 1 4.744071 1.077765 6002113 11 1 13.50463 1.004609 6002113 13 1 693 474
1 1.1849 1.214892 1.148506 1 27.8359 1.015795 6002113 11 1 25.14617 1.1981 6002113 13 1 697 387
1 0.1793033 0.05184105 0.4351809 1 23.27889 1.157361 6003113 13 0 246.5651 1.420396 6003113 11 1 697 452
1 0.9138955 0.6245104 1.1333 1 27.06536 1.032537 6002113 11 1 35.40431 1.922387 6002113 13 1 698 300
1 1.063672 0.7860307 1.245813 1 36.78827 1.236737 6003113 13 0 288.3157 1.705954 6003113 11 1 859 355
1 1.75908 2.248522 1.290011 1 59.35041 1.365263 6002113 11 1 41.71724 1.255278 6002113 13 1 976 25
1 0.4094664 0.1680855 0.7591912 0 21.41747 1.976966 6002113 11 1 44.68596 2.078261 6002113 13 1 980 255
1 1.1849 1.214892 1.148506 1 12.4023 1.244285 6002113 13 0 72.21068 1.048932 6002113 11 1 981 255
1 1.227292 1.202911 1.205555 0 52.52832 1.013503 6002113 11 1 31.12939 1.013935 6002113 13 1 982 224
1 1.055133 1.104334 0.9975671 1 4.897291 1.13477 6001113 11 1 13.39333 1.013744 6001113 13 1 984 63
1 0.03009876 0.005032814 0.1242768 1 23.43363 1.265972 6002113 13 1 21.85753 1.031702 6002113 11 1 985 260
1 1.112575 1.233052 0.9981722 1 27.2487 1.007802 6002113 13 1 8.945791 1.016919 6002113 11 1 985 373
1 1.179161 1.206147 1.144075 1 41.82491 2.277178 6002113 13 0 90.2785 1.222606 6002113 11 1 986 122
1 1.26516 1.422013 1.117256 1 20.90878 1.124774 6002113 13 1 54.81897 1.19204 6002113 11 1 986 481
1 1.225386 1.141194 1.230719 1 23.32154 1.110793 6002113 13 0 133.6491 1.032241 6002113 11 1 987 128
1 0.1014541 0.02299071 0.3029553 0 1.034485 3.749363 6002113 11 1 31.75409 1.016289 6002113 13 1 987 138
1 1.183608 1.169262 1.159476 0 104.9755 1.080716 6002113 11 1 8.96924 1.095617 6002113 13 1 988 325
1 1.329532 1.478061 1.189894 1 25.28331 1.017044 6002113 13 0 15.50272 8.315614 6002113 11 1 699 150
1 1.026751 0.7444853 1.219196 0 146.3203 2.021144 6002113 11 1 28.7348 1.154623 6002113 13 1 699 391
1 0.5279956 0.2465533 0.8852676 1 26.38379 1.717997 6002113 11 1 48.45744 1.100561 6002113 13 1 704 281
1 1.058012 1.115802 0.9930252 1 14.11214 1.007877 6002113 13 0 21.32669 1.062267 6002113 11 1 705 330
1 1.034916 1.100018 0.9626585 0 343.6194 2.215423 6003113 11 1 37.14723 1.236182 6003113 13 1 706 39
1 1.095596 1.133769 1.050051 1 31.63454 2.147363 6002113 13 0 2.748569 1.580089 6002113 11 1 706 228
1 1.152501 1.258655 1.04415 1 23.23778 1.120079 6002113 13 0 29.79292 11.25512 6002113 11 1 706 464
1 1.157728 1.196465 1.111764 1 8.435102 1.470758 6002113 11 1 31.74556 1.041097 6002113 13 1 708 253
1 1.1849 1.214892 1.148506 0 18.88819 2.34461 6001113 13 1 2.5973 1.533139 6001113 11 1 708 291
1 0.001146163 0.0002355771 0.006417017 1 47.57557 1.017975 6002113 13 1 7.513512 1.155773 6002113 11 1 709 92
1 1.137649 1.170432 1.099925 1 31.87855 2.356762 6002113 13 0 35.36943 1.267556 6002113 11 1 711 182
1 1.812285 2.096335 1.505211 1 13.62584 1.011552 6002113 13 1 10.68644 1.384393 6002113 11 1 711 208
1 1.75908 2.248522 1.290011 1 17.33891 3.091703 6003113 13 1 14.21237 1.76198 6003113 11 1 711 405
1 1.152501 1.258655 1.04415 1 33.81049 1.78629 6002113 13 0 23.26161 3.455052 6002113 11 1 712 429
1 1.055133 1.104334 0.9975671 1 13.28825 1.011506 6002113 13 0 54.27417 1.0637 6002113 11 1 713 214
1 1.147959 1.183877 1.106546 0 415.0497 1.024465 6003113 11 1 35.451 1.179919 6003113 13 1 714 299
1 1.147959 1.183877 1.106546 1 20.16063 1.07514 6002113 13 1 24.22181 1.018373 6002113 11 1 715 253
1 1.142868 1.177299 1.103399 1 22.11931 1.152904 6002113 13 0 29.01008 4.57428 6002113 11 1 715 392
1 1.314649 1.46568 1.173482 1 11.36379 1.138096 6003113 13 0 15.78558 5.749841 6003113 11 1 716 125
1 1.182032 1.113501 1.180358 0 194.7344 1.033857 6002113 11 1 10.32661 1.124096 6002113 13 1 717 472
1 1.176288 1.010978 1.239274 0 492.799 3.046694 6003113 11 1 21.06347 1.135765 6003113 13 1 990 488
1 1.314649 1.46568 1.173482 1 9.837971 1.007893 6001113 13 1 1.696618 2.122283 6001113 11 1 991 381
1 1.126364 0.9389989 1.211138 1 32.81192 2.102273 6002113 13 1 10.92755 1.011658 6002113 11 1 991 420
1 1.20651 1.16088 1.193521 1 21.65878 2.329762 6002113 11 1 32.60187 1.108493 6002113 13 1 194 40
1 1.289688 1.878288 0.892531 1 12.87335 1.927082 6002113 13 1 6.962163 1.243916 6002113 11 1 194 331
1 1.1849 1.214892 1.148506 1 30.87408 2.398367 6002113 13 1 2.931037 1.008311 6002113 11 1 195 127
1 1.176288 1.010978 1.239274 1 0.8507558 1.006109 6001113 11 1 10.15994 1.006439 6001113 13 1 197 158
1 0.6571895 0.3457574 1.000641 1 17.36262 2.94876 6002113 11 1 25.27935 1.073751 6002113 13 1 719 243
1 0.2208223 0.06788179 0.510611 1 18.58859 1.15492 6002113 13 0 87.16068 1.698962 6002113 11 1 721 497
1 1.056557 1.108524 0.9965968 0 455.9732 1.020116 6003113 11 1 21.38855 1.227037 6003113 13 1 723 48
1 1.059052 1.139164 0.9715886 1 22.09305 1.835555 6002113 13 1 40.93867 2.13114 6002113 11 1 723 445
1 1.174602 1.053046 1.204645 1 16.94847 1.159387 6001113 13 0 0.7041597 3.574208 6001113 11 1 724 181
1 1.031225 1.102163 0.9526981 1 10.43862 2.189456 6002113 11 1 22.36854 1.228783 6002113 13 1 725 13
1 1.145385 0.9245803 1.259718 1 38.32753 1.0932 6002113 13 1 0.8303645 1.12626 6002113 11 1 726 458
1 0.0006332525 0.0001461141 0.002996318 1 37.84029 1.012267 6002113 13 1 44.74359 1.958547 6002113 11 1 728 280
1 1.209625 1.112975 1.222657 1 4.398616 1.019841 6001113 11 1 6.175047 1.008645 6001113 13 1 729 264
1 1.048997 1.136673 0.9559695 1 30.66494 1.276043 6002113 13 1 2.977057 1.021541 6002113 11 1 730 437
1 0.07905591 0.01690496 0.2492307 1 24.79136 1.004803 6002113 13 1 50.76329 1.097308 6002113 11 1 731 46
1 1.099519 1.139476 1.051563 1 16.18551 1.281896 6002113 13 0 101.0425 1.12575 6002113 11 1 731 395
1 0.4205023 0.1819855 0.7484848 1 30.0882 1.223664 6002113 13 1 3.823378 2.003618 6002113 11 1 732 231
1 1.15499 1.021547 1.194574 0 90.50525 1.161139 6002113 11 1 17.21638 1.006481 6002113 13 1 734 170
1 1.225386 1.141194 1.230719 1 28.67522 1.009647 6002113 11 1 30.2253 1.265953 6002113 13 1 734 351
1 1.058012 1.115802 0.9930252 1 47.34537 2.154011 6002113 11 1 19.22421 2.231739 6002113 13 1 735 282
1 1.035838 1.098122 0.9666125 1 6.339361 1.247272 6002113 11 1 17.11923 1.006115 6002113 13 1 737 19
1 1.174602 1.053046 1.204645 0 69.86464 1.980771 6002113 11 1 45.21033 1.278575 6002113 13 1 737 350
1 0.8200224 1.218482 0.5472287 1 37.54311 1.366889 6002113 13 0 30.6062 3.01392 6002113 11 1 737 366
1 0.6998869 0.3767799 1.045889 1 8.112709 1.287 6002113 13 0 134.6399 1.269929 6002113 11 1 738 468
1 0.04601344 0.008200601 0.1755223 1 30.13923 2.289492 6002113 13 0 100.2946 1.090576 6002113 11 1 740 57
1 1.099696 0.9023142 1.195627 1 12.70825 1.008692 6002113 13 1 14.24637 1.012286 6002113 11 1 741 356
1 1.142868 1.177299 1.103399 0 98.07066 1.154824 6002113 11 1 9.056417 1.021464 6002113 13 1 743 467
1 1.206555 1.21522 1.17542 1 8.08085 1.051664 6002113 11 1 35.21749 1.317562 6002113 13 1 745 125
1 1.151918 0.9752633 1.225726 1 13.55797 1.023942 6002113 11 1 21.71822 1.300924 6002113 13 1 441 355
1 1.114777 0.884905 1.24054 0 48.45745 1.187501 6002113 11 1 15.58009 1.935531 6002113 13 1 442 287
1 1.114777 0.884905 1.24054 1 18.41485 1.860413 6001113 13 1 1.064052 1.343019 6001113 11 1 443 85
1 1.059052 1.139164 0.9715886 1 18.2036 1.598537 6002113 13 0 120.4123 1.023402 6002113 11 1 444 6
1 1.031225 1.102163 0.9526981 0 69.3638 1.846486 6002113 13 0 117.5494 3.748591 6002113 11 1 444 106
1 1.575265 1.775696 1.383444 0 135.5504 1.19901 6002113 11 1 39.10905 1.13327 6002113 13 1 445 334
1 1.134034 1.248093 1.022271 0 35.96187 5.788471 6002113 11 1 56.57486 2.111422 6002113 13 1 445 438
1 1.106427 1.150534 1.053346 0 9.281094 5.163923 6002113 11 1 27.94409 2.024318 6002113 13 1 447 222
1 1.095596 1.133769 1.050051 1 34.68109 1.323163 6002113 11 1 18.99446 2.286613 6002113 13 1 447 271
1 1.191782 1.185832 1.16486 1 26.11082 1.200464 6002113 13 1 1.8628 1.59662 6002113 11 1 447 285
1 0.01536516 0.002346602 0.07345495 1 12.81687 1.179351 6002113 11 1 33.52828 1.140975 6002113 13 1 449 117
1 1.192805 1.083559 1.213989 1 20.57841 1.026819 6002113 13 0 65.65395 1.983327 6002113 11 1 449 222
1 1.866054 2.331325 1.3979 1 30.64342 1.015139 6002113 13 1 17.0731 1.470732 6002113 11 1 450 126
1 0.2792014 0.09677438 0.588659 1 24.75306 1.525308 6002113 11 1 33.17559 1.013304 6002113 13 1 450 157
1 0.2443026 0.07741789 0.5517042 1 27.09134 1.08248 6002113 13 0 10.54562 1.030012 6002113 11 1 450 453
1 1.705086 2.017803 1.363962 1 45.57125 1.77961 6002113 11 1 12.706 1.077345 6002113 13 1 450 459
1 1.314649 1.46568 1.173482 1 30.78723 1.172399 6002113 13 0 54.4872 1.023836 6002113 11 1 281 357
1 1.036252 1.095703 0.9699052 1 61.86457 1.801833 6003113 11 1 20.38564 1.026976 6003113 13 1 282 322
1 1.550791 1.753763 1.352368 1 81.75697 3.653575 6002113 11 1 29.02048 1.211633 6002113 13 1 283 230
1 0.9160994 0.6007248 1.171549 1 36.08351 1.149161 6002113 13 0 56.71067 3.346775 6002113 11 1 284 444
1 1.705086 2.017803 1.363962 1 13.03462 1.248323 6002113 13 0 105.2276 1.085791 6002113 11 1 285 145
1 1.057513 1.112379 0.9951048 1 26.1741 1.013301 6002113 13 0 58.58689 2.05487 6002113 11 1 288 186
1 1.705086 2.017803 1.363962 1 31.50539 2.54795 6002113 11 1 19.45364 1.007708 6002113 13 1 288 240
1 1.298986 1.452146 1.156092 1 16.35561 1.01231 6002113 13 1 0.6725047 1.807188 6002113 11 1 289 210
1 1.106427 1.150534 1.053346 1 37.67595 1.502455 6002113 11 1 6.499766 1.118135 6002113 13 1 289 317
1 1.034916 1.100018 0.9626585 1 18.95341 1.234218 6002113 13 1 38.56683 1.724895 6002113 11 1 824 168
1 0.6159488 0.3166172 0.9557644 0 597.7083 2.091955 6003113 11 1 32.55809 1.176034 6003113 13 1 825 196
1 1.048997 1.136673 0.9559695 1 10.93613 1.066255 6001113 13 1 1.222055 1.1468 6001113 11 1 825 479
1 1.56971 1.920896 1.202337 1 15.98252 1.076541 6002113 13 0 23.83237 1.120443 6002113 11 1 939 201
1 1.199401 1.201198 1.170168 1 21.50673 1.150098 6003113 13 0 870.8047 3.155916 6003113 11 1 939 480
1 1.174602 1.053046 1.204645 1 28.94748 1.614977 6002113 13 0 30.4255 1.875677 6002113 11 1 940 479
1 1.206555 1.21522 1.17542 1 9.424384 1.079045 6003113 11 1 21.86868 1.009539 6003113 13 1 942 341
1 1.017868 0.7662661 1.176325 1 34.15953 1.927988 6002113 13 1 17.6157 1.010017 6002113 11 1 946 85
1 1.206555 1.21522 1.17542 0 1052.528 1.158517 6003113 11 1 12.08657 1.124352 6003113 13 1 946 91
1 1.034916 1.100018 0.9626585 1 11.6478 1.122153 6002113 13 1 10.0017 1.463777 6002113 11 1 946 405
1 0.2208223 0.06788179 0.510611 1 0.933083 1.15584 6002113 11 1 27.91566 1.184036 6002113 13 1 947 158
1 0.9574994 0.6410515 1.205563 1 32.55765 1.089506 6002113 13 0 89.85045 2.908892 6002113 11 1 948 467
1 0.1707681 0.04642279 0.4356818 1 19.83726 1.58163 6002113 13 0 73.62006 1.120268 6002113 11 1 949 129
1 1.058012 1.115802 0.9930252 1 23.98363 1.14795 6002113 13 0 4.900283 5.153242 6002113 11 1 950 443
1 0.9219857 1.364073 0.6240806 1 34.49332 2.061565 6002113 13 1 28.31037 1.480724 6002113 11 1 574 16
1 1.182032 1.113501 1.180358 1 22.72794 1.821927 6002113 11 1 13.0443 1.110826 6002113 13 1 574 174
1 1.10316 1.145079 1.05266 1 13.93054 1.177125 6002113 13 1 27.34522 1.042553 6002113 11 1 575 36
1 1.761918 2.058838 1.43754 1 12.17379 2.468312 6002113 11 1 9.480922 1.009191 6002113 13 1 575 361
1 1.329532 1.478061 1.189894 1 3.738891 1.047738 6001113 11 1 13.88795 1.01142 6001113 13 1 626 403
1 0.5675248 0.271593 0.9330701 0 2.301277 4.132857 6002113 11 1 56.94909 1.089011 6002113 13 1 627 28
1 1.20651 1.16088 1.193521 1 6.722369 1.245086 6001113 13 1 1.657465 1.07859 6001113 11 1 292 305
1 1.56971 1.920896 1.202337 1 11.41786 1.087386 6002113 13 0 65.00317 1.061152 6002113 11 1 293 62
1 0.9138955 0.6245104 1.1333 1 27.30727 1.105766 6003113 13 0 262.1914 1.39957 6003113 11 1 294 129
1 1.050919 0.8056091 1.198818 1 31.2934 1.004963 6002113 13 1 45.04272 1.349374 6002113 11 1 295 306
1 1.106427 1.150534 1.053346 0 301.1354 6.233374 6003113 11 1 69.3357 2.255473 6003113 13 1 1 238
1 1.099519 1.139476 1.051563 0 152.7932 2.856851 6003113 11 1 55.68896 1.356032 6003113 13 1 2 298
1 1.282494 1.437562 1.137462 1 47.66974 1.27168 6002113 13 0 0.9267629 3.995982 6002113 11 1 451 130
1 1.026751 0.7444853 1.219196 1 37.62664 1.179931 6002113 11 1 9.183933 2.042727 6002113 13 1 452 115
1 1.048997 1.136673 0.9559695 0 10.74672 1.22788 6002113 11 1 11.12316 1.007313 6002113 13 1 452 239
1 1.050919 0.8056091 1.198818 1 49.64334 1.302645 6002113 13 0 37.25263 1.299475 6002113 11 1 453 499
1 0.5675248 0.271593 0.9330701 1 17.34979 2.117838 6002113 13 0 80.39446 1.227236 6002113 11 1 455 437
1 0.1793033 0.05184105 0.4351809 1 10.23909 1.098156 6002113 11 1 21.7767 1.215477 6002113 13 1 457 383
1 1.405111 1.934095 0.9833891 0 26.12569 3.814059 6002113 11 1 41.11108 1.050412 6002113 13 1 86 149
1 1.329532 1.478061 1.189894 0 469.3995 2.197905 6003113 11 1 39.71326 1.110938 6003113 13 1 87 420
1 1.053247 1.09991 0.9980844 1 18.09161 2.025439 6002113 11 1 33.28038 1.015894 6002113 13 1 90 376
1 0.789787 0.4650854 1.097808 0 5.22146 9.140831 6002113 11 1 40.33334 1.028819 6002113 13 1 91 6
1 1.063672 0.7860307 1.245813 1 40.17081 1.384382 6002113 13 1 56.48908 1.275156 6002113 11 1 91 72
1 1.058012 1.115802 0.9930252 1 61.95143 1.0282 6002113 13 0 28.45794 1.07989 6002113 11 1 91 96
1 1.050919 0.8056091 1.198818 1 27.96295 1.026103 6002113 11 1 19.31535 1.10119 6002113 13 1 91 348
1 1.034916 1.100018 0.9626585 1 0.5912586 1.077093 6002113 11 1 29.15166 2.352916 6002113 13 1 91 379
1 1.056557 1.108524 0.9965968 1 9.229836 1.086036 6001113 13 1 2.338237 1.077298 6001113 11 1 94 315
1 1.112575 1.233052 0.9981722 0 106.1628 2.673499 6002113 11 1 15.73407 1.014007 6002113 13 1 95 346
1 0.3767309 0.1505117 0.7131262 0 765.5339 1.787128 6003113 11 1 24.75503 1.214309 6003113 13 1 96 449
1 1.298986 1.452146 1.156092 1 20.86357 1.007567 6002113 13 1 3.030295 1.04125 6002113 11 1 97 106
1 1.575265 1.775696 1.383444 1 13.22039 1.017488 6002113 11 1 17.11568 1.345265 6002113 13 1 5 70
1 1.033406 1.101364 0.958024 0 0.8953497 1.059525 6001113 11 1 7.763873 2.109866 6001113 13 1 5 259
1 0.1610681 0.04515641 0.4007308 1 0.2713469 1.147799 6002113 11 1 26.33332 2.074506 6002113 13 1 6 107
1 1.1849 1.214892 1.148506 0 68.61738 1.874628 6002113 11 1 15.4091 1.034455 6002113 13 1 6 143
1 1.705086 2.017803 1.363962 1 13.19209 1.77995 6002113 11 1 9.205647 1.104646 6002113 13 1 6 397
1 1.566869 2.206142 1.088645 1 11.7963 2.575089 6002113 11 1 19.48353 1.308496 6002113 13 1 7 84
1 1.099519 1.139476 1.051563 1 0.09021454 1.401519 6001113 11 1 14.61772 1.085054 6001113 13 1 8 194
1 1.055133 1.104334 0.9975671 1 35.06672 1.05078 6002113 11 1 31.90364 1.244531 6002113 13 1 10 219
1 1.227292 1.202911 1.205555 1 20.41982 1.091478 6002113 13 1 0.6154314 1.174926 6002113 11 1 10 310
1 0.4544891 0.2018274 0.792879 1 19.88007 1.025866 6002113 13 1 11.0851 1.77898 6002113 11 1 11 219
1 1.199428 1.046014 1.251733 1 16.23443 1.253312 6001113 13 0 0.4206353 1.486749 6001113 11 1 13 1
1 1.209625 1.112975 1.222657 0 84.35867 1.195792 6002113 11 1 23.71563 1.094815 6002113 13 1 13 365
1 1.866054 2.331325 1.3979 1 43.95075 2.743454 6002113 11 1 10.83198 1.159622 6002113 13 1 14 26
1 1.054444 1.13827 0.9640688 1 45.60907 1.993303 6002113 13 0 7.505708 1.33902 6002113 11 1 14 364
1 1.053247 1.09991 0.9980844 1 9.95358 1.10377 6002113 13 1 6.232882 1.029175 6002113 11 1 15 6
1 1.761918 2.058838 1.43754 1 18.96884 1.133672 6002113 11 1 29.25827 1.015352 6002113 13 1 15 196
1 1.282494 1.437562 1.137462 0 301.9477 1.084637 6003113 11 1 29.16338 1.214956 6003113 13 1 266 75
1 1.147959 1.183877 1.106546 1 34.91504 1.007668 6002113 13 1 3.645945 1.705089 6002113 11 1 269 366
1 1.209625 1.112975 1.222657 1 8.029941 1.01507 6001113 11 1 19.01702 1.010889 6001113 13 1 271 168
1 1.550791 1.753763 1.352368 1 43.36508 1.265968 6002113 13 0 39.43376 5.032012 6002113 11 1 272 471
1 1.147959 1.183877 1.106546 1 36.71437 1.086755 6002113 13 0 49.03459 1.049887 6002113 11 1 273 93
1 1.036252 1.095703 0.9699052 1 43.25626 2.128415 6002113 13 1 5.371856 1.326765 6002113 11 1 397 30
1 0.8332192 0.5015442 1.138243 1 29.19125 2.433812 6002113 13 1 2.074426 1.722125 6002113 11 1 397 169
1 1.26516 1.422013 1.117256 1 9.679578 1.442711 6002113 11 1 12.96632 1.093085 6002113 13 1 397 332
1 1.035838 1.098122 0.9666125 1 29.07954 2.266817 6002113 13 0 16.08091 3.986973 6002113 11 1 398 294
1 1.057513 1.112379 0.9951048 0 4.304448 2.208637 6001113 11 1 7.111744 1.141209 6001113 13 1 398 473
1 0.2443026 0.07741789 0.5517042 1 21.43537 1.181952 6002113 13 1 43.26423 1.358051 6002113 11 1 401 300
1 1.143675 1.253919 1.033471 1 20.16498 1.02961 6002113 13 1 39.72256 1.709059 6002113 11 1 401 312
1 1.866054 2.331325 1.3979 1 25.79619 1.233083 6002113 13 1 7.304847 1.512846 6002113 11 1 32 137
1 1.213336 1.227995 1.180605 1 23.2686 1.009106 6002113 11 1 24.81369 1.00912 6002113 13 1 33 318
1 1.151918 0.9752633 1.225726 1 19.22604 1.13779 6002113 13 1 37.56902 3.076895 6002113 11 1 34 33
1 0.04957241 0.009268439 0.1791508 1 12.04101 1.149932 6002113 13 1 13.52748 1.056469 6002113 11 1 34 47
1 1.143675 1.253919 1.033471 1 48.5652 1.518334 6002113 13 1 13.50424 2.387595 6002113 11 1 34 126
1 1.167323 1.186361 1.134647 0 59.71233 1.409865 6002113 11 1 26.07962 1.105809 6002113 13 1 34 141
1 1.298986 1.452146 1.156092 1 52.73623 2.311671 6002113 13 1 4.38504 1.288709 6002113 11 1 34 446
1 1.126364 0.9389989 1.211138 1 4.925526 2.846865 6002113 11 1 30.83686 1.093231 6002113 13 1 39 337
1 1.143675 1.253919 1.033471 1 9.282483 1.087855 6001113 13 0 6.620907 1.767259 6001113 11 1 39 409
1 1.143675 1.253919 1.033471 1 16.51328 2.133172 6002113 11 1 18.0898 1.066912 6002113 13 1 40 207
1 1.190567 1.223018 1.152597 1 26.64321 1.007262 6002113 13 1 6.366963 1.133968 6002113 11 1 41 213
1 1.099696 0.9023142 1.195627 1 8.5343 2.051201 6002113 11 1 40.50435 1.114208 6002113 13 1 273 437
1 1.114777 0.884905 1.24054 0 13.89973 3.988466 6002113 11 1 23.56741 1.219748 6002113 13 1 277 419
1 1.142868 1.177299 1.103399 1 7.267332 1.05684 6002113 11 1 25.78099 1.063319 6002113 13 1 277 453
1 1.151918 0.9752633 1.225726 1 8.791747 1.033009 6001113 11 1 11.27074 1.108003 6001113 13 1 43 234
1 0.9574994 0.6410515 1.205563 0 9.310138 2.094902 6002113 11 1 11.74317 1.00807 6002113 13 1 43 389
1 1.206555 1.21522 1.17542 1 3.249992 1.013716 6001113 11 1 7.785183 2.172621 6001113 13 1 44 51
1 1.062846 1.139449 0.9784784 1 19.91935 2.168856 6002113 13 1 7.287997 2.140674 6002113 11 1 45 18
1 1.761918 2.058838 1.43754 1 57.22971 1.625701 6002113 11 1 35.47402 2.052661 6002113 13 1 45 231
1 1.058012 1.115802 0.9930252 1 29.64077 1.00982 6002113 13 0 7.526952 1.332526 6002113 11 1 45 258
1 1.550791 1.753763 1.352368 1 7.094122 1.100369 6002113 13 1 4.773465 1.123101 6002113 11 1 45 475
1 1.282494 1.437562 1.137462 0 56.61649 1.541184 6002113 11 1 28.01902 1.192535 6002113 13 1 48 119
1 0.5292084 0.8493549 0.3262614 1 19.70878 1.088031 6002113 13 0 57.06574 1.069055 6002113 11 1 49 195
1 1.054444 1.13827 0.9640688 1 0.07170664 1.095199 6002113 11 1 33.04841 1.279464 6002113 13 1 405 439
1 1.225386 1.141194 1.230719 1 20.91828 2.204221 6002113 13 1 29.00358 1.007582 6002113 11 1 406 75
1 1.059052 1.139164 0.9715886 1 36.16291 1.025077 6002113 11 1 22.93329 2.409659 6002113 13 1 406 399
1 1.112575 1.233052 0.9981722 1 6.020821 1.100148 6001113 13 0 9.805796 1.312736 6001113 11 1 407 451
1 1.526225 2.04983 1.080738 1 13.02186 1.909124 6002113 11 1 21.50277 1.6687 6002113 13 1 409 86
1 0.789787 0.4650854 1.097808 1 11.24434 1.169554 6002113 13 1 3.315361 1.255399 6002113 11 1 409 177
1 1.112575 1.233052 0.9981722 0 27.7794 2.074719 6003113 11 1 36.39881 1.012958 6003113 13 1 409 267
1 1.705086 2.017803 1.363962 1 23.84848 1.727395 6002113 13 0 10.64588 2.574228 6002113 11 1 410 168
1 1.056557 1.108524 0.9965968 0 187.8175 2.172733 6002113 11 1 30.57309 2.151 6002113 13 1 410 209
1 0.1014541 0.02299071 0.3029553 1 23.68716 1.112694 6002113 11 1 21.88715 1.005784 6002113 13 1 410 355
1 1.048997 1.136673 0.9559695 1 13.73237 1.020969 6002113 13 1 25.08513 1.984531 6002113 11 1 412 5
1 1.190567 1.223018 1.152597 0 52.58981 2.982429 6002113 11 1 35.45604 1.011514 6002113 13 1 412 298
1 1.137649 1.170432 1.099925 1 14.73306 1.055026 6001113 13 0 2.630948 4.298316 6001113 11 1 412 338
1 0.9219857 1.364073 0.6240806 0 134.2628 1.094473 6002113 11 1 32.92184 1.02171 6002113 13 1 413 462
1 1.142868 1.177299 1.103399 1 11.33056 2.155936 6001113 13 0 3.378608 1.278213 6001113 11 1 414 10
1 1.123647 1.241142 1.010512 1 33.99636 1.082388 6002113 13 0 104.8047 1.012093 6002113 11 1 414 459
1 0.9138955 0.6245104 1.1333 1 2.420646 1.020556 6001113 11 1 13.18397 1.008742 6001113 13 1 414 477
1 0.07905591 0.01690496 0.2492307 1 23.14531 1.303966 6002113 13 1 5.684103 1.163294 6002113 11 1 415 5
1 0.8332192 0.5015442 1.138243 1 15.75866 1.550665 6002113 11 1 19.66205 1.199762 6002113 13 1 415 8
1 0.5279956 0.2465533 0.8852676 1 6.259284 1.004479 6001113 11 1 8.077509 1.19987 6001113 13 1 417 200
1 1.145385 0.9245803 1.259718 0 50.3576 1.160587 6002113 11 1 33.28291 1.207559 6002113 13 1 419 143
1 1.15499 1.021547 1.194574 1 24.18497 1.077904 6002113 13 1 26.72877 1.172266 6002113 11 1 419 321
1 1.174602 1.053046 1.204645 0 0.7404537 3.875242 6001113 11 1 19.7072 1.113893 6001113 13 1 419 330
1 0.6998869 0.3767799 1.045889 0 4.365618 3.767792 6002113 11 1 12.46534 1.112428 6002113 13 1 421 16
1 0.5380682 0.2637946 0.8676014 1 41.29875 1.107233 6002113 13 1 45.89597 1.717413 6002113 11 1 51 147
1 0.01045493 0.001554879 0.05437054 1 28.13932 1.096087 6003113 13 0 110.7017 1.295293 6003113 11 1 52 2
1 1.645109 2.1548 1.183545 1 30.44068 1.01371 6002113 13 0 27.3987 1.501182 6002113 11 1 52 39
1 1.031225 1.102163 0.9526981 0 341.7839 1.550773 6003113 11 1 22.23682 1.007925 6003113 13 1 52 241
1 1.112575 1.233052 0.9981722 1 11.12318 1.067523 6002113 13 1 69.96169 1.113445 6002113 11 1 53 376
1 1.173319 1.196671 1.139395 1 25.30755 1.007705 6002113 13 0 10.38084 1.021726 6002113 11 1 538 382
1 1.566869 2.206142 1.088645 1 9.711057 1.008114 6001113 13 1 1.210949 1.437389 6001113 11 1 539 174
1 1.641128 1.972201 1.285192 1 27.70527 1.265573 6002113 13 0 68.77274 2.026055 6002113 11 1 540 78
1 1.059052 1.139164 0.9715886 1 38.0388 1.629687 6002113 13 1 38.33446 2.619159 6002113 11 1 541 378
1 1.137649 1.170432 1.099925 1 12.17482 1.126871 6002113 13 0 56.31337 3.124476 6002113 11 1 541 387
1 0.003151584 0.0005086883 0.01887308 1 14.20682 1.263942 6001113 13 1 2.383623 1.053557 6001113 11 1 542 434
1 0.2304392 0.07526134 0.508429 0 49.01176 30.60603 6002113 11 1 23.14057 3.911478 6002113 13 1 545 326
1 1.524498 1.73059 1.317664 1 18.38172 1.180315 6002113 11 1 39.90328 1.337247 6002113 13 1 545 415
1 1.109295 1.155893 1.053631 1 35.99911 2.172686 6002113 13 1 17.31538 3.580477 6002113 11 1 546 147
1 1.099519 1.139476 1.051563 1 10.35141 1.021611 6002113 13 0 55.35851 1.005945 6002113 11 1 547 282
1 1.174602 1.053046 1.204645 1 10.62718 1.016848 6001113 13 1 0.465384 1.025288 6001113 11 1 549 109
1 1.112575 1.233052 0.9981722 1 34.1728 1.205183 6002113 13 0 133.6571 1.471009 6002113 11 1 549 118
1 1.036252 1.095703 0.9699052 1 14.87325 1.117046 6001113 13 1 6.263324 1.133348 6001113 11 1 549 213
1 1.314649 1.46568 1.173482 1 30.25015 1.207791 6002113 13 1 8.739684 1.8764 6002113 11 1 550 187
1 0.7242169 1.085561 0.4754195 1 1.289038 1.025767 6002113 11 1 20.58248 1.173591 6002113 13 1 550 270
1 1.761918 2.058838 1.43754 0 1.424985 2.37619 6001113 11 1 12.74203 2.131355 6001113 13 1 550 458
1 1.147959 1.183877 1.106546 1 9.8064 1.035934 6002113 11 1 26.48759 1.34233 6002113 13 1 551 285
1 1.063672 0.7860307 1.245813 0 240.3667 1.062341 6002113 11 1 27.78872 1.099558 6002113 13 1 551 341
1 1.225386 1.141194 1.230719 1 27.31181 1.024455 6002113 13 0 67.63695 1.629595 6002113 11 1 579 184
1 0.9894024 0.7036328 1.19152 1 1.674981 1.51178 6001113 11 1 10.86235 1.010375 6001113 13 1 579 345
