1 1.055133 1.104334 0.9975671 1 26.27203 1.177336 6003113 13 0 160.2949 1.537207 6003113 13 1 123 285
1 1.182032 1.113501 1.180358 1 10.8831 1.993064 6002113 13 1 41.18576 1.017234 6002113 13 1 360 203
1 0.8339615 0.5241884 1.101491 1 6.507401 2.354125 6002113 13 1 56.33524 2.065585 6002113 13 1 360 251
1 1.191782 1.185832 1.16486 1 10.16953 1.149751 6002113 13 1 20.47609 2.663295 6002113 13 1 221 457
1 0.5279956 0.2465533 0.8852676 1 25.69134 1.123112 6002113 13 1 30.2782 2.156525 6002113 13 1 222 391
1 1.566869 2.206142 1.088645 1 31.05844 1.299465 6002113 13 1 20.4116 2.28369 6002113 13 1 771 111
1 1.137649 1.170432 1.099925 1 35.1524 1.022425 6002113 13 0 26.98958 6.059309 6002113 13 1 772 220
1 1.063672 0.7860307 1.245813 1 49.71022 1.118543 6002113 13 1 29.69086 2.294456 6002113 13 1 883 131
1 1.46424 1.680344 1.235249 1 22.63832 2.06467 6002113 13 1 32.71955 1.181623 6002113 13 1 886 98
1 0.9517445 0.6636014 1.162862 1 37.4188 1.141952 6003113 13 1 14.36166 3.00024 6003113 13 1 889 64
1 1.183608 1.169262 1.159476 1 0.91329 1.010159 6001113 13 1 19.70514 1.006711 6001113 13 1 889 212
1 0.747205 0.4303799 1.057145 1 5.983938 2.411871 6002113 13 1 11.42095 1.034089 6002113 13 1 609 18
1 0.665028 0.3662483 0.9755856 0 98.47485 1.133693 6002113 13 1 24.47033 1.00781 6002113 13 1 609 293
1 1.053247 1.09991 0.9980844 0 18.09411 1.020246 6002113 13 0 15.79011 4.976731 6002113 13 1 609 324
1 1.048997 1.136673 0.9559695 1 17.70099 1.450353 6002113 13 1 29.87568 1.09342 6002113 13 1 610 51
1 1.057513 1.112379 0.9951048 0 36.27198 3.863941 6002113 13 1 29.01763 1.009651 6002113 13 1 779 347
1 1.206555 1.21522 1.17542 0 20.48101 2.344579 6002113 13 1 33.77344 1.03898 6002113 13 1 782 150
1 0.2443026 0.07741789 0.5517042 1 26.79855 1.159487 6002113 13 0 91.95219 1.01043 6002113 13 1 615 397
1 0.9160994 0.6007248 1.171549 0 2.182841 3.265908 6002113 13 1 20.32214 1.013224 6002113 13 1 615 477
1 1.15499 1.021547 1.194574 1 40.14434 1.575474 6002113 13 1 28.99466 1.006447 6002113 13 1 616 300
1 1.152501 1.258655 1.04415 1 27.16334 2.287352 6002113 13 1 32.7129 1.099168 6002113 13 1 618 31
1 1.054444 1.13827 0.9640688 1 33.34795 1.012846 6003113 13 1 1.204849 1.129082 6003113 13 1 893 218
1 1.152501 1.258655 1.04415 1 28.50891 1.016075 6002113 13 1 39.04244 2.597809 6002113 13 1 894 220
1 1.194803 1.137859 1.187115 0 28.8657 4.66116 6002113 13 1 43.49455 1.263255 6002113 13 1 898 411
1 1.10316 1.145079 1.05266 0 154.3445 1.600902 6002113 13 1 9.577628 1.205374 6002113 13 1 899 470
1 1.151918 0.9752633 1.225726 1 7.98397 2.473528 6001113 13 1 3.246315 1.134524 6001113 13 1 900 345
1 1.194803 1.137859 1.187115 1 14.30875 1.066583 6002113 13 1 27.10795 2.044765 6002113 13 1 904 444
1 1.048997 1.136673 0.9559695 1 49.69503 1.229265 6002113 13 0 16.69214 27.33311 6002113 13 1 906 58
1 0.789787 0.4650854 1.097808 1 13.98648 1.396798 6003113 13 0 647.0475 1.239904 6003113 13 1 906 120
1 1.152971 1.190243 1.109341 1 30.03891 1.943295 6002113 13 0 112.1843 1.196789 6002113 13 1 907 51
1 0.2208223 0.06788179 0.510611 1 15.99408 1.089976 6002113 13 0 52.04348 1.200648 6002113 13 1 907 458
1 0.2208223 0.06788179 0.510611 1 21.2123 1.008172 6002113 13 1 40.58497 1.984721 6002113 13 1 910 389
1 1.035838 1.098122 0.9666125 0 1.926355 5.787587 6002113 13 1 10.80676 1.010551 6002113 13 1 623 225
1 0.3767309 0.1505117 0.7131262 1 15.81647 1.956058 6001113 13 0 1.99305 1.747581 6001113 13 1 624 354
1 1.282494 1.437562 1.137462 1 20.43163 1.794538 6002113 13 0 1.429709 1.009987 6002113 13 1 628 138
1 1.314649 1.46568 1.173482 1 19.99638 1.193117 6002113 13 1 1.84964 1.103698 6002113 13 1 631 490
1 0.3170899 0.1198369 0.6261138 1 1.351104 1.781754 6002113 13 1 37.54936 1.013695 6002113 13 1 911 485
1 1.192805 1.083559 1.213989 1 7.199054 1.007553 6002113 13 1 20.25487 1.997115 6002113 13 1 915 298
1 1.059052 1.139164 0.9715886 1 20.32387 1.101154 6002113 13 0 4.706225 5.492534 6002113 13 1 915 385
1 1.059052 1.139164 0.9715886 1 28.7012 2.138772 6002113 13 1 15.67481 1.601906 6002113 13 1 916 432
1 1.314649 1.46568 1.173482 0 90.94794 1.098217 6002113 13 1 20.53619 1.174337 6002113 13 1 922 117
1 1.036252 1.095703 0.9699052 0 14.05256 3.802978 6002113 13 1 13.23591 1.894194 6002113 13 1 923 295
1 0.5279956 0.2465533 0.8852676 1 9.047585 1.007034 6001113 13 0 3.237775 1.783206 6001113 13 1 925 340
1 1.033406 1.101364 0.958024 1 33.20755 1.219165 6002113 13 1 22.05774 2.143649 6002113 13 1 928 108
1 1.213336 1.227995 1.180605 0 85.1126 1.754206 6002113 13 1 24.36636 1.028218 6002113 13 1 928 387
1 0.3459568 0.1344595 0.6687537 1 22.88659 1.005504 6002113 13 1 6.567842 1.950647 6002113 13 1 643 103
1 1.705086 2.017803 1.363962 0 130.9784 1.055065 6002113 13 1 26.10401 2.40813 6002113 13 1 643 245
1 1.209625 1.112975 1.222657 1 9.404486 1.1417 6001113 13 1 6.890037 2.637621 6001113 13 1 644 397
1 0.4544891 0.2018274 0.792879 1 40.53122 1.237329 6002113 13 0 46.66449 1.021127 6002113 13 1 647 223
1 0.6235333 0.981489 0.3895437 1 38.8689 1.008466 6002113 13 1 14.45165 1.13499 6002113 13 1 513 410
1 0.2443026 0.07741789 0.5517042 1 51.48219 1.04664 6003113 13 0 185.4815 6.862867 6003113 13 1 931 120
1 0.3459568 0.1344595 0.6687537 1 20.45001 1.225057 6002113 13 0 123.5145 3.893735 6002113 13 1 932 204
1 0.5380682 0.2637946 0.8676014 1 33.01685 1.153949 6002113 13 1 6.830735 1.764774 6002113 13 1 933 219
1 1.206555 1.21522 1.17542 1 7.983506 2.037274 6001113 13 1 14.79768 1.004464 6001113 13 1 934 413
1 1.524498 1.73059 1.317664 1 15.65453 2.149564 6002113 13 0 31.54593 1.628407 6002113 13 1 801 232
1 1.213336 1.227995 1.180605 1 8.879916 1.01243 6001113 13 1 1.31247 2.820029 6001113 13 1 802 17
1 1.123647 1.241142 1.010512 1 8.222242 1.112514 6002113 13 1 12.93944 2.158474 6002113 13 1 501 20
1 1.225386 1.141194 1.230719 1 16.94038 1.083117 6001113 13 1 8.521368 1.442939 6001113 13 1 503 243
1 1.152501 1.258655 1.04415 1 36.65992 1.971409 6002113 13 1 2.574886 1.033165 6002113 13 1 504 169
1 1.173319 1.196671 1.139395 1 34.5228 1.295664 6002113 13 0 16.29545 64.61823 6002113 13 1 505 327
1 1.114777 0.884905 1.24054 1 20.89015 1.029648 6002113 13 0 79.71162 1.071776 6002113 13 1 516 174
1 1.147959 1.183877 1.106546 0 13.14302 3.988733 6002113 13 1 44.19612 1.162357 6002113 13 1 941 436
1 1.055133 1.104334 0.9975671 1 34.43753 2.197561 6002113 13 1 41.74824 1.044633 6002113 13 1 943 433
1 1.812285 2.096335 1.505211 0 94.69794 1.077814 6002113 13 1 37.33319 2.013107 6002113 13 1 663 44
1 1.167323 1.186361 1.134647 1 12.6543 2.240255 6002113 13 0 21.63065 1.010718 6002113 13 1 664 182
1 0.114587 0.02674881 0.3330998 0 54.73797 1.941266 6002113 13 1 18.12004 1.138226 6002113 13 1 527 80
1 1.183608 1.169262 1.159476 1 15.34664 1.194638 6002113 13 1 33.34177 2.832532 6002113 13 1 528 417
1 1.063672 0.7860307 1.245813 0 47.39849 1.282871 6002113 13 1 17.87053 2.142442 6002113 13 1 529 81
1 0.5762256 0.2893137 0.9113798 1 41.20376 1.010264 6002113 13 1 56.82852 3.22322 6002113 13 1 804 51
1 1.575265 1.775696 1.383444 1 23.67274 1.961871 6002113 13 1 43.39152 1.009497 6002113 13 1 669 119
1 1.575265 1.775696 1.383444 1 23.67274 1.961871 6002113 13 1 43.39152 1.009497 6002113 13 1 669 119
1 0.006131473 0.0009213082 0.03465866 1 14.21089 1.834833 6002113 13 1 41.48566 1.02313 6002113 13 1 670 5
1 1.031225 1.102163 0.9526981 1 26.55943 1.282591 6002113 13 0 64.62333 1.025908 6002113 13 1 670 404
1 1.083255 0.8452013 1.220206 1 18.12362 1.166502 6003113 13 0 50.68343 4.161521 6003113 13 1 673 253
1 1.46424 1.680344 1.235249 1 21.4425 1.101962 6003113 13 0 513.5767 2.216946 6003113 13 1 674 295
1 1.152501 1.258655 1.04415 1 32.16697 1.082605 6002113 13 0 135.7528 1.780474 6002113 13 1 947 483
1 1.182032 1.113501 1.180358 1 35.59763 1.015744 6002113 13 0 29.15455 2.728587 6002113 13 1 226 19
1 1.167323 1.186361 1.134647 1 39.98098 1.087413 6002113 13 1 1.800614 3.422769 6002113 13 1 226 177
1 0.3458254 0.5933005 0.203245 1 34.60939 1.137655 6002113 13 0 32.51393 4.665119 6002113 13 1 257 259
1 0.03009876 0.005032814 0.1242768 1 29.71899 2.060965 6002113 13 1 44.26379 1.017619 6002113 13 1 261 119
1 1.191782 1.185832 1.16486 1 16.0474 1.023614 6003113 13 0 807.7459 1.274476 6003113 13 1 264 473
1 1.058012 1.115802 0.9930252 1 47.50655 1.220815 6002113 13 0 5.935562 8.14376 6002113 13 1 265 255
1 1.199401 1.201198 1.170168 0 16.29883 1.167015 6002113 13 0 1.207967 2.46272 6002113 13 1 272 24
1 1.199401 1.201198 1.170168 1 28.41721 1.063991 6003113 13 0 219.2479 2.169896 6003113 13 1 201 351
1 1.03119 1.524041 0.7057037 0 2.443781 1.825883 6002113 13 1 26.58695 1.023977 6002113 13 1 410 193
1 1.083255 0.8452013 1.220206 0 6.487657 3.178654 6001113 13 1 9.981051 1.136835 6001113 13 1 489 275
1 1.314649 1.46568 1.173482 1 31.34105 1.835087 6002113 13 1 34.84121 1.012666 6002113 13 1 490 373
1 1.083255 0.8452013 1.220206 1 12.77885 1.024655 6002113 13 0 17.25457 11.5576 6002113 13 1 492 42
1 0.3170899 0.1198369 0.6261138 0 23.5199 7.789318 6002113 13 1 65.50363 1.159376 6002113 13 1 497 425
1 1.137649 1.170432 1.099925 1 25.52406 1.378351 6002113 13 1 38.60764 1.876338 6002113 13 1 204 321
1 0.01417853 0.002128869 0.07081318 0 97.69003 2.979678 6002113 13 1 51.11716 1.02099 6002113 13 1 206 70
1 1.137649 1.170432 1.099925 1 5.075816 1.332763 6002113 13 1 30.40156 1.253518 6002113 13 1 206 258
1 1.227292 1.202911 1.205555 1 37.20628 1.113287 6002113 13 1 25.31401 2.33083 6002113 13 1 210 173
1 1.063672 0.7860307 1.245813 0 200.0947 1.596721 6003113 13 1 58.90188 1.94608 6003113 13 1 211 159
1 0.3920611 0.7237228 0.2037318 1 27.88053 1.004802 6002113 13 1 29.04304 1.488537 6002113 13 1 214 335
1 1.192805 1.083559 1.213989 1 55.90774 1.292846 6002113 13 0 11.83326 3.860066 6002113 13 1 215 179
1 1.182032 1.113501 1.180358 0 47.88252 1.530156 6002113 13 0 11.4115 3.323184 6002113 13 1 218 148
1 1.057513 1.112379 0.9951048 1 34.4005 1.778967 6002113 13 1 21.29562 1.423416 6002113 13 1 218 182
1 0.789787 0.4650854 1.097808 1 5.886837 1.198292 6002113 13 1 51.70005 1.128575 6002113 13 1 74 205
1 1.812285 2.096335 1.505211 1 24.70243 1.006957 6003113 13 0 213.7846 1.098566 6003113 13 1 87 185
1 1.137649 1.170432 1.099925 1 23.06162 1.109909 6002113 13 1 13.16672 1.329452 6002113 13 1 87 275
1 1.112575 1.233052 0.9981722 1 23.17488 3.304443 6001113 13 0 5.695654 1.022945 6001113 13 1 88 124
1 0.4903168 0.2233237 0.8385035 1 33.51993 1.057086 6002113 13 0 63.64999 4.572815 6002113 13 1 88 499
1 0.4205023 0.1819855 0.7484848 1 12.53871 1.213677 6002113 13 1 11.32007 2.815427 6002113 13 1 90 149
1 1.134034 1.248093 1.022271 1 40.25733 1.223675 6003113 13 0 172.5097 1.479646 6003113 13 1 506 295
1 0.7055845 0.3974356 1.016366 1 17.05729 1.714224 6002113 13 1 13.66969 1.110515 6002113 13 1 509 404
1 1.217313 1.182622 1.199648 1 31.83658 1.50038 6002113 13 1 23.95544 1.014568 6002113 13 1 510 239
1 1.055133 1.104334 0.9975671 1 24.27362 1.454976 6002113 13 0 28.3786 1.007846 6002113 13 1 91 288
1 1.059052 1.139164 0.9715886 1 24.44898 1.19767 6003113 13 0 268.769 1.645073 6003113 13 1 417 119
1 0.7934737 0.4881172 1.065644 0 192.4958 2.71468 6003113 13 1 16.61601 2.074473 6003113 13 1 419 66
1 1.314649 1.46568 1.173482 0 77.41414 3.629407 6002113 13 1 23.61584 1.181459 6002113 13 1 421 452
1 1.314649 1.46568 1.173482 1 52.10484 1.231512 6002113 13 0 1.024707 8.140942 6002113 13 1 425 449
1 1.034916 1.100018 0.9626585 0 6.610956 1.545295 6002113 13 1 37.63355 1.087142 6002113 13 1 429 108
1 1.152501 1.258655 1.04415 0 84.30235 4.706649 6002113 13 0 34.41157 1.070699 6002113 13 1 430 89
1 1.199428 1.046014 1.251733 1 15.78781 1.297781 6002113 13 0 51.02983 6.025467 6002113 13 1 432 426
1 1.199401 1.201198 1.170168 1 12.78711 1.381948 6002113 13 1 19.37896 1.252149 6002113 13 1 51 218
1 0.7055845 0.3974356 1.016366 1 29.77302 2.209249 6002113 13 1 23.99036 1.115641 6002113 13 1 53 456
1 1.1849 1.214892 1.148506 1 67.955 1.200846 6002113 13 0 32.36544 1.192062 6002113 13 1 382 433
1 1.050919 0.8056091 1.198818 1 26.83595 1.134205 6002113 13 0 34.8319 3.958244 6002113 13 1 389 154
1 0.4903168 0.2233237 0.8385035 1 25.10532 1.081679 6002113 13 0 73.1691 1.007633 6002113 13 1 389 260
1 0.5762256 0.2893137 0.9113798 1 28.42141 1.127977 6002113 13 1 9.863111 2.257041 6002113 13 1 311 55
1 1.225386 1.141194 1.230719 1 41.32384 1.091974 6003113 13 0 212.9733 1.479059 6003113 13 1 312 236
1 0.6159488 0.3166172 0.9557644 1 15.9571 1.05478 6002113 13 1 30.38812 2.257735 6002113 13 1 322 295
1 1.641128 1.972201 1.285192 1 1.681401 1.112187 6001113 13 1 9.251019 2.295211 6001113 13 1 324 459
1 0.9894024 0.7036328 1.19152 1 42.8319 2.009174 6002113 13 1 24.43659 1.015406 6002113 13 1 393 129
1 0.8339615 0.5241884 1.101491 1 21.35747 2.146441 6002113 13 1 27.63862 2.034611 6002113 13 1 474 71
1 1.49586 1.706142 1.278772 1 34.35056 1.015654 6002113 13 1 16.7361 2.350009 6002113 13 1 182 131
1 0.7934737 0.4881172 1.065644 0 618.624 1.026103 6003113 13 1 23.24978 1.229924 6003113 13 1 182 375
1 1.095596 1.133769 1.050051 0 87.69949 2.00988 6002113 13 1 51.24977 1.422327 6002113 13 1 189 346
1 1.705086 2.017803 1.363962 1 26.53041 1.011096 6003113 13 0 179.1279 1.02799 6003113 13 1 192 122
1 1.083255 0.8452013 1.220206 0 11.32695 1.254727 6002113 13 1 12.50597 2.38238 6002113 13 1 199 389
1 1.282494 1.437562 1.137462 1 5.251091 1.148697 6002113 13 1 22.88001 1.937651 6002113 13 1 485 285
1 1.106427 1.150534 1.053346 0 44.99386 4.487725 6002113 13 1 33.78043 1.104329 6002113 13 1 56 337
1 1.866054 2.331325 1.3979 0 145.0053 1.009261 6003113 13 1 34.1457 1.009712 6003113 13 1 728 437
1 1.182032 1.113501 1.180358 1 17.22362 1.075428 6002113 13 0 86.49941 1.331102 6002113 13 1 732 293
1 1.20651 1.16088 1.193521 1 16.20314 2.09157 6002113 13 1 44.70776 1.744961 6002113 13 1 735 82
1 1.035838 1.098122 0.9666125 1 3.361084 1.191962 6001113 13 1 23.47586 1.983736 6001113 13 1 870 62
1 1.137649 1.170432 1.099925 1 4.127584 1.043955 6002113 13 1 25.58926 1.193972 6002113 13 1 870 470
1 1.062846 1.139449 0.9784784 1 23.77607 1.359647 6002113 13 0 61.44397 4.392601 6002113 13 1 871 162
1 0.747205 0.4303799 1.057145 0 134.9639 1.101584 6002113 13 1 28.48475 1.208789 6002113 13 1 871 336
1 1.289688 1.878288 0.892531 1 47.86481 1.029845 6002113 13 0 0.1404938 8.443068 6002113 13 1 873 206
1 1.314649 1.46568 1.173482 1 2.231831 1.073956 6001113 13 1 14.33011 2.255116 6001113 13 1 586 169
1 0.3355998 0.123277 0.6770892 0 26.88033 4.393481 6002113 13 1 46.29786 1.0132 6002113 13 1 586 215
1 1.173319 1.196671 1.139395 0 78.94932 1.02801 6002113 13 1 21.9729 1.003887 6002113 13 1 588 93
1 1.524498 1.73059 1.317664 0 138.2722 1.367731 6002113 13 0 33.7701 1.128597 6002113 13 1 590 346
1 0.9138955 0.6245104 1.1333 0 76.39315 1.569717 6002113 13 1 25.91867 1.084522 6002113 13 1 592 81
1 1.227292 1.202911 1.205555 1 36.13648 1.124258 6002113 13 0 47.97611 4.811099 6002113 13 1 740 437
1 1.641128 1.972201 1.285192 0 30.37573 1.643326 6002113 13 1 32.68183 1.188127 6002113 13 1 743 76
1 1.46424 1.680344 1.235249 1 74.30507 1.765785 6002113 13 0 93.24261 2.428102 6002113 13 1 743 476
1 0.07905591 0.01690496 0.2492307 0 42.43492 3.660613 6002113 13 1 40.5397 1.129106 6002113 13 1 747 80
1 1.213336 1.227995 1.180605 1 42.64178 1.029925 6002113 13 0 82.08688 1.639089 6002113 13 1 751 216
1 0.5279956 0.2465533 0.8852676 1 32.30303 1.088667 6003113 13 0 99.87692 1.728467 6003113 13 1 752 45
1 1.109295 1.155893 1.053631 1 35.84575 1.607045 6003113 13 0 417.9406 3.119717 6003113 13 1 755 397
1 1.0427 1.134261 0.9473373 0 198.2428 1.924112 6003113 13 1 12.86507 1.141373 6003113 13 1 757 121
1 1.056557 1.108524 0.9965968 1 34.86967 2.196076 6002113 13 0 70.49332 1.133434 6002113 13 1 757 319
1 1.134034 1.248093 1.022271 1 31.77728 2.070514 6002113 13 1 35.88273 1.115533 6002113 13 1 593 400
1 1.017868 0.7662661 1.176325 1 26.46169 1.047125 6002113 13 0 79.32652 1.887658 6002113 13 1 593 417
1 1.524498 1.73059 1.317664 1 129.1461 2.990168 6002113 13 1 34.71955 1.775821 6002113 13 1 595 400
1 1.149237 1.698801 0.7921503 0 145.8494 1.129267 6002113 13 1 21.17539 1.008935 6002113 13 1 596 209
1 1.1849 1.214892 1.148506 1 23.76093 1.032515 6002113 13 1 7.526385 1.449033 6002113 13 1 597 322
1 1.314649 1.46568 1.173482 0 94.53627 1.012888 6002113 13 0 24.24769 1.866543 6002113 13 1 597 451
1 1.225386 1.141194 1.230719 1 59.05963 1.01692 6002113 13 0 84.45798 4.181384 6002113 13 1 598 78
1 1.143675 1.253919 1.033471 1 22.22282 1.118067 6002113 13 0 73.02177 2.068551 6002113 13 1 599 74
1 1.134034 1.248093 1.022271 1 31.15786 1.775753 6003113 13 0 367.7599 1.242815 6003113 13 1 599 397
1 0.0005054539 0.0001192409 0.002211735 1 19.88672 1.19754 6002113 13 1 16.24391 2.873635 6002113 13 1 600 229
1 1.048836 1.548763 0.7254791 1 3.316535 1.821867 6001113 13 1 17.21679 1.100505 6001113 13 1 601 86
1 0.5292084 0.8493549 0.3262614 0 65.33334 1.017597 6002113 13 1 10.65712 2.080416 6002113 13 1 601 475
1 0.1610681 0.04515641 0.4007308 1 11.99977 1.010202 6002113 13 1 12.85041 1.82402 6002113 13 1 880 421
1 1.152971 1.190243 1.109341 1 30.60451 3.257743 6002113 13 1 30.43651 1.183983 6002113 13 1 759 58
1 0.9574994 0.6410515 1.205563 1 27.20709 1.082204 6002113 13 0 47.08365 1.931707 6002113 13 1 761 109
1 1.057513 1.112379 0.9951048 1 15.52578 2.128347 6002113 13 0 129.0249 1.042589 6002113 13 1 761 388
1 1.099696 0.9023142 1.195627 0 63.77631 7.578246 6002113 13 1 72.54237 1.189841 6002113 13 1 761 412
1 1.026751 0.7444853 1.219196 1 21.74226 1.067661 6003113 13 0 9.216537 1.875249 6003113 13 1 762 99
1 0.2539062 0.08544197 0.5475258 0 1097.253 1.078795 6003113 13 1 21.6934 2.190041 6003113 13 1 763 4
1 1.213336 1.227995 1.180605 1 18.29641 1.167907 6002113 13 0 59.9033 1.461485 6002113 13 1 770 404
1 1.314649 1.46568 1.173482 1 35.58397 2.181046 6002113 13 1 4.469504 1.008994 6002113 13 1 828 6
1 1.190567 1.223018 1.152597 0 0.661013 1.612085 6003113 13 1 26.88544 2.287429 6003113 13 1 832 448
1 1.151918 0.9752633 1.225726 0 101.9472 1.906512 6002113 13 1 29.27151 1.090348 6002113 13 1 833 107
1 1.099519 1.139476 1.051563 1 24.64905 1.018296 6002113 13 1 33.91762 2.244519 6002113 13 1 349 363
1 1.217313 1.182622 1.199648 0 10.41212 4.426045 6002113 13 1 36.61686 1.0877 6002113 13 1 349 405
1 0.9894024 0.7036328 1.19152 1 44.34744 1.315839 6002113 13 1 16.49236 2.16782 6002113 13 1 351 141
1 1.194803 1.137859 1.187115 0 67.10824 1.638215 6002113 13 1 40.42857 1.019024 6002113 13 1 352 435
1 1.761918 2.058838 1.43754 0 28.26808 5.036624 6002113 13 1 32.84588 1.254895 6002113 13 1 110 156
1 0.2208223 0.06788179 0.510611 0 87.16029 1.547548 6002113 13 1 26.98497 1.168147 6002113 13 1 112 351
1 1.055133 1.104334 0.9975671 1 22.77331 1.115654 6002113 13 0 13.17001 12.53966 6002113 13 1 116 397
1 1.034916 1.100018 0.9626585 1 15.67201 1.04288 6002113 13 1 41.82924 2.067816 6002113 13 1 118 245
1 1.182032 1.113501 1.180358 0 82.62692 2.491879 6002113 13 1 36.2423 1.011868 6002113 13 1 118 350
1 1.0427 1.134261 0.9473373 0 322.7834 1.009978 6003113 13 0 11.17785 3.424263 6003113 13 1 119 351
1 1.145385 0.9245803 1.259718 1 56.61305 2.075009 6002113 13 1 18.02255 1.024251 6002113 13 1 122 92
1 1.157728 1.196465 1.111764 1 24.88194 1.275337 6002113 13 0 26.14534 1.280708 6002113 13 1 836 243
1 0.665028 0.3662483 0.9755856 1 23.28102 1.608452 6002113 13 0 149.8454 1.774441 6002113 13 1 836 244
1 1.20651 1.16088 1.193521 0 51.51809 1.008313 6002113 13 1 23.40834 1.984983 6002113 13 1 837 218
1 1.031225 1.102163 0.9526981 0 121.4967 1.031768 6002113 13 1 29.74046 1.124457 6002113 13 1 554 241
1 1.49586 1.706142 1.278772 1 2.860081 1.074608 6002113 13 1 30.12717 1.218366 6002113 13 1 977 5
1 0.6792043 1.500973 0.3097145 1 24.15112 1.066836 6002113 13 1 3.119368 1.015737 6002113 13 1 978 53
1 1.112575 1.233052 0.9981722 0 26.50944 1.183559 6002113 13 1 23.80582 1.182914 6002113 13 1 980 227
1 1.142868 1.177299 1.103399 1 32.40087 1.255743 6002113 13 1 23.2569 1.082836 6002113 13 1 980 492
1 0.8339615 0.5241884 1.101491 1 38.05983 1.294252 6002113 13 1 17.0279 1.188035 6002113 13 1 981 461
1 0.1793033 0.05184105 0.4351809 1 41.37106 2.285344 6002113 13 1 29.95206 1.387466 6002113 13 1 982 384
1 0.0005054539 0.0001192409 0.002211735 1 12.27869 1.265352 6002113 13 1 7.955022 1.050964 6002113 13 1 695 384
1 1.75908 2.248522 1.290011 1 5.031192 1.118788 6002113 13 1 22.97206 1.006905 6002113 13 1 703 203
1 1.056557 1.108524 0.9965968 1 5.961683 1.591491 6002113 13 1 12.12616 1.011392 6002113 13 1 563 231
1 0.4544891 0.2018274 0.792879 1 32.40397 1.020208 6002113 13 0 73.76215 7.020985 6002113 13 1 567 24
1 1.314649 1.46568 1.173482 1 23.26189 1.186699 6002113 13 0 75.63249 1.017621 6002113 13 1 161 1
1 1.20651 1.16088 1.193521 0 20.68164 2.877471 6002113 13 1 26.76387 1.028415 6002113 13 1 162 150
1 1.145385 0.9245803 1.259718 1 45.14294 1.095579 6003113 13 0 32.45672 3.541594 6003113 13 1 30 262
1 1.152501 1.258655 1.04415 1 26.59365 1.016605 6002113 13 0 52.25122 3.08988 6002113 13 1 34 252
1 1.142868 1.177299 1.103399 1 25.22918 1.021791 6002113 13 0 37.46783 4.94989 6002113 13 1 36 43
1 1.209625 1.112975 1.222657 1 4.175287 1.017396 6002113 13 0 11.84697 1.332103 6002113 13 1 366 258
1 1.167323 1.186361 1.134647 1 7.689918 1.136224 6002113 13 0 0.2444114 1.865594 6002113 13 1 367 376
1 1.152971 1.190243 1.109341 1 18.18264 1.175539 6002113 13 0 127.6988 1.130769 6002113 13 1 368 293
1 0.6998869 0.3767799 1.045889 1 16.59436 1.919246 6002113 13 0 37.42053 2.605995 6002113 13 1 368 408
1 1.134034 1.248093 1.022271 0 19.88446 4.23866 6002113 13 1 37.77421 1.546212 6002113 13 1 370 191
1 1.209625 1.112975 1.222657 0 994.5818 2.221165 6003113 13 1 39.51867 1.233579 6003113 13 1 291 88
1 1.063672 0.7860307 1.245813 1 20.02029 1.033929 6002113 13 0 256.7215 3.464793 6002113 13 1 292 271
1 1.176288 1.010978 1.239274 1 41.22124 1.033365 6002113 13 0 32.31839 2.032508 6002113 13 1 293 186
1 1.173319 1.196671 1.139395 1 8.216899 2.488341 6002113 13 1 36.48883 2.006538 6002113 13 1 294 103
1 1.173319 1.196671 1.139395 1 22.71138 1.455464 6002113 13 1 17.77554 1.01666 6002113 13 1 295 488
1 1.524498 1.73059 1.317664 1 23.68923 2.721245 6002113 13 1 24.60959 1.008169 6002113 13 1 296 478
1 0.4094664 0.1680855 0.7591912 0 94.39161 4.555401 6003113 13 1 39.37132 1.057843 6003113 13 1 298 35
1 1.191782 1.185832 1.16486 1 26.13617 1.011745 6002113 13 0 32.01648 4.389772 6002113 13 1 301 147
1 1.641128 1.972201 1.285192 1 19.52789 1.115579 6002113 13 0 239.6329 1.62804 6002113 13 1 304 369
1 1.063672 0.7860307 1.245813 1 24.96723 1.086988 6002113 13 0 99.25151 1.11844 6002113 13 1 373 293
1 1.143675 1.253919 1.033471 0 13.88352 3.854192 6002113 13 1 38.53335 1.142828 6002113 13 1 373 403
1 0.1080031 0.02598027 0.3057024 1 14.09876 1.199065 6002113 13 1 22.50625 1.397244 6002113 13 1 374 19
1 1.095596 1.133769 1.050051 1 5.003121 1.373481 6002113 13 1 45.92152 2.075176 6002113 13 1 378 12
1 1.152971 1.190243 1.109341 1 11.98555 1.074573 6002113 13 1 25.6627 1.490395 6002113 13 1 44 413
1 0.8332192 0.5015442 1.138243 1 23.76159 1.166249 6002113 13 1 33.80674 1.197414 6002113 13 1 166 413
1 1.75908 2.248522 1.290011 1 20.04974 1.01875 6002113 13 1 16.89247 1.870185 6002113 13 1 169 65
1 1.157728 1.196465 1.111764 1 45.33064 2.091297 6002113 13 1 6.886945 1.228243 6002113 13 1 170 27
1 1.75908 2.248522 1.290011 1 14.76745 1.093473 6002113 13 1 35.80286 1.274937 6002113 13 1 172 342
1 1.143675 1.253919 1.033471 1 22.71505 1.215807 6002113 13 0 32.9458 1.133975 6002113 13 1 178 74
1 0.7268606 1.122648 0.4611204 1 16.82063 2.897583 6002113 13 1 15.77481 1.068961 6002113 13 1 329 386
1 0.00101149 0.0002112473 0.005580286 1 11.01684 2.399958 6002113 13 1 45.99612 2.967191 6002113 13 1 335 18
1 1.057513 1.112379 0.9951048 1 13.26894 1.575999 6001113 13 1 4.69705 3.503382 6001113 13 1 336 2
1 0.5226254 0.8798594 0.3137767 1 16.4178 1.070776 6003113 13 1 23.3816 1.098286 6003113 13 1 337 375
1 1.10316 1.145079 1.05266 1 4.647737 2.639046 6002113 13 1 44.27158 1.008522 6002113 13 1 339 259
1 1.050919 0.8056091 1.198818 1 13.7859 1.698753 6003113 13 0 750.2839 1.564564 6003113 13 1 344 170
1 1.282494 1.437562 1.137462 0 20.80963 1.042457 6002113 13 1 15.72035 2.024215 6002113 13 1 344 343
1 1.0427 1.134261 0.9473373 0 128.8228 1.05652 6002113 13 1 24.61035 1.139609 6002113 13 1 453 151
1 1.056557 1.108524 0.9965968 1 11.43404 1.008478 6002113 13 0 113.7563 1.031527 6002113 13 1 66 164
1 1.134034 1.248093 1.022271 0 70.55932 5.427208 6002113 13 1 20.03837 1.311127 6002113 13 1 72 5
1 1.095596 1.133769 1.050051 1 22.63385 1.014602 6002113 13 0 0.9919046 2.037775 6002113 13 1 399 118
1 1.405111 1.934095 0.9833891 1 49.61542 1.085585 6002113 13 0 13.07999 3.069107 6002113 13 1 404 318
1 0.8383967 1.273376 0.5409222 1 15.20906 1.02402 6002113 13 0 167.1505 1.504667 6002113 13 1 404 483
1 1.314649 1.46568 1.173482 0 586.1025 2.106731 6003113 13 1 35.52062 2.154158 6003113 13 1 445 244
1 1.179161 1.206147 1.144075 1 40.25364 2.201637 6002113 13 0 9.548437 1.093372 6002113 13 1 345 379
1 1.206555 1.21522 1.17542 0 80.67865 13.71239 6003113 13 1 21.1953 2.083363 6003113 13 1 346 20
1 1.134034 1.248093 1.022271 1 21.63861 2.742854 6002113 13 1 36.83084 1.015165 6002113 13 1 456 12
1 1.182032 1.113501 1.180358 1 30.87981 2.029211 6002113 13 0 48.45203 5.069599 6002113 13 1 458 11
1 1.035838 1.098122 0.9666125 1 14.24977 1.619577 6002113 13 0 23.06083 1.006476 6002113 13 1 459 169
1 1.137649 1.170432 1.099925 1 33.57352 1.015278 6002113 13 0 9.468486 4.710688 6002113 13 1 461 6
1 0.7934737 0.4881172 1.065644 1 1.391524 2.567758 6001113 13 1 8.382621 1.008068 6001113 13 1 464 52
1 1.179161 1.206147 1.144075 1 39.04819 1.223222 6002113 13 1 30.85404 1.291436 6002113 13 1 841 482
1 1.206555 1.21522 1.17542 1 31.48714 1.008177 6003113 13 0 255.8829 2.539381 6003113 13 1 705 424
1 1.812285 2.096335 1.505211 1 29.74185 1.006774 6002113 13 1 4.854353 2.348166 6002113 13 1 706 295
1 1.137649 1.170432 1.099925 0 143.0585 5.84573 6002113 13 1 31.4901 1.024065 6002113 13 1 708 250
1 0.8339615 0.5241884 1.101491 0 116.691 1.841778 6002113 13 1 21.02951 1.010895 6002113 13 1 710 22
1 1.526225 2.04983 1.080738 1 13.79189 1.087989 6002113 13 0 17.24726 5.472843 6002113 13 1 710 298
1 1.1849 1.214892 1.148506 0 37.44563 3.341941 6002113 13 1 12.05148 2.136236 6002113 13 1 710 325
1 1.099519 1.139476 1.051563 0 51.14729 5.990222 6002113 13 1 36.0869 1.116069 6002113 13 1 711 111
1 1.026751 0.7444853 1.219196 1 34.81474 1.53594 6002113 13 1 14.84874 1.013815 6002113 13 1 712 194
1 1.149237 1.698801 0.7921503 1 30.8512 1.189459 6002113 13 0 79.88131 4.859752 6002113 13 1 985 111
1 0.5675248 0.271593 0.9330701 1 38.69582 2.03697 6002113 13 0 119.2527 1.373671 6002113 13 1 986 100
1 1.641128 1.972201 1.285192 1 28.95627 1.010694 6002113 13 1 4.685355 1.017123 6002113 13 1 846 211
1 0.8748782 0.5617447 1.136825 1 30.28546 1.519427 6002113 13 1 25.08811 1.016546 6002113 13 1 846 370
1 1.46424 1.680344 1.235249 0 77.56023 2.434113 6002113 13 1 23.19105 1.01702 6002113 13 1 847 81
1 1.524498 1.73059 1.317664 1 9.335848 2.077389 6001113 13 1 0.3369437 3.188055 6001113 13 1 850 345
1 0.003019196 0.0005044267 0.01820843 0 66.68781 2.007586 6002113 13 0 39.37733 1.013427 6002113 13 1 852 354
1 1.145385 0.9245803 1.259718 0 826.6869 6.277384 6003113 13 1 42.40736 1.322621 6003113 13 1 569 119
1 1.099696 0.9023142 1.195627 1 21.31134 1.051178 6002113 13 0 20.872 2.552416 6002113 13 1 570 162
1 1.048997 1.136673 0.9559695 1 1.92439 1.079225 6001113 13 1 18.7162 1.16483 6001113 13 1 571 192
1 0.02605346 0.004275305 0.110374 0 59.46848 2.545236 6002113 13 1 18.61847 1.01374 6002113 13 1 573 37
1 1.157728 1.196465 1.111764 1 23.97842 1.303252 6002113 13 1 2.163846 1.137627 6002113 13 1 574 394
1 1.057513 1.112379 0.9951048 0 9.137527 1.193032 6001113 13 1 8.390193 1.516409 6001113 13 1 992 205
1 1.053247 1.09991 0.9980844 0 4.095263 3.558017 6002113 13 1 15.39099 1.116522 6002113 13 1 992 376
1 1.227292 1.202911 1.205555 1 41.9533 1.038891 6002113 13 1 28.41003 2.116684 6002113 13 1 996 176
1 1.550791 1.753763 1.352368 1 22.99688 1.246424 6002113 13 0 33.2501 8.521329 6002113 13 1 1000 46
1 0.9160994 0.6007248 1.171549 0 807.2569 1.004404 6003113 13 1 21.83836 1.01261 6003113 13 1 1000 69
1 1.206555 1.21522 1.17542 0 473.4247 6.220602 6003113 13 1 24.41913 1.014939 6003113 13 1 1000 416
1 1.152501 1.258655 1.04415 1 25.11112 2.08799 6002113 13 0 6.827684 1.040431 6002113 13 1 713 5
1 0.3064061 0.1093534 0.631845 1 38.92553 1.013842 6002113 13 1 15.54186 2.885912 6002113 13 1 713 380
1 0.665028 0.3662483 0.9755856 0 63.86993 3.143193 6002113 13 1 42.09668 1.012289 6002113 13 1 715 83
1 1.183608 1.169262 1.159476 1 8.612657 1.046531 6002113 13 1 21.45655 1.007839 6002113 13 1 721 245
1 1.167323 1.186361 1.134647 1 16.76434 1.170344 6002113 13 1 9.560829 2.118762 6002113 13 1 575 176
1 1.183608 1.169262 1.159476 1 27.72702 1.017658 6002113 13 1 38.20922 1.179352 6002113 13 1 575 368
1 1.761918 2.058838 1.43754 0 138.5987 2.205271 6002113 13 1 33.37146 1.073088 6002113 13 1 576 475
1 1.182032 1.113501 1.180358 1 9.347433 1.007757 6002113 13 1 4.827955 1.459743 6002113 13 1 577 207
1 0.1610681 0.04515641 0.4007308 1 29.69033 3.484872 6002113 13 1 37.95473 1.253568 6002113 13 1 577 480
1 1.182032 1.113501 1.180358 1 11.68316 2.292631 6002113 13 0 147.0388 1.00782 6002113 13 1 578 237
1 1.017868 0.7662661 1.176325 1 9.279493 1.3574 6002113 13 1 3.382426 1.209138 6002113 13 1 584 46
1 1.191782 1.185832 1.16486 1 15.4072 1.166027 6002113 13 0 0.3190356 5.739409 6002113 13 1 585 105
1 0.665028 0.3662483 0.9755856 1 35.73894 1.199124 6002113 13 1 37.02488 1.279474 6002113 13 1 585 401
1 1.225386 1.141194 1.230719 1 59.60122 1.303786 6002113 13 1 1.56128 1.440602 6002113 13 1 857 427
1 0.789787 0.4650854 1.097808 0 393.6218 21.29492 6003113 13 1 36.36312 1.973989 6003113 13 1 861 201
1 0.07905591 0.01690496 0.2492307 0 14.49766 1.063736 6002113 13 1 55.98187 1.909268 6002113 13 1 725 130
1 1.151918 0.9752633 1.225726 0 2.522105 1.208879 6001113 13 1 14.33532 2.203668 6001113 13 1 952 428
1 1.109295 1.155893 1.053631 1 19.37514 1.009923 6002113 13 1 23.02385 1.415152 6002113 13 1 228 255
1 1.112575 1.233052 0.9981722 0 20.82379 1.086094 6002113 13 1 20.68972 2.073823 6002113 13 1 228 358
1 1.036252 1.095703 0.9699052 1 20.54931 1.015786 6002113 13 1 14.5537 3.669249 6002113 13 1 232 221
1 1.137649 1.170432 1.099925 1 20.73876 1.034349 6002113 13 0 33.70996 1.988382 6002113 13 1 234 219
1 1.167323 1.186361 1.134647 1 58.9342 1.108302 6002113 13 0 10.36661 7.496177 6002113 13 1 236 437
1 0.8332192 0.5015442 1.138243 1 11.31292 1.008657 6002113 13 1 27.49215 1.579789 6002113 13 1 239 260
1 1.056557 1.108524 0.9965968 1 38.82436 1.012832 6002113 13 0 4.517831 10.48948 6002113 13 1 240 76
1 1.053247 1.09991 0.9980844 1 27.20244 1.126761 6002113 13 1 6.918224 1.101818 6002113 13 1 240 135
1 1.526225 2.04983 1.080738 0 1213.343 1.030901 6003113 13 1 24.18675 1.250167 6003113 13 1 241 4
1 0.3064061 0.1093534 0.631845 0 10.54177 1.244095 6001113 13 0 22.49195 1.908408 6001113 13 1 243 326
1 1.56971 1.920896 1.202337 1 21.57271 1.295884 6002113 13 1 38.64792 1.010057 6002113 13 1 244 91
1 1.058012 1.115802 0.9930252 1 18.4477 2.353483 6002113 13 1 52.4308 1.128838 6002113 13 1 244 409
1 1.761918 2.058838 1.43754 1 40.43691 1.011799 6002113 13 0 137.566 4.539773 6002113 13 1 245 150
1 1.114777 0.884905 1.24054 1 64.0958 1.085218 6002113 13 0 38.02206 4.310611 6002113 13 1 132 177
1 1.026751 0.7444853 1.219196 0 71.57369 1.658128 6002113 13 1 34.12151 1.188396 6002113 13 1 133 340
1 1.055133 1.104334 0.9975671 1 12.06625 1.151356 6002113 13 0 139.3558 2.327848 6002113 13 1 133 403
1 1.035838 1.098122 0.9666125 1 27.89891 1.081629 6002113 13 0 25.90743 5.860258 6002113 13 1 137 305
1 1.179161 1.206147 1.144075 0 9.183764 4.299368 6001113 13 1 11.74676 1.00382 6001113 13 1 144 261
1 0.9138955 0.6245104 1.1333 1 20.16405 1.069415 6002113 13 0 64.22495 1.038194 6002113 13 1 246 403
1 1.026751 0.7444853 1.219196 1 23.08351 1.243258 6002113 13 1 38.33634 1.09059 6002113 13 1 246 461
1 1.183608 1.169262 1.159476 1 3.544647 1.265206 6002113 13 1 26.59267 1.239088 6002113 13 1 247 452
1 0.9517445 0.6636014 1.162862 0 54.10385 3.296945 6002113 13 1 29.86447 1.096123 6002113 13 1 254 373
1 1.329532 1.478061 1.189894 1 32.29071 1.418288 6002113 13 0 169.4459 1.567749 6002113 13 1 1 75
1 1.036252 1.095703 0.9699052 1 31.81807 2.181564 6003113 13 0 98.8773 2.244011 6003113 13 1 3 442
1 0.789787 0.4650854 1.097808 0 64.36452 1.660235 6002113 13 1 15.61882 1.105601 6002113 13 1 4 187
1 0.3767309 0.1505117 0.7131262 0 49.3856 1.510829 6002113 13 0 14.10548 3.333851 6002113 13 1 4 234
1 1.147959 1.183877 1.106546 1 29.21455 1.004863 6002113 13 1 27.53173 1.00807 6002113 13 1 276 472
1 1.142868 1.177299 1.103399 1 16.50181 1.86582 6002113 13 1 9.223665 1.041664 6002113 13 1 279 143
1 1.298986 1.452146 1.156092 1 24.86372 1.014633 6002113 13 1 34.77402 1.425742 6002113 13 1 283 398
1 1.095596 1.133769 1.050051 1 32.81181 1.837577 6002113 13 1 23.53889 1.253098 6002113 13 1 284 21
1 0.01536516 0.002346602 0.07345495 0 50.00166 1.018312 6002113 13 1 28.34732 1.093221 6002113 13 1 286 325
1 1.0427 1.134261 0.9473373 1 20.09577 1.028134 6003113 13 0 82.70366 1.005623 6003113 13 1 289 267
1 1.1849 1.214892 1.148506 1 5.511283 2.094379 6002113 13 1 34.05809 2.223139 6002113 13 1 10 246
1 0.9894024 0.7036328 1.19152 1 14.49794 1.31924 6002113 13 0 10.75566 4.538333 6002113 13 1 10 334
1 0.6998869 0.3767799 1.045889 1 17.39005 1.170348 6002113 13 0 47.195 1.271065 6002113 13 1 11 317
1 1.033406 1.101364 0.958024 1 23.24118 1.196614 6002113 13 0 93.01542 3.531349 6002113 13 1 13 240
1 1.134034 1.248093 1.022271 0 339.7922 1.649786 6003113 13 1 50.33869 1.012289 6003113 13 1 15 312
1 1.199401 1.201198 1.170168 0 24.46895 4.456418 6002113 13 1 16.23931 1.044863 6002113 13 1 16 357
1 1.083255 0.8452013 1.220206 1 28.87552 1.10565 6002113 13 0 67.44119 2.924847 6002113 13 1 20 211
1 0.8748782 0.5617447 1.136825 1 20.11833 1.23975 6001113 13 1 0.6554363 1.043499 6001113 13 1 21 38
1 1.151918 0.9752633 1.225726 1 32.74706 1.468474 6002113 13 0 15.20589 5.463021 6002113 13 1 24 65
1 1.123647 1.241142 1.010512 0 51.66866 1.013533 6002113 13 1 30.9024 2.061248 6002113 13 1 24 77
1 1.179161 1.206147 1.144075 0 91.63522 3.316472 6002113 13 1 26.48663 1.953153 6002113 13 1 25 412
1 1.705086 2.017803 1.363962 1 37.89835 1.020156 6002113 13 1 20.48632 1.143202 6002113 13 1 146 372
1 1.176288 1.010978 1.239274 0 51.91671 1.609299 6002113 13 1 16.72265 2.061712 6002113 13 1 152 308
1 0.9219857 1.364073 0.6240806 1 2.604911 1.208773 6002113 13 1 18.38133 1.070468 6002113 13 1 153 22
1 0.9138955 0.6245104 1.1333 1 37.18918 1.148782 6002113 13 0 26.68889 3.734908 6002113 13 1 155 395
1 1.126364 0.9389989 1.211138 1 56.62819 2.155683 6002113 13 0 104.1691 5.375947 6002113 13 1 96 106
1 0.6571895 0.3457574 1.000641 1 25.98512 1.826871 6003113 13 0 141.0376 1.4979 6003113 13 1 98 135
1 0.00196003 0.0003467147 0.01180033 1 39.85941 1.013393 6002113 13 1 5.797061 1.216315 6002113 13 1 810 18
1 1.15499 1.021547 1.194574 1 21.55317 1.101567 6001113 13 1 2.850401 1.197344 6001113 13 1 811 281
1 0.2539062 0.08544197 0.5475258 0 304.2566 4.053567 6003113 13 1 50.16748 1.091054 6003113 13 1 812 338
1 1.048836 1.548763 0.7254791 0 35.70934 1.104019 6003113 13 0 816.2671 4.554541 6003113 13 1 813 57
1 1.10316 1.145079 1.05266 1 18.7152 1.309728 6002113 13 1 6.794371 1.021219 6002113 13 1 813 116
1 0.4903168 0.2233237 0.8385035 1 17.14408 1.273717 6002113 13 1 33.08648 1.186154 6002113 13 1 814 479
1 1.1849 1.214892 1.148506 1 29.93101 1.153699 6002113 13 0 103.0766 4.972428 6002113 13 1 819 94
1 1.083255 0.8452013 1.220206 1 20.14222 1.106773 6002113 13 1 39.17299 2.46617 6002113 13 1 964 342
1 1.298986 1.452146 1.156092 0 80.38466 1.454407 6002113 13 1 44.49071 1.075563 6002113 13 1 677 236
1 1.126364 0.9389989 1.211138 0 63.1414 2.689373 6003113 13 1 42.38297 2.038476 6003113 13 1 683 325
1 1.329532 1.478061 1.189894 1 39.45318 2.859872 6002113 13 1 32.91636 1.016139 6002113 13 1 683 340
1 0.1363718 0.034862 0.3662451 1 21.97038 1.02525 6002113 13 1 26.24503 1.088337 6002113 13 1 542 258
1 1.099519 1.139476 1.051563 0 39.44661 1.006952 6002113 13 1 47.2151 1.916206 6002113 13 1 545 238
1 1.206555 1.21522 1.17542 1 10.15042 1.049672 6002113 13 0 44.64004 5.657116 6002113 13 1 825 313
