1 1.524498 1.73059 1.317664 1 21.82154 1.175308 1000022 13 1 346.2086 4.462443 1000022 13 1 176 98
1 1.112575 1.233052 0.9981722 0 111.1209 1.514344 1000022 13 1 68.92454 1.537917 1000022 13 1 179 199
1 1.106427 1.150534 1.053346 1 185.1625 1.415566 1000022 13 1 11.27642 44.25625 1000022 13 1 179 391
1 1.227292 1.202911 1.205555 1 13.63482 1.960423 1000022 13 1 83.47354 1.192534 1000022 13 1 180 184
1 0.4442115 0.1872741 0.8068974 1 12.84627 1.546052 1000022 13 1 117.5744 1.563381 1000022 13 1 181 105
1 1.75908 2.248522 1.290011 1 110.305 1.927136 1000022 13 0 53.01558 1.657972 1000022 13 1 181 120
1 1.866054 2.331325 1.3979 1 47.03013 1.072536 1000022 13 0 224.2601 1.139713 1000022 13 1 181 279
1 1.183608 1.169262 1.159476 0 26.73777 2.070676 1000022 13 1 112.0584 1.250098 1000022 13 1 181 465
1 1.182032 1.113501 1.180358 1 48.33825 1.167527 1000022 13 1 257.3085 2.490393 1000022 13 1 182 95
1 1.194803 1.137859 1.187115 1 240.5564 1.507353 1000022 13 1 247.5267 1.272373 1000022 13 1 182 183
1 1.017868 0.7662661 1.176325 1 147.7028 3.678826 1000022 13 1 8.688916 1.714232 1000022 13 1 183 9
1 1.063672 0.7860307 1.245813 0 1.536075 3.205565 1000022 13 1 160.6283 1.606969 1000022 13 1 183 189
1 1.134034 1.248093 1.022271 1 179.8343 1.687357 1000022 13 1 130.0002 1.568525 1000022 13 1 185 496
1 1.157728 1.196465 1.111764 1 113.8196 1.216785 1000022 13 0 109.5212 1.138647 1000022 13 1 187 251
1 1.099519 1.139476 1.051563 0 488.812 1.343574 1000022 13 1 87.97084 1.369501 1000022 13 1 190 255
1 1.036252 1.095703 0.9699052 1 91.7196 1.876164 1000022 13 0 116.5594 1.846054 1000022 13 1 191 467
1 1.524498 1.73059 1.317664 1 99.66954 2.690193 1000022 13 0 158.841 1.654316 1000022 13 1 192 29
1 0.4094664 0.1680855 0.7591912 1 19.45218 1.419218 1000022 13 1 144.1958 1.394864 1000022 13 1 192 391
1 1.145385 0.9245803 1.259718 1 103.8547 5.221786 1000022 13 1 41.8824 1.554745 1000022 13 1 194 85
1 1.575265 1.775696 1.383444 1 70.18344 1.15045 1000022 13 1 233.8227 3.729173 1000022 13 1 196 24
1 1.190567 1.223018 1.152597 0 201.612 1.542479 1000022 13 1 61.31645 1.530188 1000022 13 1 196 51
1 1.167323 1.186361 1.134647 1 128.4243 1.598831 1000022 13 1 273.0038 2.512549 1000022 13 1 196 97
1 1.225386 1.141194 1.230719 1 129.7101 4.099923 1000022 13 0 57.65563 1.77931 1000022 13 1 198 66
1 1.329532 1.478061 1.189894 1 134.8091 2.891816 1000022 13 1 0.872638 2.245005 1000022 13 1 198 363
1 1.143675 1.253919 1.033471 1 141.1277 1.473348 1000022 13 0 72.72491 1.25896 1000022 13 1 198 467
1 0.665028 0.3662483 0.9755856 1 53.09409 1.362955 1000022 13 1 157.5105 1.149137 1000022 13 1 200 212
1 1.49586 1.706142 1.278772 0 67.20619 1.506914 1000022 13 1 96.67775 2.17856 1000022 13 1 1 100
1 1.152501 1.258655 1.04415 1 129.306 1.706771 1000022 13 0 441.0629 3.275426 1000022 13 1 3 80
1 1.126364 0.9389989 1.211138 1 538.67 3.243872 1000022 13 1 205.9665 1.547856 1000022 13 1 4 60
1 0.8748782 0.5617447 1.136825 1 145.0199 1.113655 1000022 13 1 148.9825 1.423926 1000022 13 1 5 328
1 1.526225 2.04983 1.080738 1 87.8257 1.202486 1000022 13 0 77.61758 1.163447 1000022 13 1 7 155
1 1.017868 0.7662661 1.176325 1 41.68405 2.859451 1000022 13 1 156.4339 1.521004 1000022 13 1 9 413
1 1.194803 1.137859 1.187115 1 169.3394 1.243663 1000022 13 1 44.9257 1.115747 1000022 13 1 10 37
1 1.550791 1.753763 1.352368 0 143.496 2.132944 1000022 13 0 54.6771 4.948984 1000022 13 1 10 257
1 1.1849 1.214892 1.148506 1 186.1642 1.667205 1000022 13 1 213.0967 2.102925 1000022 13 1 10 391
1 1.56971 1.920896 1.202337 0 102.403 1.493305 1000022 13 1 58.78689 1.310298 1000022 13 1 12 309
1 0.3355998 0.123277 0.6770892 1 145.2605 1.16806 1000022 13 1 58.4959 1.311717 1000022 13 1 12 462
1 0.3355998 0.123277 0.6770892 1 145.2605 1.16806 1000022 13 1 58.4959 1.311717 1000022 13 1 12 462
1 1.083255 0.8452013 1.220206 1 61.98159 1.729766 1000022 13 1 10.26694 1.545901 1000022 13 1 12 483
1 1.059052 1.139164 0.9715886 0 114.7492 1.600361 1000022 13 1 172.6595 1.60192 1000022 13 1 13 318
1 0.665028 0.3662483 0.9755856 1 100.3045 1.208505 1000022 13 0 46.98905 7.948891 1000022 13 1 15 361
1 1.142868 1.177299 1.103399 1 72.38483 1.499406 1000022 13 1 9.912448 2.386004 1000022 13 1 15 490
1 1.20651 1.16088 1.193521 1 50.05828 2.648329 1000022 13 1 173.7518 2.008077 1000022 13 1 16 164
1 1.157728 1.196465 1.111764 0 259.1084 2.019803 1000022 13 1 73.63973 1.792682 1000022 13 1 17 114
1 1.75908 2.248522 1.290011 1 209.3766 1.624805 1000022 13 1 69.60435 1.800013 1000022 13 1 17 200
1 1.42456 2.044705 0.9864829 1 50.48072 2.378258 1000022 13 0 42.94938 1.896819 1000022 13 1 18 417
1 1.099519 1.139476 1.051563 0 91.31232 4.21888 1000022 13 1 172.6772 2.455146 1000022 13 1 21 63
1 0.7934737 0.4881172 1.065644 1 166.2078 1.417323 1000022 13 1 124.7485 1.512227 1000022 13 1 21 159
1 1.645109 2.1548 1.183545 1 24.28451 1.244741 1000022 13 1 94.55819 1.769665 1000022 13 1 22 108
1 0.02071812 0.003240969 0.0945363 1 93.61749 1.726217 1000022 13 0 99.99178 2.168148 1000022 13 1 22 168
1 1.142868 1.177299 1.103399 0 28.3299 6.113558 1000022 13 1 88.35466 1.311597 1000022 13 1 23 75
1 0.002610219 0.0004442447 0.01575894 1 412.31 4.990799 1000022 13 1 191.0982 1.378717 1000022 13 1 24 214
1 1.126364 0.9389989 1.211138 1 26.2443 1.065661 1000022 13 1 27.39929 1.104825 1000022 13 1 25 23
1 1.42456 2.044705 0.9864829 0 2.651661 1.227364 1000022 13 1 61.23413 1.351222 1000022 13 1 25 101
1 1.055133 1.104334 0.9975671 0 573.2584 2.83376 1000022 13 1 78.71909 1.429963 1000022 13 1 26 315
1 1.035838 1.098122 0.9666125 1 241.5692 1.303025 1000022 13 0 8.428702 1.272695 1000022 13 1 27 30
1 0.002214822 0.0003995872 0.01328278 1 117.7189 1.406958 1000022 13 1 57.19608 2.204438 1000022 13 1 28 57
1 0.002214822 0.0003995872 0.01328278 1 117.7189 1.406958 1000022 13 1 57.19608 2.204438 1000022 13 1 28 57
1 1.033406 1.101364 0.958024 1 32.59873 3.252295 1000022 13 1 47.4156 1.239509 1000022 13 1 28 249
1 1.083255 0.8452013 1.220206 0 195.4604 2.194243 1000022 13 1 209.4398 1.341747 1000022 13 1 30 78
1 0.03009876 0.005032814 0.1242768 0 31.47072 1.258308 1000022 13 1 143.397 1.603119 1000022 13 1 31 1
1 0.8748782 0.5617447 1.136825 1 45.55411 1.448902 1000022 13 1 91.1603 2.116528 1000022 13 1 31 133
1 1.282494 1.437562 1.137462 1 54.00141 1.900167 1000022 13 1 146.9579 1.454448 1000022 13 1 33 203
1 0.9894024 0.7036328 1.19152 0 575.1694 3.167958 1000022 13 1 23.449 1.1534 1000022 13 1 34 383
1 1.179161 1.206147 1.144075 1 86.40395 1.249292 1000022 13 0 58.57784 1.215853 1000022 13 1 35 23
1 1.866054 2.331325 1.3979 1 124.2736 1.379557 1000022 13 0 65.77674 2.351747 1000022 13 1 36 96
1 1.137649 1.170432 1.099925 1 140.0694 3.281956 1000022 13 1 174.4959 1.322608 1000022 13 1 36 129
1 1.227292 1.202911 1.205555 1 48.48265 1.378622 1000022 13 1 179.3444 1.31889 1000022 13 1 36 249
1 1.190567 1.223018 1.152597 1 125.954 1.368065 1000022 13 1 441.2452 2.988299 1000022 13 1 36 308
1 1.575265 1.775696 1.383444 1 173.8836 2.435189 1000022 13 1 128.8579 1.22301 1000022 13 1 42 107
1 0.03009876 0.005032814 0.1242768 1 101.4235 1.290721 1000022 13 1 108.4428 1.062715 1000022 13 1 43 57
1 1.048997 1.136673 0.9559695 1 120.2661 2.400926 1000022 13 0 273.7027 9.666416 1000022 13 1 43 266
1 0.9574994 0.6410515 1.205563 1 114.4753 1.291565 1000022 13 1 39.54312 1.194232 1000022 13 1 44 141
1 1.157728 1.196465 1.111764 0 58.78979 4.112621 1000022 13 0 107.7156 1.799161 1000022 13 1 45 145
1 0.4544891 0.2018274 0.792879 0 83.49409 1.878909 1000022 13 1 63.87094 1.593967 1000022 13 1 46 356
1 1.182032 1.113501 1.180358 1 7.50661 1.633914 1000022 13 1 83.16061 1.26329 1000022 13 1 46 396
1 0.8339615 0.5241884 1.101491 1 59.35649 1.59252 1000022 13 0 115.3979 1.592152 1000022 13 1 47 109
1 1.191782 1.185832 1.16486 1 71.28252 1.217085 1000022 13 0 669.7554 1.122802 1000022 13 1 47 211
1 1.575265 1.775696 1.383444 1 68.77311 1.077778 1000022 13 1 98.38048 1.179757 1000022 13 1 50 59
1 0.8332192 0.5015442 1.138243 1 126.7573 1.737138 1000022 13 0 16.04064 4.672876 1000022 13 1 50 427
1 0.8748782 0.5617447 1.136825 0 13.45467 6.672867 1000022 13 0 306.0016 3.500594 1000022 13 1 51 87
1 1.048997 1.136673 0.9559695 0 3.570474 3.585875 1000022 13 1 31.72722 1.14945 1000022 13 1 51 399
1 1.225386 1.141194 1.230719 1 87.91865 2.559307 1000022 13 1 121.8278 2.120619 1000022 13 1 52 91
1 1.056557 1.108524 0.9965968 1 113.4468 2.20613 1000022 13 1 70.72534 1.725569 1000022 13 1 53 17
1 1.143675 1.253919 1.033471 1 40.39019 1.366433 1000022 13 1 30.40237 1.291462 1000022 13 1 53 75
1 1.298986 1.452146 1.156092 0 95.36417 23.46335 1000022 13 1 231.0898 2.871449 1000022 13 1 53 142
1 1.167323 1.186361 1.134647 0 757.411 2.603245 1000022 13 1 146.6622 2.706508 1000022 13 1 55 187
1 1.035838 1.098122 0.9666125 1 178.5697 1.610885 1000022 13 1 154.6843 1.203212 1000022 13 1 55 205
1 1.1849 1.214892 1.148506 1 120.5998 1.671515 1000022 13 0 48.04536 1.476029 1000022 13 1 56 254
1 1.058012 1.115802 0.9930252 1 236.6841 1.979556 1000022 13 1 107.766 1.199582 1000022 13 1 57 35
1 0.5762256 0.2893137 0.9113798 1 310.5725 1.641452 1000022 13 1 72.52126 1.926554 1000022 13 1 57 363
1 0.5762256 0.2893137 0.9113798 1 310.5725 1.641452 1000022 13 1 72.52126 1.926554 1000022 13 1 57 363
1 1.298986 1.452146 1.156092 1 68.42419 1.380917 1000022 13 0 34.21191 5.026163 1000022 13 1 59 23
1 0.5226254 0.8798594 0.3137767 1 67.94896 1.299822 1000022 13 0 202.4116 1.266325 1000022 13 1 59 186
1 1.182032 1.113501 1.180358 0 32.18555 1.783773 1000022 13 1 213.2569 1.463782 1000022 13 1 60 104
1 1.03119 1.524041 0.7057037 0 10.14485 2.165095 1000022 13 1 54.61133 1.354147 1000022 13 1 60 264
1 1.282494 1.437562 1.137462 1 91.58608 2.604745 1000022 13 0 140.0444 1.411894 1000022 13 1 60 305
1 0.7934737 0.4881172 1.065644 1 108.5387 1.227108 1000022 13 1 91.67175 1.877251 1000022 13 1 60 471
1 0.8332192 0.5015442 1.138243 0 915.3237 1.390081 1000022 13 1 52.07883 1.800573 1000022 13 1 61 344
1 1.036252 1.095703 0.9699052 0 178.2819 2.38945 1000022 13 1 146.4718 1.179893 1000022 13 1 63 20
1 1.199428 1.046014 1.251733 0 233.6593 1.110835 1000022 13 1 75.96255 1.428325 1000022 13 1 64 26
1 1.034916 1.100018 0.9626585 0 58.04594 1.887739 1000022 13 0 66.42882 1.310789 1000022 13 1 64 117
1 1.866054 2.331325 1.3979 1 486.2655 1.571761 1000022 13 1 190.7459 1.752655 1000022 13 1 64 258
1 1.192805 1.083559 1.213989 1 59.47094 1.477434 1000022 13 0 20.14316 1.355593 1000022 13 1 65 51
1 0.00526219 0.000796892 0.0301381 0 649.7992 1.393011 1000022 13 1 91.94983 1.34448 1000022 13 1 67 97
1 1.209625 1.112975 1.222657 0 44.28497 5.105955 1000022 13 1 56.62502 1.484141 1000022 13 1 67 201
1 1.314649 1.46568 1.173482 1 75.74254 1.412017 1000022 13 0 194.22 3.658379 1000022 13 1 67 382
1 1.75908 2.248522 1.290011 0 62.39534 2.221194 1000022 13 1 75.33784 2.625984 1000022 13 1 67 426
1 1.056557 1.108524 0.9965968 1 42.81393 1.208812 1000022 13 1 104.4361 7.306599 1000022 13 1 68 40
1 1.179161 1.206147 1.144075 1 227.1522 1.420104 1000022 13 1 328.1328 3.434197 1000022 13 1 68 64
1 1.062846 1.139449 0.9784784 0 83.60785 2.193321 1000022 13 1 239.934 1.624523 1000022 13 1 71 306
1 1.099696 0.9023142 1.195627 1 74.84717 1.165697 1000022 13 1 384.1093 1.819415 1000022 13 1 73 452
1 0.665028 0.3662483 0.9755856 0 13.57516 1.530433 1000022 13 1 184.3719 2.028963 1000022 13 1 74 127
1 1.199401 1.201198 1.170168 0 210.4332 1.452828 1000022 13 1 73.72412 1.254685 1000022 13 1 79 196
1 1.126364 0.9389989 1.211138 1 370.8662 1.422037 1000022 13 1 50.72405 1.119447 1000022 13 1 79 317
1 0.9219857 1.364073 0.6240806 1 60.85461 2.794368 1000022 13 0 115.0033 1.221424 1000022 13 1 80 392
1 0.4094664 0.1680855 0.7591912 1 46.81037 1.199352 1000022 13 1 152.5886 1.205259 1000022 13 1 80 460
1 1.206555 1.21522 1.17542 1 33.85046 1.506012 1000022 13 1 34.20263 1.380035 1000022 13 1 82 204
1 1.179161 1.206147 1.144075 1 20.33745 1.144987 1000022 13 1 147.1858 1.668419 1000022 13 1 82 265
1 1.106427 1.150534 1.053346 0 236.174 3.19045 1000022 13 1 34.68855 1.194204 1000022 13 1 82 280
1 1.705086 2.017803 1.363962 0 76.04493 1.306628 1000022 13 0 256.9873 1.914758 1000022 13 1 82 401
1 1.054444 1.13827 0.9640688 1 173.4418 1.508833 1000022 13 1 110.7894 2.447844 1000022 13 1 83 49
1 0.5292084 0.8493549 0.3262614 1 96.10204 1.177509 1000022 13 1 83.98949 1.670726 1000022 13 1 83 241
1 0.4903168 0.2233237 0.8385035 1 44.5409 1.278605 1000022 13 0 314.262 1.500523 1000022 13 1 87 49
1 1.151918 0.9752633 1.225726 1 8.760578 1.836519 1000022 13 1 59.7826 1.226839 1000022 13 1 87 205
1 0.1793033 0.05184105 0.4351809 1 170.0046 1.306739 1000022 13 1 32.14359 1.101907 1000022 13 1 88 251
1 0.7934737 0.4881172 1.065644 1 136.069 1.39755 1000022 13 1 86.21429 1.272248 1000022 13 1 88 395
1 1.057513 1.112379 0.9951048 0 222.3896 1.507835 1000022 13 1 196.5975 1.768245 1000022 13 1 90 123
1 1.1849 1.214892 1.148506 0 136.8527 1.973447 1000022 13 1 120.7057 1.843511 1000022 13 1 91 348
1 1.112575 1.233052 0.9981722 1 48.34601 4.946825 1000022 13 0 196.2312 2.11729 1000022 13 1 92 281
1 0.8748782 0.5617447 1.136825 0 39.57352 1.438705 1000022 13 1 59.60742 1.56872 1000022 13 1 92 432
1 0.009710893 0.001441682 0.05238557 1 131.0574 1.471371 1000022 13 1 297.6218 1.396565 1000022 13 1 93 158
1 1.026751 0.7444853 1.219196 1 112.5293 3.600101 1000022 13 0 14.86723 1.185872 1000022 13 1 95 321
1 1.034916 1.100018 0.9626585 1 152.9609 1.825858 1000022 13 1 93.19853 1.593336 1000022 13 1 96 160
1 1.192805 1.083559 1.213989 1 111.6929 1.23568 1000022 13 0 105.6666 2.202042 1000022 13 1 96 198
1 1.126364 0.9389989 1.211138 0 59.76151 1.616116 1000022 13 1 125.9833 3.498999 1000022 13 1 96 231
1 1.034916 1.100018 0.9626585 1 84.93953 1.737118 1000022 13 1 169.6167 2.338007 1000022 13 1 96 485
1 1.063672 0.7860307 1.245813 0 144.3484 1.351676 1000022 13 1 68.94189 1.121998 1000022 13 1 98 27
1 0.008972122 0.001331868 0.04754584 0 245.7016 2.57708 1000022 13 1 51.0558 1.778241 1000022 13 1 98 249
1 1.46424 1.680344 1.235249 1 105.9318 1.284739 1000022 13 1 268.6681 1.998968 1000022 13 1 99 288
1 0.2792014 0.09677438 0.588659 1 183.9985 1.375975 1000022 13 1 15.21612 1.662866 1000022 13 1 100 18
1 0.789787 0.4650854 1.097808 1 291.1883 9.156407 1000022 13 1 34.77979 1.363422 1000022 13 1 100 356
1 1.179161 1.206147 1.144075 0 253.5294 9.781586 1000022 13 1 25.32994 1.118986 1000022 13 1 102 14
1 1.137649 1.170432 1.099925 1 152.1312 1.948975 1000022 13 0 103.8416 1.81935 1000022 13 1 102 115
1 0.7242169 1.085561 0.4754195 1 242.0211 1.613891 1000022 13 0 467.1617 2.007078 1000022 13 1 103 6
1 1.199428 1.046014 1.251733 1 124.004 1.477994 1000022 13 1 64.8 1.479337 1000022 13 1 103 41
1 1.054444 1.13827 0.9640688 1 83.21687 1.913546 1000022 13 1 188.8029 1.194057 1000022 13 1 104 16
1 1.058012 1.115802 0.9930252 1 154.6612 2.544078 1000022 13 0 66.8779 1.386323 1000022 13 1 107 179
1 1.058012 1.115802 0.9930252 1 48.43285 2.17653 1000022 13 1 267.5516 1.438309 1000022 13 1 107 259
1 1.126364 0.9389989 1.211138 1 123.3403 1.654265 1000022 13 0 81.48015 1.514529 1000022 13 1 107 268
1 1.033406 1.101364 0.958024 1 100.2224 1.460148 1000022 13 1 84.44463 2.262595 1000022 13 1 108 265
1 0.4094664 0.1680855 0.7591912 0 89.7331 1.792891 1000022 13 1 45.37789 1.394018 1000022 13 1 108 274
1 1.034916 1.100018 0.9626585 1 49.66282 1.262161 1000022 13 0 14.98182 1.526498 1000022 13 1 108 485
1 1.1849 1.214892 1.148506 1 135.2513 1.179905 1000022 13 1 91.85271 1.482516 1000022 13 1 110 241
1 1.095596 1.133769 1.050051 1 66.37601 1.204853 1000022 13 0 72.7497 2.101799 1000022 13 1 111 171
1 1.152501 1.258655 1.04415 0 77.12462 2.460514 1000022 13 1 41.70849 1.281492 1000022 13 1 112 212
1 1.106427 1.150534 1.053346 0 9.78516 3.100168 1000022 13 0 77.09016 1.351724 1000022 13 1 112 277
1 0.9138955 0.6245104 1.1333 1 342.9748 1.335683 1000022 13 1 95.88012 1.429038 1000022 13 1 113 293
1 1.179161 1.206147 1.144075 1 73.76855 1.341405 1000022 13 1 124.4368 2.715269 1000022 13 1 114 241
1 1.059052 1.139164 0.9715886 0 174.4113 3.595296 1000022 13 1 53.81307 1.811989 1000022 13 1 116 369
1 1.056557 1.108524 0.9965968 1 179.8908 1.464299 1000022 13 0 47.00987 1.966317 1000022 13 1 117 201
1 1.26516 1.422013 1.117256 0 89.36739 3.431712 1000022 13 1 225.6765 1.661 1000022 13 1 117 228
1 1.033406 1.101364 0.958024 1 0.8629129 2.96252 1000022 13 1 45.65372 2.827281 1000022 13 1 117 361
1 1.1849 1.214892 1.148506 0 33.87284 7.250398 1000022 13 1 108.7137 1.140169 1000022 13 1 118 391
1 1.095596 1.133769 1.050051 0 287.4768 3.068215 1000022 13 1 94.2273 1.234068 1000022 13 1 118 494
1 0.5279956 0.2465533 0.8852676 1 52.71976 1.660206 1000022 13 1 54.62996 2.483932 1000022 13 1 120 21
1 0.005758415 0.0008804548 0.03337169 1 70.05207 1.078251 1000022 13 1 219.5257 8.451618 1000022 13 1 120 247
1 1.15499 1.021547 1.194574 0 409.6782 3.203139 1000022 13 1 94.0416 1.392621 1000022 13 1 121 264
1 0.9517445 0.6636014 1.162862 0 6.968904 1.396204 1000022 13 0 76.41022 1.182696 1000022 13 1 124 468
1 1.057513 1.112379 0.9951048 1 58.85751 1.68101 1000022 13 0 26.35722 1.744301 1000022 13 1 124 480
1 0.4544891 0.2018274 0.792879 1 52.34739 1.674742 1000022 13 1 113.4912 1.270585 1000022 13 1 125 238
1 1.213336 1.227995 1.180605 1 77.45675 1.531402 1000022 13 0 390.1889 2.071958 1000022 13 1 126 421
1 1.109295 1.155893 1.053631 0 193.8897 1.34221 1000022 13 0 96.77246 3.108595 1000022 13 1 127 86
1 1.0427 1.134261 0.9473373 0 27.44802 1.643066 1000022 13 1 150.5466 1.164052 1000022 13 1 128 380
1 1.298986 1.452146 1.156092 1 55.66813 1.91094 1000022 13 0 132.9184 4.098315 1000022 13 1 128 390
1 0.003019196 0.0005044267 0.01820843 1 310.3222 3.158526 1000022 13 1 154.7294 1.305747 1000022 13 1 129 95
1 1.190567 1.223018 1.152597 1 174.1483 3.897481 1000022 13 1 102.3449 1.268433 1000022 13 1 130 129
1 1.059052 1.139164 0.9715886 1 106.4994 1.08256 1000022 13 1 108.0054 1.761485 1000022 13 1 132 176
1 1.575265 1.775696 1.383444 1 59.28827 1.776274 1000022 13 1 89.86034 2.092824 1000022 13 1 134 137
1 0.4269872 0.7264097 0.2541938 1 66.81747 1.279309 1000022 13 0 54.17433 3.102309 1000022 13 1 136 122
1 1.048997 1.136673 0.9559695 1 107.3062 1.657522 1000022 13 1 233.6082 1.345186 1000022 13 1 136 169
1 0.4442115 0.1872741 0.8068974 1 283.7443 1.366404 1000022 13 1 209.5094 1.513235 1000022 13 1 138 235
1 1.031225 1.102163 0.9526981 0 579.9279 11.59501 1000022 13 1 87.16234 1.428673 1000022 13 1 138 255
1 0.6679293 1.172073 0.374902 1 180.5061 2.488913 1000022 13 0 74.88744 3.61811 1000022 13 1 139 331
1 0.003151584 0.0005086883 0.01887308 0 139.6021 1.824583 1000022 13 0 38.05611 1.92408 1000022 13 1 142 430
1 0.06482654 0.01276116 0.2218368 1 4.093075 3.485396 1000022 13 1 57.17402 1.48065 1000022 13 1 142 444
1 1.191782 1.185832 1.16486 1 119.9269 1.650491 1000022 13 1 64.37255 1.137096 1000022 13 1 143 25
1 0.5179346 0.9281273 0.2807825 1 58.67068 1.656154 1000022 13 1 297.8696 4.014937 1000022 13 1 143 37
1 1.034916 1.100018 0.9626585 1 34.06193 1.621507 1000022 13 1 364.6909 1.698846 1000022 13 1 143 197
1 1.49586 1.706142 1.278772 1 146.2653 1.783787 1000022 13 1 83.76642 1.076239 1000022 13 1 143 293
1 1.147959 1.183877 1.106546 0 19.09718 4.575208 1000022 13 1 106.6237 1.140863 1000022 13 1 145 488
1 1.143675 1.253919 1.033471 0 40.26258 3.767669 1000022 13 1 113.5434 1.704995 1000022 13 1 146 495
1 0.05673886 0.0108806 0.1995393 1 162.5881 2.330861 1000022 13 1 88.817 1.116351 1000022 13 1 147 163
1 1.058012 1.115802 0.9930252 1 149.1225 1.198724 1000022 13 1 74.36092 1.807785 1000022 13 1 147 250
1 1.151918 0.9752633 1.225726 1 31.89257 1.343811 1000022 13 0 34.95231 1.985829 1000022 13 1 148 154
1 1.182032 1.113501 1.180358 1 97.15979 1.233805 1000022 13 1 176.5865 1.116013 1000022 13 1 149 63
1 1.298986 1.452146 1.156092 1 11.46284 1.531344 1000022 13 1 90.2196 1.219063 1000022 13 1 149 78
1 1.282494 1.437562 1.137462 0 33.613 1.443069 1000022 13 1 131.2446 2.164422 1000022 13 1 152 279
1 1.034916 1.100018 0.9626585 0 144.7816 1.64892 1000022 13 1 97.59705 1.553205 1000022 13 1 158 62
1 1.062846 1.139449 0.9784784 1 218.8154 2.003242 1000022 13 1 173.8503 8.277475 1000022 13 1 159 329
1 1.034916 1.100018 0.9626585 1 77.7001 1.497526 1000022 13 0 119.0053 2.360924 1000022 13 1 160 395
1 0.2539062 0.08544197 0.5475258 0 150.1192 1.810789 1000022 13 0 49.05857 1.263754 1000022 13 1 160 437
1 1.123647 1.241142 1.010512 0 33.35509 1.388659 1000022 13 1 104.3992 1.297913 1000022 13 1 162 292
1 1.142868 1.177299 1.103399 1 138.3351 2.456734 1000022 13 1 151.0607 1.864963 1000022 13 1 162 356
1 1.143675 1.253919 1.033471 1 85.2448 1.647404 1000022 13 0 56.6232 1.198019 1000022 13 1 162 496
1 1.641128 1.972201 1.285192 1 120.9742 1.70173 1000022 13 0 43.62932 4.520555 1000022 13 1 163 288
1 1.173319 1.196671 1.139395 1 132.5435 4.928803 1000022 13 1 92.1078 1.413506 1000022 13 1 164 496
1 0.0005603043 0.0001318159 0.002487118 1 106.3091 1.790628 1000022 13 0 48.62164 1.799335 1000022 13 1 165 47
1 0.6159488 0.3166172 0.9557644 1 138.5713 1.738751 1000022 13 1 36.30459 1.690741 1000022 13 1 165 393
1 0.1991887 0.05938704 0.4717879 1 69.07211 1.486704 1000022 13 0 388.8105 1.26547 1000022 13 1 165 422
1 1.329532 1.478061 1.189894 0 135.1145 1.899503 1000022 13 0 70.12852 3.298311 1000022 13 1 166 456
1 1.109295 1.155893 1.053631 1 43.41912 1.176608 1000022 13 0 242.1517 6.210078 1000022 13 1 167 229
1 0.4094664 0.1680855 0.7591912 0 137.5161 1.393033 1000022 13 1 125.0253 3.013453 1000022 13 1 167 341
1 1.191782 1.185832 1.16486 1 171.4273 3.923453 1000022 13 1 157.4051 1.282499 1000022 13 1 167 445
1 1.057513 1.112379 0.9951048 1 170.6084 1.285019 1000022 13 1 85.84079 1.861036 1000022 13 1 168 170
1 1.057513 1.112379 0.9951048 1 170.6084 1.285019 1000022 13 1 85.84079 1.861036 1000022 13 1 168 170
1 1.054444 1.13827 0.9640688 1 25.0678 1.373902 1000022 13 0 64.43388 1.425038 1000022 13 1 168 410
1 1.157728 1.196465 1.111764 1 23.54494 1.178373 1000022 13 1 77.88282 1.2492 1000022 13 1 169 129
1 1.182032 1.113501 1.180358 1 49.14616 1.555294 1000022 13 0 52.24075 1.292507 1000022 13 1 169 222
1 1.083255 0.8452013 1.220206 1 101.2477 1.4668 1000022 13 0 302.5699 2.26604 1000022 13 1 170 352
1 1.194803 1.137859 1.187115 1 112.2354 1.266376 1000022 13 1 138.048 1.199328 1000022 13 1 171 126
1 1.137649 1.170432 1.099925 0 729.3504 2.994583 1000022 13 1 36.98356 2.104951 1000022 13 1 171 200
1 1.145385 0.9245803 1.259718 0 86.96424 1.780155 1000022 13 1 117.5232 1.485776 1000022 13 1 172 305
1 1.190567 1.223018 1.152597 0 17.22642 1.701349 1000022 13 1 115.9808 1.594093 1000022 13 1 172 459
1 1.289688 1.878288 0.892531 0 125.3845 2.162428 1000022 13 0 129.3663 1.216061 1000022 13 1 173 478
1 0.9160994 0.6007248 1.171549 1 35.54674 1.54454 1000022 13 0 47.64082 2.076055 1000022 13 1 11 395
1 0.05673886 0.0108806 0.1995393 1 185.5414 1.292471 1000022 13 1 190.8284 2.298973 1000022 13 1 11 465
1 1.035838 1.098122 0.9666125 1 98.3591 1.546957 1000022 13 0 122.984 4.121791 1000022 13 1 135 393
