1 1.49586 1.706142 1.278772 1 43.02626 1.666214 6002113 13 1 55.27224 1.04193 6002113 13 1 758 500
1 1.1849 1.214892 1.148506 0 29.13124 2.061645 6002113 13 1 87.02711 1.057279 6002113 13 1 761 50
1 1.173319 1.196671 1.139395 1 72.39364 1.271763 6002113 13 0 80.58952 2.085538 6002113 13 1 697 414
1 0.4094664 0.1680855 0.7591912 0 41.09639 1.014786 6002113 13 0 41.9194 1.688904 6002113 13 1 698 259
1 1.179161 1.206147 1.144075 1 32.05175 1.222647 6002113 13 1 42.46981 1.121628 6002113 13 1 167 342
1 1.057513 1.112379 0.9951048 0 91.11507 2.068669 6002113 13 1 42.64277 1.035176 6002113 13 1 309 497
1 1.053247 1.09991 0.9980844 1 11.43791 1.294886 6001113 13 0 16.51146 1.095658 6001113 13 1 520 95
1 1.194803 1.137859 1.187115 1 46.91761 1.487811 6002113 13 1 20.10773 1.208821 6002113 13 1 906 294
1 1.167323 1.186361 1.134647 1 47.8722 1.541007 6003113 13 1 55.18502 1.130622 6003113 13 1 229 102
1 0.7242169 1.085561 0.4754195 1 35.30317 1.614179 6002113 13 1 33.48989 1.253295 6002113 13 1 371 105
1 1.199428 1.046014 1.251733 0 82.64497 1.248317 6002113 13 0 31.96584 2.380937 6002113 13 1 841 378
1 1.126364 0.9389989 1.211138 0 44.14672 1.570495 6002113 13 1 38.76705 1.064345 6002113 13 1 948 17
1 0.5279956 0.2465533 0.8852676 0 91.57329 1.636035 6002113 13 1 39.47258 1.859588 6002113 13 1 498 364
1 1.761918 2.058838 1.43754 1 32.5073 1.406733 6002113 13 1 19.89118 1.90846 6002113 13 1 613 326
1 1.575265 1.775696 1.383444 1 50.55249 1.093434 6002113 13 1 47.24981 1.360888 6002113 13 1 296 215
