1 1.812285 2.096335 1.505211 0 12.9867 1.984007 6001113 11 1 24.20089 1.020814 6001113 13 1 518 372
1 1.063672 0.7860307 1.245813 0 61.43241 1.679151 6002113 11 1 34.99179 1.15288 6002113 13 1 518 456
1 1.182032 1.113501 1.180358 0 5.54903 1.127458 6001113 11 1 29.32565 2.202188 6001113 13 1 521 374
1 1.054444 1.13827 0.9640688 0 174.9384 1.09485 6002113 11 1 67.34347 1.03368 6002113 13 1 4 191
1 1.550791 1.753763 1.352368 0 33.50112 1.100842 6002113 11 1 39.78421 1.594298 6002113 13 1 797 119
1 1.03119 1.524041 0.7057037 0 37.31989 1.06899 6001113 13 1 24.4582 1.123471 6001113 11 1 799 32
1 0.5762256 0.2893137 0.9113798 0 40.77937 1.09306 6001113 13 0 23.08305 1.660455 6001113 11 1 71 340
1 0.5179346 0.9281273 0.2807825 0 1420.304 7.851664 6003113 11 1 38.13439 1.944917 6003113 13 1 74 4
1 1.099519 1.139476 1.051563 1 21.24842 1.04626 6001113 13 0 23.98761 1.128856 6001113 11 1 12 371
1 1.099519 1.139476 1.051563 0 400.7486 1.200795 6003113 11 1 42.61712 2.323305 6003113 13 1 13 177
1 0.07905591 0.01690496 0.2492307 0 43.28161 2.434332 6002113 11 1 22.56171 1.969449 6002113 13 1 13 215
1 1.056557 1.108524 0.9965968 0 27.47834 3.686802 6001113 13 0 20.69481 1.588842 6001113 11 1 331 274
1 1.298986 1.452146 1.156092 0 179.8129 1.39506 6002113 11 1 23.78289 2.375172 6002113 13 1 347 322
1 1.217313 1.182622 1.199648 0 90.05896 1.189133 6002113 11 1 47.1279 1.080018 6002113 13 1 15 80
1 1.566869 2.206142 1.088645 1 30.80702 1.069467 6001113 13 0 3.25197 2.700804 6001113 11 1 16 227
1 1.099519 1.139476 1.051563 1 57.22281 1.156365 6002113 13 0 206.3272 2.30284 6002113 11 1 127 332
1 1.173319 1.196671 1.139395 0 2927.89 1.644401 6003113 11 1 45.24915 1.044699 6003113 13 1 410 307
1 1.152971 1.190243 1.109341 1 58.73556 1.204768 6002113 13 0 11.26886 1.226544 6002113 11 1 193 140
1 1.151918 0.9752633 1.225726 1 23.86789 1.055237 6001113 13 0 3.448925 1.169324 6001113 11 1 201 474
1 1.054444 1.13827 0.9640688 0 56.83501 1.117929 6002113 11 0 93.37224 1.805979 6002113 13 1 482 290
1 1.225386 1.141194 1.230719 1 14.05962 1.010202 6001113 13 0 7.058262 1.493867 6001113 11 1 664 499
1 1.112575 1.233052 0.9981722 1 34.64637 1.202965 6002113 13 0 244.3766 1.203273 6002113 11 1 288 71
1 1.031225 1.102163 0.9526981 0 50.34329 1.03946 6002113 13 0 360.9301 1.321738 6002113 11 1 290 85
1 1.106427 1.150534 1.053346 1 21.55362 1.112751 6002113 13 0 156.0556 1.26503 6002113 11 1 349 277
1 1.524498 1.73059 1.317664 1 38.34924 1.099907 6001113 13 0 27.6414 1.527219 6001113 11 1 355 366
1 1.199401 1.201198 1.170168 1 13.54544 2.268978 6001113 13 0 1.196767 2.497676 6001113 11 1 366 217
1 1.209625 1.112975 1.222657 0 93.24445 1.240246 6002113 13 0 120.7554 2.945447 6002113 11 1 428 281
1 1.167323 1.186361 1.134647 1 18.94202 1.886949 6001113 13 0 21.68021 5.706357 6001113 11 1 227 356
1 1.176288 1.010978 1.239274 0 16.3035 27.98831 6002113 11 1 79.80354 1.045268 6002113 13 1 229 338
1 1.123647 1.241142 1.010512 1 41.27145 1.048552 6002113 13 0 309.8285 1.807767 6002113 11 1 234 135
1 0.7242169 1.085561 0.4754195 0 79.42494 1.326654 6002113 13 0 108.6869 4.574466 6002113 11 1 234 490
1 1.109295 1.155893 1.053631 0 69.83823 1.080238 6003113 13 0 1628.665 1.060464 6003113 11 1 156 161
1 0.1793033 0.05184105 0.4351809 0 12.10059 1.652731 6001113 11 1 27.80696 1.380194 6001113 13 1 249 260
1 1.053247 1.09991 0.9980844 0 227.1236 1.073209 6002113 11 0 74.98156 1.917839 6002113 13 1 253 262
1 0.2443026 0.07741789 0.5517042 0 135.1104 1.069423 6002113 11 0 101.6838 1.047113 6002113 13 1 258 199
1 0.4094664 0.1680855 0.7591912 0 227.7406 1.150882 6002113 11 0 36.53737 1.373615 6002113 13 1 392 46
1 0.9517445 0.6636014 1.162862 0 426.8802 1.140299 6002113 11 1 58.92865 2.165634 6002113 13 1 46 332
1 0.2792014 0.09677438 0.588659 0 1.781538 1.148174 6002113 11 0 106.1679 1.174879 6002113 13 1 457 352
1 1.524498 1.73059 1.317664 0 80.75792 1.164697 6002113 11 1 56.16592 1.030477 6002113 13 1 463 186
1 1.42456 2.044705 0.9864829 0 58.64759 1.174221 6002113 11 1 35.26763 1.036153 6002113 13 1 463 267
1 1.225386 1.141194 1.230719 1 68.32263 1.124652 6002113 13 0 51.08893 1.793174 6002113 11 1 464 396
1 0.747205 0.4303799 1.057145 0 33.67339 1.358075 6002113 13 0 165.5432 2.192121 6002113 11 1 115 277
1 1.15499 1.021547 1.194574 0 17.40132 2.083808 6002113 11 1 49.2501 1.041623 6002113 13 1 80 278
1 1.314649 1.46568 1.173482 0 3.199959 1.077038 6001113 11 1 24.31555 1.026834 6001113 13 1 81 485
1 1.036252 1.095703 0.9699052 1 28.64117 2.256844 6001113 13 0 0.756384 1.969458 6001113 11 1 83 226
1 1.282494 1.437562 1.137462 0 64.6339 7.045215 6002113 11 0 76.8662 2.837059 6002113 13 1 84 288
1 0.06482654 0.01276116 0.2218368 1 56.28724 1.181491 6002113 13 0 111.1695 3.154984 6002113 11 1 818 61
1 1.056557 1.108524 0.9965968 0 23.85089 1.24196 6002113 13 0 116.2131 3.319201 6002113 11 1 651 272
1 0.3170899 0.1198369 0.6261138 1 25.49947 1.053797 6002113 11 0 91.13878 1.710982 6002113 13 1 211 208
1 1.033406 1.101364 0.958024 1 13.89892 1.272501 6001113 11 1 30.95941 1.197988 6001113 13 1 222 239
1 0.8748782 0.5617447 1.136825 0 207.371 1.468634 6003113 11 1 40.7719 1.026516 6003113 13 1 281 412
1 1.095596 1.133769 1.050051 0 31.36317 1.492318 6002113 11 0 25.16268 2.514941 6002113 13 1 503 282
1 1.109295 1.155893 1.053631 0 96.98172 1.145662 6002113 13 0 397.6407 1.081165 6002113 11 1 776 484
1 0.4094664 0.1680855 0.7591912 0 21.08848 1.277078 6002113 11 1 31.10073 1.067536 6002113 13 1 784 414
1 1.106427 1.150534 1.053346 0 180.6536 1.30109 6002113 11 0 70.00011 1.142131 6002113 13 1 785 387
1 0.3064061 0.1093534 0.631845 0 25.41541 3.139135 6002113 13 0 127.3072 13.94638 6002113 11 1 791 447
1 1.174602 1.053046 1.204645 0 88.95059 1.186484 6002113 11 0 82.7113 1.158926 6002113 13 1 505 441
1 1.182032 1.113501 1.180358 0 20.29479 1.154314 6001113 11 0 56.99833 1.160387 6001113 13 1 927 319
1 1.055133 1.104334 0.9975671 0 524.5897 19.75463 6002113 11 1 29.05344 2.235993 6002113 13 1 511 215
1 1.20651 1.16088 1.193521 1 44.01657 2.084593 6001113 13 0 18.03628 1.277989 6001113 11 1 513 42
1 0.6571895 0.3457574 1.000641 0 4.712418 1.971965 6001113 11 1 37.08272 1.175609 6001113 13 1 514 409
1 0.009710893 0.001441682 0.05238557 1 41.66098 1.134027 6001113 13 0 1.134537 1.562487 6001113 11 1 751 167
1 0.3170899 0.1198369 0.6261138 0 5.989186 1.14675 6001113 11 0 31.29623 1.371165 6001113 13 1 757 395
1 1.054444 1.13827 0.9640688 0 27.48736 1.088589 6002113 11 1 59.14296 1.299047 6002113 13 1 759 101
1 0.4903168 0.2233237 0.8385035 0 21.20852 1.112335 6002113 11 0 93.94812 1.801637 6002113 13 1 526 348
1 0.9160994 0.6007248 1.171549 0 3.588594 1.25632 6002113 11 1 56.00257 1.310646 6002113 13 1 530 340
1 1.126364 0.9389989 1.211138 0 1.822679 1.181615 6001113 11 0 35.06433 1.133623 6001113 13 1 537 56
1 0.8332192 0.5015442 1.138243 1 58.13882 1.112383 6003113 13 0 782.0135 1.18444 6003113 11 1 538 331
1 1.705086 2.017803 1.363962 0 49.23101 4.319401 6001113 11 1 39.58096 1.839294 6001113 13 1 539 477
1 0.6998869 0.3767799 1.045889 0 48.6755 1.299561 6001113 11 1 16.52897 1.035426 6001113 13 1 913 138
1 1.123647 1.241142 1.010512 0 3.288601 3.263502 6001113 11 0 38.80293 2.056983 6001113 13 1 916 94
1 1.550791 1.753763 1.352368 1 39.94816 1.230961 6002113 13 0 69.5298 1.440612 6002113 11 1 633 166
1 1.099519 1.139476 1.051563 1 28.1133 1.373333 6001113 13 0 47.86649 1.183461 6001113 11 1 633 466
1 0.3459568 0.1344595 0.6687537 1 29.47768 1.043312 6001113 13 0 2.782282 3.738252 6001113 11 1 764 344
1 1.099519 1.139476 1.051563 1 87.21788 1.047463 6002113 13 0 32.48049 1.077768 6002113 11 1 711 403
1 0.08964617 0.01972916 0.2750357 0 113.2825 1.207021 6002113 13 0 34.1441 2.358256 6002113 11 1 600 19
1 1.109295 1.155893 1.053631 0 26.16827 6.338985 6002113 11 0 67.79323 1.197223 6002113 13 1 718 51
1 1.147959 1.183877 1.106546 0 150.5945 1.175293 6002113 11 1 18.02907 1.011154 6002113 13 1 993 57
1 1.645109 2.1548 1.183545 1 43.38608 1.243918 6001113 13 0 48.68343 3.089366 6001113 11 1 996 290
1 1.298986 1.452146 1.156092 1 65.75303 1.203859 6002113 13 0 215.2863 1.234413 6002113 11 1 998 455
1 1.206555 1.21522 1.17542 0 63.49002 2.185443 6002113 13 0 227.1162 2.220938 6002113 11 1 894 92
1 1.199401 1.201198 1.170168 1 41.79403 1.821186 6001113 13 0 17.91646 1.41136 6001113 11 1 615 182
1 0.5226254 0.8798594 0.3137767 1 81.18714 1.158778 6002113 13 0 428.6328 1.697415 6002113 11 1 733 399
1 1.099696 0.9023142 1.195627 1 29.11992 2.719554 6001113 13 0 17.20209 2.326629 6001113 11 1 742 116
1 1.059052 1.139164 0.9715886 0 58.60389 2.53179 6002113 11 1 24.07445 1.217384 6002113 13 1 654 444
1 1.20651 1.16088 1.193521 0 74.85761 1.088398 6001113 13 0 3.867324 1.094362 6001113 11 1 659 364
1 1.048997 1.136673 0.9559695 1 19.14391 1.116437 6001113 13 0 22.2865 1.155555 6001113 11 1 661 189
1 0.7055845 0.3974356 1.016366 0 2.468623 1.20848 6001113 11 1 16.74807 2.058183 6001113 13 1 662 42
1 1.095596 1.133769 1.050051 0 509.6138 1.049146 6002113 11 1 42.92015 1.184716 6002113 13 1 442 491
1 0.02782141 0.00448657 0.1208789 0 28.98232 1.061282 6001113 13 0 3.871694 1.159049 6001113 11 1 447 498
1 1.183608 1.169262 1.159476 1 46.14234 1.083507 6003113 13 0 2296.878 1.538119 6003113 11 1 449 34
1 1.213336 1.227995 1.180605 0 126.5098 1.811459 6002113 11 1 45.17714 1.615418 6002113 13 1 451 1
1 0.9160994 0.6007248 1.171549 0 1.256953 1.125848 6001113 11 1 59.67853 1.066584 6001113 13 1 451 34
1 1.167323 1.186361 1.134647 0 36.14947 1.7923 6002113 11 0 109.1231 1.124473 6002113 13 1 452 161
1 1.282494 1.437562 1.137462 1 33.31841 1.047345 6003113 13 0 379.1269 1.973301 6003113 11 1 455 151
1 1.167323 1.186361 1.134647 0 6.93742 5.79004 6001113 11 1 21.78365 2.614702 6001113 13 1 455 475
1 0.789787 0.4650854 1.097808 0 68.26569 1.152051 6002113 13 0 402.6863 1.220747 6002113 11 1 456 161
1 0.2792014 0.09677438 0.588659 1 89.03004 1.261763 6003113 13 0 1741.525 1.096705 6003113 11 1 493 429
1 1.329532 1.478061 1.189894 0 5.276102 3.036634 6001113 11 1 19.18799 2.234717 6001113 13 1 177 285
1 1.055133 1.104334 0.9975671 0 41.37184 1.245809 6001113 11 1 41.02705 1.113509 6001113 13 1 179 256
1 1.15499 1.021547 1.194574 1 25.48861 1.193206 6001113 13 0 2.907651 1.332027 6001113 11 1 495 478
1 0.07905591 0.01690496 0.2492307 0 191.9693 1.787927 6002113 11 1 39.57234 1.153346 6002113 13 1 497 151
1 1.26516 1.422013 1.117256 0 26.78717 1.020893 6001113 11 1 16.18691 1.016161 6001113 13 1 322 79
1 0.06482654 0.01276116 0.2218368 0 84.5462 1.32711 6002113 13 0 74.48066 1.929559 6002113 11 1 322 391
1 1.083255 0.8452013 1.220206 1 25.9819 1.373716 6001113 13 0 13.37623 1.13497 6001113 11 1 324 67
1 0.7055845 0.3974356 1.016366 0 8.299494 1.073283 6002113 11 0 107.0516 1.410299 6002113 13 1 324 261
1 0.8748782 0.5617447 1.136825 1 34.65579 1.050199 6002113 13 0 44.06451 1.072674 6002113 11 1 324 338
1 1.152971 1.190243 1.109341 0 68.10056 2.514457 6002113 11 1 28.36643 1.202994 6002113 13 1 325 81
1 1.10316 1.145079 1.05266 1 55.74739 1.014999 6003113 13 0 1251.022 1.098233 6003113 11 1 697 342
1 1.095596 1.133769 1.050051 0 26.2355 1.199978 6002113 11 0 42.97298 1.369578 6002113 13 1 580 104
1 1.1849 1.214892 1.148506 0 22.74878 1.828776 6002113 11 1 16.5611 2.239443 6002113 13 1 583 466
1 1.036252 1.095703 0.9699052 1 26.56586 1.573213 6001113 13 0 6.390624 1.162669 6001113 11 1 585 96
1 1.1849 1.214892 1.148506 1 59.18486 1.119543 6002113 13 0 258.1201 1.271506 6002113 11 1 585 223
1 0.5675248 0.271593 0.9330701 0 1.430053 1.080899 6001113 11 1 27.38532 1.182297 6001113 13 1 700 389
1 1.225386 1.141194 1.230719 0 21.5489 1.116783 6001113 11 1 47.24012 1.310283 6001113 13 1 975 461
1 1.126364 0.9389989 1.211138 0 7.44914 1.727484 6001113 11 0 23.89853 2.63331 6001113 13 1 978 432
1 1.062846 1.139449 0.9784784 1 26.17595 2.668151 6001113 13 0 20.52315 3.54373 6001113 11 1 983 82
1 1.151918 0.9752633 1.225726 0 33.14598 6.238987 6002113 11 1 40.75576 1.135047 6002113 13 1 984 294
1 1.095596 1.133769 1.050051 0 156.0987 3.082187 6002113 11 1 23.81494 2.141833 6002113 13 1 878 47
1 1.75908 2.248522 1.290011 0 83.5192 1.060914 6003113 13 0 290.869 1.437851 6003113 11 1 595 463
1 1.151918 0.9752633 1.225726 0 13.42475 2.61488 6001113 11 1 20.19534 1.055586 6001113 13 1 596 85
1 0.3355998 0.123277 0.6770892 1 26.67883 1.342666 6001113 13 0 3.886871 1.793752 6001113 11 1 161 372
1 0.2208223 0.06788179 0.510611 0 28.16742 1.242126 6002113 11 1 58.75784 1.108171 6002113 13 1 162 293
1 1.149237 1.698801 0.7921503 1 34.89531 1.042643 6001113 13 0 7.73677 1.126651 6001113 11 1 166 124
1 1.0427 1.134261 0.9473373 0 27.57442 2.271593 6001113 13 0 12.80621 1.364398 6001113 11 1 297 28
1 1.123647 1.241142 1.010512 1 59.81821 1.104829 6002113 13 0 29.31546 1.409147 6002113 11 1 306 286
1 0.4205023 0.1819855 0.7484848 0 72.92549 6.493305 6002113 11 1 36.67325 1.133513 6002113 13 1 368 20
1 1.167323 1.186361 1.134647 1 56.13616 1.07432 6003113 13 0 1905.138 1.083848 6003113 11 1 28 115
1 1.174602 1.053046 1.204645 1 32.72184 1.185178 6001113 13 0 3.151251 1.976055 6001113 11 1 32 98
1 1.550791 1.753763 1.352368 0 21.13914 1.080602 6002113 11 1 29.67964 2.244652 6002113 13 1 39 279
1 1.031225 1.102163 0.9526981 0 26.80783 1.618445 6001113 13 0 4.431152 1.916837 6001113 11 1 375 148
1 1.055133 1.104334 0.9975671 1 38.89469 1.267524 6002113 13 0 68.97041 1.57814 6002113 11 1 384 457
1 1.031225 1.102163 0.9526981 1 58.97341 1.028487 6001113 13 0 18.73341 1.123309 6001113 11 1 100 393
1 1.314649 1.46568 1.173482 0 157.3239 4.135455 6002113 11 1 23.71177 2.355155 6002113 13 1 101 250
1 1.176288 1.010978 1.239274 0 42.30691 1.573629 6002113 13 0 24.63453 2.9062 6002113 11 1 108 386
1 1.227292 1.202911 1.205555 0 42.33387 1.096848 6001113 13 0 2.504812 1.05074 6001113 11 1 270 384
1 1.123647 1.241142 1.010512 1 33.30578 1.213744 6002113 13 0 10.86778 1.100939 6002113 11 1 275 104
1 0.2443026 0.07741789 0.5517042 1 78.5835 1.065987 6002113 13 0 88.07946 1.13097 6002113 11 1 488 384
1 0.789787 0.4650854 1.097808 0 1190.88 1.079857 6003113 11 1 53.71175 1.02535 6003113 13 1 945 14
1 0.9138955 0.6245104 1.1333 0 11.87706 1.214686 6001113 11 1 36.84568 1.136466 6001113 13 1 834 278
1 1.026751 0.7444853 1.219196 0 362.4276 1.240371 6003113 11 1 55.78363 1.050764 6003113 13 1 837 475
1 1.034916 1.100018 0.9626585 0 22.82012 1.708613 6002113 13 0 602.194 1.578369 6002113 11 1 840 81
1 1.550791 1.753763 1.352368 0 405.7818 1.522598 6003113 11 0 26.15027 1.272165 6003113 13 1 842 231
1 0.9574994 0.6410515 1.205563 0 71.98495 1.273102 6001113 13 0 2.108462 1.698375 6001113 11 1 844 150
1 1.1849 1.214892 1.148506 0 43.32582 1.092847 6001113 11 1 42.49492 1.215262 6001113 13 1 559 128
1 1.126364 0.9389989 1.211138 0 311.0769 1.063293 6002113 11 1 64.87998 1.072819 6002113 13 1 670 10
1 1.209625 1.112975 1.222657 0 64.67564 1.420005 6002113 13 0 109.4415 1.254243 6002113 11 1 670 221
1 1.056557 1.108524 0.9965968 0 11.86314 2.517142 6001113 11 1 16.17474 1.017227 6001113 13 1 673 183
1 0.9894024 0.7036328 1.19152 0 6.304552 1.246657 6002113 11 0 103.7786 1.072242 6002113 13 1 675 79
1 1.099519 1.139476 1.051563 0 47.63464 1.24117 6001113 13 0 10.52714 3.965278 6001113 11 1 679 444
1 1.179161 1.206147 1.144075 1 39.44392 1.172937 6001113 13 0 12.2744 1.317985 6001113 11 1 681 172
1 1.057513 1.112379 0.9951048 1 43.65938 1.960852 6001113 13 0 2.874631 6.649256 6001113 11 1 956 88
1 1.035838 1.098122 0.9666125 0 1.270208 2.454499 6001113 11 1 62.87757 1.284922 6001113 13 1 957 89
1 0.665028 0.3662483 0.9755856 0 19.05817 1.0507 6001113 13 0 16.99353 1.539014 6001113 11 1 957 330
1 1.034916 1.100018 0.9626585 1 71.67404 1.253759 6002113 13 1 12.06207 1.60469 6002113 11 1 957 498
1 0.2792014 0.09677438 0.588659 0 997.7808 1.594038 6003113 11 0 37.00318 3.041537 6003113 13 1 964 311
1 1.164201 1.711426 0.8059074 0 69.21801 1.262044 6002113 13 0 20.00743 1.301611 6002113 11 1 964 408
1 1.56971 1.920896 1.202337 0 0.3125439 2.965256 6001113 11 0 28.59109 1.207464 6001113 13 1 965 476
1 1.031225 1.102163 0.9526981 0 59.29808 1.166646 6002113 13 0 36.28429 2.65016 6002113 11 1 863 447
