1 1.152501 1.258655 1.04415 1 28.68948 1.876523 6002113 13 1 50.10786 1.041116 6002113 13 1 380 307
1 1.199428 1.046014 1.251733 0 0.8468282 1.286989 6001113 13 1 26.06046 2.192743 6001113 13 1 381 156
1 1.062846 1.139449 0.9784784 1 54.28486 2.125959 6003113 13 0 552.7697 2.025403 6003113 13 1 386 286
1 0.1991887 0.05938704 0.4717879 1 18.51184 1.633271 6001113 13 1 9.155828 1.206603 6001113 13 1 386 433
1 1.0427 1.134261 0.9473373 1 23.56618 1.244931 6002113 13 1 95.24217 1.092621 6002113 13 1 263 477
1 1.20651 1.16088 1.193521 1 61.06667 1.027896 6002113 13 0 222.2357 1.729566 6002113 13 1 265 169
1 1.282494 1.437562 1.137462 0 62.30263 1.300264 6002113 13 1 14.54632 1.281359 6002113 13 1 265 181
1 1.705086 2.017803 1.363962 1 53.09499 1.034546 6002113 13 0 21.27018 1.352179 6002113 13 1 573 344
1 1.179161 1.206147 1.144075 0 32.73967 1.057914 6002113 13 1 22.7353 1.365582 6002113 13 1 576 191
1 1.282494 1.437562 1.137462 0 62.23087 1.121587 6002113 13 0 42.44341 3.385766 6002113 13 1 752 232
1 1.109295 1.155893 1.053631 0 51.84527 1.684887 6003113 13 0 131.4775 2.389765 6003113 13 1 752 278
1 1.033406 1.101364 0.958024 1 14.99242 1.235296 6001113 13 0 0.9432532 1.365592 6001113 13 1 752 423
1 1.058012 1.115802 0.9930252 1 96.77898 1.045569 6002113 13 0 37.57084 2.103178 6002113 13 1 753 467
1 1.329532 1.478061 1.189894 0 167.406 3.367527 6002113 13 0 49.00672 1.090466 6002113 13 1 754 101
1 1.151918 0.9752633 1.225726 1 11.81024 2.241019 6001113 13 1 14.25279 1.621562 6001113 13 1 754 338
1 1.550791 1.753763 1.352368 0 37.73538 2.318366 6002113 13 0 4.754145 20.40267 6002113 13 1 760 55
1 1.143675 1.253919 1.033471 0 1493.455 1.630376 6003113 13 1 51.74468 1.092472 6003113 13 1 761 376
1 1.056557 1.108524 0.9965968 1 37.26045 1.182993 6002113 13 0 41.64336 1.278843 6002113 13 1 761 414
1 0.08964617 0.01972916 0.2750357 0 6.020417 1.153726 6002113 13 0 26.89565 1.16835 6002113 13 1 764 90
1 1.095596 1.133769 1.050051 1 52.51306 1.319261 6002113 13 0 22.15672 1.088935 6002113 13 1 870 7
1 1.20651 1.16088 1.193521 1 31.65173 1.061541 6002113 13 0 9.518659 2.538074 6002113 13 1 871 242
1 0.4442115 0.1872741 0.8068974 1 23.67981 1.204949 6002113 13 1 53.15794 1.140229 6002113 13 1 871 260
1 0.2539062 0.08544197 0.5475258 1 0.2515754 3.436808 6002113 13 0 71.86967 1.646808 6002113 13 1 872 187
1 1.152971 1.190243 1.109341 1 33.36757 2.401558 6003113 13 0 1021.349 3.361066 6003113 13 1 872 195
1 1.099519 1.139476 1.051563 0 1.098723 2.748998 6002113 13 1 28.63606 1.195606 6002113 13 1 873 174
1 0.2208223 0.06788179 0.510611 0 278.3698 2.650624 6003113 13 1 25.2691 1.879947 6003113 13 1 875 412
1 1.059052 1.139164 0.9715886 0 2771.779 1.087986 6003113 13 0 52.991 2.135828 6003113 13 1 592 486
1 1.058012 1.115802 0.9930252 0 536.9089 1.570743 6003113 13 1 26.72444 1.285798 6003113 13 1 594 395
1 1.143675 1.253919 1.033471 0 576.6721 1.071334 6003113 13 1 62.85406 1.123214 6003113 13 1 595 472
1 1.048997 1.136673 0.9559695 1 42.42097 1.538897 6002113 13 0 131.3578 1.707432 6002113 13 1 596 406
1 1.192805 1.083559 1.213989 1 53.66417 1.4262 6002113 13 1 44.58859 1.281168 6002113 13 1 597 112
1 1.209625 1.112975 1.222657 1 34.48324 1.248415 6002113 13 1 40.73037 1.076916 6002113 13 1 772 315
1 1.034916 1.100018 0.9626585 1 11.76313 2.767514 6001113 13 1 15.57212 2.821118 6001113 13 1 774 162
1 1.036252 1.095703 0.9699052 1 45.54071 2.336723 6003113 13 0 170.5551 1.507423 6003113 13 1 774 463
1 1.058012 1.115802 0.9930252 1 39.58906 2.760671 6002113 13 1 31.74406 2.196593 6002113 13 1 775 242
1 1.174602 1.053046 1.204645 1 38.1706 1.034126 6003113 13 0 193.2129 2.611557 6003113 13 1 776 248
1 1.055133 1.104334 0.9975671 1 41.52544 2.013035 6002113 13 0 16.14162 4.389234 6002113 13 1 778 201
1 0.05673886 0.0108806 0.1995393 1 61.87111 1.055264 6002113 13 0 458.7318 6.015736 6002113 13 1 780 39
1 1.142868 1.177299 1.103399 1 8.14108 2.052926 6002113 13 1 43.58159 1.533623 6002113 13 1 780 146
1 0.1991887 0.05938704 0.4717879 1 33.33312 1.11795 6002113 13 0 55.84661 2.044367 6002113 13 1 781 63
1 1.151918 0.9752633 1.225726 1 69.30465 1.04673 6002113 13 0 77.83829 2.09862 6002113 13 1 599 403
1 1.057513 1.112379 0.9951048 0 27.66977 1.04922 6001113 13 1 18.27197 1.791434 6001113 13 1 600 425
1 1.134034 1.248093 1.022271 0 34.72064 1.04558 6002113 13 0 27.34322 2.777524 6002113 13 1 605 48
1 1.167323 1.186361 1.134647 0 58.29725 1.083565 6002113 13 0 81.6978 1.595074 6002113 13 1 676 6
1 0.6998869 0.3767799 1.045889 1 35.15483 2.283607 6002113 13 0 144.6927 1.040845 6002113 13 1 680 384
1 1.036252 1.095703 0.9699052 0 82.0153 2.902246 6002113 13 1 65.02931 2.162713 6002113 13 1 954 409
1 1.062846 1.139449 0.9784784 0 879.7479 1.019626 6003113 13 1 39.08348 1.125342 6003113 13 1 960 435
1 1.179161 1.206147 1.144075 1 38.3807 2.164591 6002113 13 0 39.79618 1.238167 6002113 13 1 961 359
1 1.645109 2.1548 1.183545 0 53.19504 8.322201 6002113 13 1 75.82658 1.194009 6002113 13 1 963 4
1 1.49586 1.706142 1.278772 0 37.56417 3.463949 6002113 13 1 62.85258 1.895296 6002113 13 1 965 443
1 1.106427 1.150534 1.053346 0 28.66371 3.409022 6002113 13 1 38.76934 1.05501 6002113 13 1 967 175
1 1.182032 1.113501 1.180358 1 10.94758 2.397069 6002113 13 1 86.73255 1.057826 6002113 13 1 681 314
1 1.176288 1.010978 1.239274 0 2.034081 1.446071 6001113 13 1 8.831798 1.00738 6001113 13 1 683 254
1 1.062846 1.139449 0.9784784 0 70.17307 1.037214 6003113 13 0 403.4535 1.172878 6003113 13 1 684 294
1 1.298986 1.452146 1.156092 0 219.4108 1.033538 6003113 13 1 25.07755 1.028524 6003113 13 1 684 382
1 1.058012 1.115802 0.9930252 0 129.1013 1.79723 6002113 13 1 39.56221 1.457943 6002113 13 1 686 457
1 1.143675 1.253919 1.033471 1 22.11344 1.214151 6002113 13 0 158.4367 1.277992 6002113 13 1 689 476
1 1.566869 2.206142 1.088645 1 20.98609 1.404918 6002113 13 1 38.2142 2.848173 6002113 13 1 690 461
1 1.1849 1.214892 1.148506 1 42.40496 1.050792 6001113 13 0 1.496082 2.605724 6001113 13 1 690 492
1 0.4903168 0.2233237 0.8385035 0 109.4631 1.388506 6002113 13 0 39.13533 1.502054 6002113 13 1 694 267
1 1.179161 1.206147 1.144075 1 76.03899 1.113426 6002113 13 0 66.43025 3.168059 6002113 13 1 695 293
1 1.143675 1.253919 1.033471 1 70.06137 2.034549 6002113 13 1 51.04287 1.41344 6002113 13 1 696 70
1 1.1849 1.214892 1.148506 1 22.01614 1.279202 6002113 13 1 24.02574 1.645175 6002113 13 1 696 81
1 0.4094664 0.1680855 0.7591912 1 47.02836 1.030149 6003113 13 0 990.6559 2.163092 6003113 13 1 970 240
1 1.063672 0.7860307 1.245813 0 0.1945609 1.048507 6001113 13 1 28.19363 1.155647 6001113 13 1 970 347
1 1.550791 1.753763 1.352368 0 102.8705 1.938467 6002113 13 1 43.5619 1.238608 6002113 13 1 972 316
1 1.217313 1.182622 1.199648 1 41.32121 1.019041 6003113 13 0 91.79823 3.942689 6003113 13 1 976 262
1 1.048836 1.548763 0.7254791 1 66.98853 1.11774 6003113 13 0 836.561 1.353418 6003113 13 1 983 20
1 1.15499 1.021547 1.194574 1 31.75127 2.193058 6002113 13 0 6.628324 6.275046 6002113 13 1 984 279
1 0.8332192 0.5015442 1.138243 0 260.5028 1.173433 6002113 13 1 45.90378 2.098739 6002113 13 1 984 496
1 0.3064061 0.1093534 0.631845 1 33.55332 2.270898 6002113 13 1 47.7632 1.229956 6002113 13 1 986 493
1 0.01417853 0.002128869 0.07081318 0 16.46997 1.552738 6001113 13 0 1.611756 1.139856 6001113 13 1 703 37
1 1.106427 1.150534 1.053346 1 42.50854 1.21012 6002113 13 0 25.51084 6.050819 6002113 13 1 706 384
1 1.550791 1.753763 1.352368 0 32.28295 4.148603 6002113 13 1 60.61758 1.164129 6002113 13 1 707 489
1 0.5279956 0.2465533 0.8852676 0 4.013941 2.063452 6001113 13 1 32.1221 1.186043 6001113 13 1 709 106
1 1.194803 1.137859 1.187115 1 34.00351 1.439378 6002113 13 1 62.40749 1.062171 6002113 13 1 987 482
1 1.053247 1.09991 0.9980844 1 29.06705 1.259169 6003113 13 0 880.7925 1.209164 6003113 13 1 988 394
1 0.8748782 0.5617447 1.136825 1 11.94037 1.017003 6002113 13 0 6.836228 1.656498 6002113 13 1 168 85
1 1.034916 1.100018 0.9626585 1 46.29058 1.183352 6002113 13 0 125.7262 1.762558 6002113 13 1 169 246
1 1.0427 1.134261 0.9473373 0 176.8148 1.143679 6002113 13 0 25.53343 1.87779 6002113 13 1 171 219
1 1.1849 1.214892 1.148506 1 1.3355 1.044407 6001113 13 1 28.34392 2.949303 6001113 13 1 29 197
1 1.176288 1.010978 1.239274 0 111.5012 1.470926 6002113 13 1 17.93109 1.115114 6002113 13 1 303 14
1 0.4903168 0.2233237 0.8385035 0 317.6333 1.442501 6002113 13 1 67.5211 1.026415 6002113 13 1 303 413
1 0.789787 0.4650854 1.097808 1 23.79766 3.370311 6001113 13 0 6.20708 4.9554 6001113 13 1 305 267
1 0.8748782 0.5617447 1.136825 1 25.72501 2.155941 6001113 13 1 4.114679 1.805991 6001113 13 1 307 383
1 1.147959 1.183877 1.106546 0 94.792 2.348162 6002113 13 1 53.17809 1.279246 6002113 13 1 312 273
1 1.149237 1.698801 0.7921503 1 40.01147 1.028642 6002113 13 1 0.5258768 1.577167 6002113 13 1 312 497
1 1.152501 1.258655 1.04415 0 249.8852 1.082649 6002113 13 1 47.19332 1.112496 6002113 13 1 449 297
1 1.106427 1.150534 1.053346 1 18.56039 1.202465 6002113 13 0 15.45711 1.47892 6002113 13 1 449 342
1 1.1849 1.214892 1.148506 0 111.6658 2.684427 6002113 13 1 59.14795 1.33351 6002113 13 1 450 71
1 1.152971 1.190243 1.109341 0 55.53458 1.082356 6002113 13 1 7.573435 1.559341 6002113 13 1 450 282
1 1.194803 1.137859 1.187115 1 57.16599 2.152733 6002113 13 1 13.43374 1.252435 6002113 13 1 454 133
1 1.149237 1.698801 0.7921503 1 15.22642 1.146776 6001113 13 0 5.638738 2.670403 6001113 13 1 456 230
1 1.057513 1.112379 0.9951048 1 42.51638 1.234939 6002113 13 0 8.540968 1.515759 6002113 13 1 457 377
1 0.1527629 0.0402692 0.399808 1 31.36023 1.089268 6002113 13 0 276.2744 1.095965 6002113 13 1 458 19
1 0.8748782 0.5617447 1.136825 1 61.70048 1.094395 6002113 13 0 114.9758 1.127452 6002113 13 1 316 175
1 0.4094664 0.1680855 0.7591912 1 36.5724 1.037215 6002113 13 1 15.35214 1.047264 6002113 13 1 317 4
1 1.46424 1.680344 1.235249 0 73.32193 1.710523 6002113 13 1 43.66999 2.222119 6002113 13 1 35 137
1 0.8332192 0.5015442 1.138243 1 24.57152 1.904206 6001113 13 0 13.27544 1.779637 6001113 13 1 35 318
1 1.059052 1.139164 0.9715886 0 26.33779 3.410267 6001113 13 0 2.729027 1.840577 6001113 13 1 36 428
1 0.04601344 0.008200601 0.1755223 1 52.39516 1.097407 6002113 13 0 72.75771 1.930624 6002113 13 1 38 80
1 1.026751 0.7444853 1.219196 1 14.6965 2.404046 6002113 13 1 43.33398 2.291762 6002113 13 1 39 214
1 1.059052 1.139164 0.9715886 1 48.40079 1.681977 6002113 13 1 29.8022 1.822879 6002113 13 1 461 42
1 1.176288 1.010978 1.239274 0 2.763611 1.059184 6001113 13 0 28.48409 1.023892 6001113 13 1 461 256
1 1.034916 1.100018 0.9626585 0 49.76507 1.027738 6002113 13 1 12.19773 1.02774 6002113 13 1 463 152
1 1.057513 1.112379 0.9951048 0 12.63853 1.085508 6001113 13 1 19.34706 1.893068 6001113 13 1 176 127
1 1.099519 1.139476 1.051563 1 30.63292 1.086841 6002113 13 1 86.29291 2.483086 6002113 13 1 181 186
1 1.0427 1.134261 0.9473373 1 17.10939 1.326431 6002113 13 0 55.24073 1.048129 6002113 13 1 181 445
1 1.123647 1.241142 1.010512 1 14.3407 3.451282 6002113 13 0 28.94838 1.868814 6002113 13 1 185 252
1 1.174602 1.053046 1.204645 0 928.2847 1.038529 6003113 13 1 49.18428 1.023143 6003113 13 1 189 316
1 1.550791 1.753763 1.352368 0 219.0571 13.13747 6002113 13 1 44.05043 1.347773 6002113 13 1 189 380
1 1.147959 1.183877 1.106546 0 60.96807 3.138647 6002113 13 0 32.72642 1.291625 6002113 13 1 190 22
1 0.5279956 0.2465533 0.8852676 1 26.00292 2.529401 6001113 13 0 0.1312789 1.380825 6001113 13 1 190 325
1 1.282494 1.437562 1.137462 1 15.96259 2.212036 6002113 13 0 80.9325 1.093805 6002113 13 1 46 14
1 0.3064061 0.1093534 0.631845 0 573.6133 1.275143 6003113 13 1 54.85098 1.197928 6003113 13 1 990 291
1 1.20651 1.16088 1.193521 0 253.45 1.626612 6002113 13 1 61.00372 1.109975 6002113 13 1 991 37
1 0.001050436 0.0002258736 0.005613349 0 27.98675 1.771533 6002113 13 0 11.77922 5.143944 6002113 13 1 994 484
1 1.031225 1.102163 0.9526981 1 31.69229 2.212135 6002113 13 1 35.87852 1.355218 6002113 13 1 995 433
1 0.8748782 0.5617447 1.136825 1 35.51793 1.027789 6003113 13 0 632.2719 1.034997 6003113 13 1 577 323
1 1.109295 1.155893 1.053631 1 35.0289 2.251877 6002113 13 1 16.59579 1.196603 6002113 13 1 578 266
1 1.298986 1.452146 1.156092 1 23.90205 1.097077 6002113 13 1 54.65949 1.091258 6002113 13 1 580 396
1 1.033406 1.101364 0.958024 0 0.4252056 3.738757 6003113 13 1 51.44703 1.175096 6003113 13 1 1000 414
1 0.2208223 0.06788179 0.510611 1 40.15678 2.301588 6002113 13 1 15.6306 1.622697 6002113 13 1 1000 417
1 1.035838 1.098122 0.9666125 1 20.05111 1.354313 6002113 13 1 70.84225 1.276476 6002113 13 1 721 44
1 1.053247 1.09991 0.9980844 0 75.87556 1.76471 6002113 13 1 38.32982 1.969981 6002113 13 1 721 63
1 1.142868 1.177299 1.103399 0 35.64396 1.127415 6003113 13 0 159.9849 1.180851 6003113 13 1 722 209
1 0.003151584 0.0005086883 0.01887308 0 86.49064 1.636002 6002113 13 1 42.08847 1.016906 6002113 13 1 725 467
1 1.126364 0.9389989 1.211138 1 62.48447 1.164385 6002113 13 1 34.61825 1.283129 6002113 13 1 729 455
1 1.126364 0.9389989 1.211138 1 62.48447 1.164385 6002113 13 1 34.61825 1.283129 6002113 13 1 729 455
1 1.645109 2.1548 1.183545 1 51.24772 1.188152 6003113 13 0 559.7462 1.563384 6003113 13 1 731 252
1 0.5675248 0.271593 0.9330701 0 4.13571 1.888003 6002113 13 1 28.05496 2.17108 6002113 13 1 731 465
1 1.314649 1.46568 1.173482 0 123.4087 1.044185 6002113 13 1 56.26988 2.165794 6002113 13 1 584 165
1 1.289688 1.878288 0.892531 1 46.89817 1.020611 6003113 13 0 1357.077 1.128341 6003113 13 1 584 419
1 1.183608 1.169262 1.159476 1 9.238278 1.08924 6001113 13 0 27.55201 1.037025 6001113 13 1 586 30
1 1.298986 1.452146 1.156092 0 99.84586 1.014565 6002113 13 1 54.07867 1.118619 6002113 13 1 861 276
1 0.3170899 0.1198369 0.6261138 0 53.52242 1.865345 6002113 13 0 20.38069 1.113614 6002113 13 1 861 469
1 1.15499 1.021547 1.194574 1 12.17594 1.780118 6001113 13 0 1.446749 1.346332 6001113 13 1 866 54
1 1.289688 1.878288 0.892531 1 14.14247 1.158196 6002113 13 1 74.82474 1.084231 6002113 13 1 868 97
1 1.035838 1.098122 0.9666125 0 84.92243 3.727545 6002113 13 1 38.89038 1.019506 6002113 13 1 868 172
1 1.017868 0.7662661 1.176325 0 60.91438 2.218239 6002113 13 1 50.07117 1.248188 6002113 13 1 732 433
1 1.031225 1.102163 0.9526981 0 27.46864 2.062737 6001113 13 1 43.06799 1.029441 6001113 13 1 733 295
1 1.167323 1.186361 1.134647 1 76.94682 2.21555 6002113 13 1 10.28175 2.918624 6002113 13 1 739 73
1 1.123647 1.241142 1.010512 1 40.64743 1.18359 6002113 13 0 1.39673 1.424096 6002113 13 1 739 365
1 0.02402195 0.003812468 0.1069883 1 40.22554 1.064761 6002113 13 1 66.71526 1.224174 6002113 13 1 739 466
1 0.02402195 0.003812468 0.1069883 1 40.22554 1.064761 6002113 13 1 66.71526 1.224174 6002113 13 1 739 466
1 1.053247 1.09991 0.9980844 1 47.23502 1.077566 6002113 13 0 80.38445 3.692318 6002113 13 1 139 255
1 1.225386 1.141194 1.230719 0 56.83908 1.032694 6002113 13 1 32.93262 1.022963 6002113 13 1 411 76
1 1.20651 1.16088 1.193521 1 39.02246 3.812834 6002113 13 0 86.89106 1.108097 6002113 13 1 412 469
1 1.314649 1.46568 1.173482 1 20.76466 2.896155 6003113 13 0 319.0366 3.025959 6003113 13 1 413 460
1 1.114777 0.884905 1.24054 1 34.71654 2.228429 6002113 13 1 27.61733 1.990366 6002113 13 1 416 222
1 0.7055845 0.3974356 1.016366 0 0.8210448 6.00338 6001113 13 0 11.11321 2.283185 6001113 13 1 419 352
1 1.017868 0.7662661 1.176325 0 30.69155 1.106962 6002113 13 1 42.79429 1.266626 6002113 13 1 273 72
1 1.034916 1.100018 0.9626585 1 70.93132 1.192314 6002113 13 0 39.04447 2.80922 6002113 13 1 274 122
1 1.182032 1.113501 1.180358 0 115.9599 1.003095 6002113 13 1 22.37348 1.129415 6002113 13 1 804 316
1 1.055133 1.104334 0.9975671 1 40.6325 1.016346 6003113 13 0 366.165 1.013221 6003113 13 1 618 453
1 1.033406 1.101364 0.958024 1 46.24206 2.265164 6002113 13 0 67.04755 1.058295 6002113 13 1 619 403
1 1.095596 1.133769 1.050051 1 8.153777 1.459268 6002113 13 0 20.53235 2.172532 6002113 13 1 619 460
1 1.147959 1.183877 1.106546 0 51.51377 2.203734 6002113 13 0 94.2727 1.038717 6002113 13 1 620 396
1 1.0427 1.134261 0.9473373 1 24.59613 1.013052 6002113 13 1 4.962392 1.306517 6002113 13 1 625 77
1 1.083255 0.8452013 1.220206 1 92.25404 1.142943 6002113 13 1 35.48948 1.195678 6002113 13 1 898 447
1 1.192805 1.083559 1.213989 1 78.72958 1.106278 6003113 13 1 46.40308 1.240409 6003113 13 1 899 216
1 1.0427 1.134261 0.9473373 1 34.17214 2.323276 6002113 13 0 9.916721 6.99838 6002113 13 1 899 451
1 1.152971 1.190243 1.109341 0 83.29981 2.179753 6002113 13 1 53.63508 2.195099 6002113 13 1 901 261
1 0.2304392 0.07526134 0.508429 1 39.16161 1.03022 6002113 13 0 25.75229 1.506696 6002113 13 1 902 343
1 1.282494 1.437562 1.137462 1 37.75487 1.086095 6003113 13 1 25.16438 1.292114 6003113 13 1 903 34
1 1.054444 1.13827 0.9640688 1 27.02572 1.189983 6002113 13 0 266.8178 1.147103 6002113 13 1 903 384
1 1.866054 2.331325 1.3979 1 25.37226 1.807077 6002113 13 0 56.9774 1.142916 6002113 13 1 806 352
1 0.8748782 0.5617447 1.136825 0 734.0765 1.050305 6003113 13 1 17.87314 2.177958 6003113 13 1 520 466
1 1.031225 1.102163 0.9526981 0 1686.679 1.37933 6003113 13 1 30.4866 1.091748 6003113 13 1 522 215
1 1.46424 1.680344 1.235249 0 41.24445 1.59205 6002113 13 1 48.44968 1.3578 6002113 13 1 525 310
1 1.142868 1.177299 1.103399 1 55.27216 1.066952 6002113 13 0 36.53857 3.379189 6002113 13 1 526 21
1 1.095596 1.133769 1.050051 1 5.726806 1.43581 6003113 13 1 18.06869 1.024964 6003113 13 1 530 219
1 1.083255 0.8452013 1.220206 1 26.56264 1.269702 6002113 13 0 5.397756 1.128894 6002113 13 1 531 22
1 1.812285 2.096335 1.505211 0 116.6144 2.036255 6002113 13 1 40.46732 1.815218 6002113 13 1 531 476
1 1.099519 1.139476 1.051563 1 36.14116 1.898964 6002113 13 0 14.16041 1.816924 6002113 13 1 532 71
1 1.20651 1.16088 1.193521 1 16.25631 2.278725 6003113 13 0 1253.291 1.116151 6003113 13 1 532 139
1 1.167323 1.186361 1.134647 0 45.04884 2.933647 6002113 13 1 31.29739 1.145551 6002113 13 1 535 295
1 0.3355998 0.123277 0.6770892 0 39.04894 1.054736 6002113 13 1 38.69893 1.787058 6002113 13 1 535 388
1 1.164201 1.711426 0.8059074 0 1223.21 1.290473 6003113 13 1 62.51022 1.162068 6003113 13 1 910 161
1 1.095596 1.133769 1.050051 1 31.27942 1.503544 6002113 13 1 18.91606 2.364882 6002113 13 1 910 489
1 1.112575 1.233052 0.9981722 1 90.64602 1.141034 6002113 13 0 135.4956 1.97955 6002113 13 1 913 385
1 1.109295 1.155893 1.053631 0 7.218196 1.609554 6002113 13 1 50.68812 1.099203 6002113 13 1 627 314
1 0.8383967 1.273376 0.5409222 0 328.9301 1.072869 6002113 13 1 51.19446 1.038295 6002113 13 1 631 473
1 1.147959 1.183877 1.106546 1 37.39411 1.47635 6002113 13 0 19.41586 1.028155 6002113 13 1 631 476
1 1.143675 1.253919 1.033471 1 33.60361 1.621587 6001113 13 0 0.6584196 3.996727 6001113 13 1 633 277
1 1.031225 1.102163 0.9526981 1 25.93735 1.152849 6002113 13 0 272.6486 2.91281 6002113 13 1 536 303
1 0.8748782 0.5617447 1.136825 1 65.68645 1.04645 6003113 13 1 26.33537 1.827146 6003113 13 1 807 179
1 1.812285 2.096335 1.505211 0 2.497013 1.052374 6002113 13 1 70.40217 2.332268 6002113 13 1 811 165
1 1.329532 1.478061 1.189894 1 1.391213 1.629903 6001113 13 0 16.26857 1.176486 6001113 13 1 811 440
1 1.183608 1.169262 1.159476 1 0.9231112 1.863506 6001113 13 1 18.14511 1.106865 6001113 13 1 812 340
1 1.209625 1.112975 1.222657 1 44.78952 1.031879 6003113 13 0 957.9172 1.829325 6003113 13 1 813 332
1 1.209625 1.112975 1.222657 1 67.24022 1.076256 6002113 13 0 34.0937 1.852509 6002113 13 1 814 144
1 1.152971 1.190243 1.109341 1 23.42961 1.253341 6001113 13 1 1.746379 1.220991 6001113 13 1 818 323
1 1.192805 1.083559 1.213989 0 260.5188 1.159348 6002113 13 1 49.61548 1.25058 6002113 13 1 822 1
1 1.112575 1.233052 0.9981722 0 10.92919 1.432289 6001113 13 1 30.76057 2.025185 6001113 13 1 636 236
1 1.058012 1.115802 0.9930252 0 1.318822 1.034539 6002113 13 0 24.7745 2.498996 6002113 13 1 638 492
1 0.1527629 0.0402692 0.399808 0 763.0052 1.064075 6003113 13 0 62.44098 1.147087 6003113 13 1 356 190
1 1.151918 0.9752633 1.225726 0 184.1146 1.641036 6002113 13 1 17.40067 2.729937 6002113 13 1 357 77
1 0.277155 0.4798076 0.1597663 1 58.80378 1.280332 6002113 13 0 46.97102 1.544059 6002113 13 1 360 436
1 1.054444 1.13827 0.9640688 1 4.981017 1.183223 6002113 13 1 17.41078 1.28408 6002113 13 1 362 399
1 1.329532 1.478061 1.189894 0 32.2846 3.221062 6002113 13 0 49.19274 1.648133 6002113 13 1 363 126
1 1.812285 2.096335 1.505211 1 69.77514 1.762225 6002113 13 0 115.6583 1.151593 6002113 13 1 367 131
1 1.199401 1.201198 1.170168 0 29.90035 1.044532 6002113 13 0 40.02575 12.95616 6002113 13 1 229 493
1 1.194803 1.137859 1.187115 1 41.48822 1.147893 6002113 13 0 31.53968 1.128245 6002113 13 1 230 475
1 1.050919 0.8056091 1.198818 1 28.10901 1.585691 6002113 13 1 24.92215 1.188061 6002113 13 1 231 368
1 0.3170899 0.1198369 0.6261138 1 53.70342 1.474825 6002113 13 1 33.99468 1.286352 6002113 13 1 234 441
1 1.75908 2.248522 1.290011 1 63.90404 1.024242 6002113 13 1 32.92133 1.019399 6002113 13 1 238 104
1 1.75908 2.248522 1.290011 1 63.90404 1.024242 6002113 13 1 32.92133 1.019399 6002113 13 1 238 104
1 1.123647 1.241142 1.010512 1 68.20047 1.899236 6002113 13 1 44.53754 1.336203 6002113 13 1 239 117
1 1.227292 1.202911 1.205555 1 74.42773 1.174791 6002113 13 0 52.17272 1.346432 6002113 13 1 240 275
1 1.063672 0.7860307 1.245813 0 653.4828 1.058782 6003113 13 1 38.62696 2.243616 6003113 13 1 241 444
1 0.8200224 1.218482 0.5472287 1 66.01443 1.158241 6002113 13 0 36.84999 2.247813 6002113 13 1 369 147
1 1.145385 0.9245803 1.259718 1 95.01051 1.186001 6003113 13 0 333.4542 3.029452 6003113 13 1 369 259
1 1.063672 0.7860307 1.245813 1 30.55223 1.437494 6002113 13 0 70.50474 11.45804 6002113 13 1 371 134
1 1.034916 1.100018 0.9626585 1 19.42117 1.373294 6003113 13 0 685.6315 1.125193 6003113 13 1 88 276
1 1.75908 2.248522 1.290011 0 92.20654 1.376932 6002113 13 1 13.12485 1.281349 6002113 13 1 94 100
1 1.217313 1.182622 1.199648 1 29.34996 1.032162 6002113 13 1 47.61617 1.497959 6002113 13 1 96 160
1 1.059052 1.139164 0.9715886 1 27.9705 1.194167 6001113 13 1 4.68047 1.045309 6001113 13 1 250 391
1 1.194803 1.137859 1.187115 0 381.7949 1.748559 6002113 13 1 55.42435 1.222697 6002113 13 1 252 363
1 1.812285 2.096335 1.505211 1 76.98043 1.151121 6003113 13 0 381.0889 2.305714 6003113 13 1 255 300
1 1.126364 0.9389989 1.211138 1 33.20641 1.565251 6002113 13 1 18.66094 1.104258 6002113 13 1 257 62
1 1.134034 1.248093 1.022271 1 31.13548 3.039665 6002113 13 0 24.35864 4.563963 6002113 13 1 260 419
1 1.174602 1.053046 1.204645 1 58.44807 1.132601 6002113 13 1 135.3937 2.331656 6002113 13 1 260 464
1 1.167323 1.186361 1.134647 1 39.9356 2.157618 6002113 13 0 3.402695 1.467892 6002113 13 1 261 123
1 1.75908 2.248522 1.290011 0 67.17553 1.454729 6002113 13 1 44.96089 2.073689 6002113 13 1 261 453
1 0.9138955 0.6245104 1.1333 1 65.44479 1.047969 6002113 13 0 88.01139 5.111802 6002113 13 1 262 357
1 1.034916 1.100018 0.9626585 0 111.5546 3.857823 6002113 13 1 31.22843 1.057262 6002113 13 1 375 6
1 1.705086 2.017803 1.363962 0 241.4394 1.121038 6003113 13 1 49.26328 1.028865 6003113 13 1 49 89
1 1.152971 1.190243 1.109341 1 35.66843 1.973521 6002113 13 1 8.880664 1.160046 6002113 13 1 49 454
1 0.5762256 0.2893137 0.9113798 1 32.82586 1.165912 6002113 13 0 67.11416 1.123442 6002113 13 1 320 50
1 1.152501 1.258655 1.04415 1 15.67419 1.349913 6002113 13 1 55.47787 2.099992 6002113 13 1 320 366
1 0.8332192 0.5015442 1.138243 1 62.32481 1.240775 6002113 13 1 45.03671 1.985724 6002113 13 1 323 27
1 1.143675 1.253919 1.033471 1 43.46812 2.217315 6002113 13 0 264.1387 1.228877 6002113 13 1 324 406
1 1.282494 1.437562 1.137462 1 17.07789 1.132958 6001113 13 0 3.964145 2.455191 6001113 13 1 329 368
1 0.7268606 1.122648 0.4611204 0 454.3055 1.522298 6002113 13 1 35.89753 1.130188 6002113 13 1 193 104
1 1.033406 1.101364 0.958024 0 22.51126 3.863294 6002113 13 1 43.24549 1.34357 6002113 13 1 464 461
1 1.152501 1.258655 1.04415 0 13.7377 1.069738 6001113 13 1 26.75975 1.904772 6001113 13 1 470 128
1 1.10316 1.145079 1.05266 1 6.477824 1.024233 6001113 13 1 40.11166 1.26094 6001113 13 1 472 35
1 1.099696 0.9023142 1.195627 0 25.24529 1.694121 6002113 13 1 36.99331 1.013837 6002113 13 1 473 222
1 1.225386 1.141194 1.230719 1 38.85985 1.513776 6002113 13 1 54.90208 1.026406 6002113 13 1 473 431
1 1.114777 0.884905 1.24054 0 0.0991101 1.870802 6001113 13 1 17.5986 1.917614 6001113 13 1 477 202
1 1.227292 1.202911 1.205555 1 28.593 1.016088 6002113 13 1 73.56788 1.028708 6002113 13 1 333 127
1 1.199401 1.201198 1.170168 0 180.1495 2.237418 6002113 13 1 63.68979 1.023081 6002113 13 1 334 242
1 1.033406 1.101364 0.958024 1 76.30315 1.828195 6002113 13 1 31.25694 1.076677 6002113 13 1 335 122
1 0.8748782 0.5617447 1.136825 1 60.85946 1.028278 6002113 13 0 267.1928 1.441352 6002113 13 1 337 411
1 1.036252 1.095703 0.9699052 1 37.70998 2.051834 6002113 13 0 92.62323 1.084787 6002113 13 1 52 58
1 1.028816 2.178673 0.4767559 0 154.9894 1.464825 6002113 13 1 49.09338 1.193836 6002113 13 1 54 80
1 1.49586 1.706142 1.278772 0 260.0198 1.124731 6003113 13 1 36.85558 1.016508 6003113 13 1 62 132
1 1.063672 0.7860307 1.245813 0 25.83916 2.33274 6002113 13 1 45.991 1.150321 6002113 13 1 199 299
1 1.641128 1.972201 1.285192 0 45.48059 1.132787 6003113 13 0 1285.008 10.28357 6003113 13 1 201 58
1 0.5675248 0.271593 0.9330701 1 25.32579 2.055906 6002113 13 0 157.7826 1.758482 6002113 13 1 202 31
1 1.095596 1.133769 1.050051 0 3.530466 1.059783 6001113 13 1 14.1573 1.128339 6001113 13 1 203 327
1 1.182032 1.113501 1.180358 1 17.33702 2.240453 6001113 13 1 16.73225 1.369724 6001113 13 1 204 30
1 1.054444 1.13827 0.9640688 0 65.67778 6.426939 6002113 13 1 22.54184 2.288398 6002113 13 1 206 129
1 1.199401 1.201198 1.170168 1 45.97115 1.098181 6002113 13 0 51.95511 2.586195 6002113 13 1 208 474
1 0.9574994 0.6410515 1.205563 0 4.137162 2.398283 6002113 13 0 22.71117 1.063275 6002113 13 1 63 216
1 0.08964617 0.01972916 0.2750357 1 33.36802 1.088024 6002113 13 1 31.97491 1.115263 6002113 13 1 65 389
1 1.575265 1.775696 1.383444 0 41.46384 1.527948 6002113 13 1 39.89564 1.118656 6002113 13 1 66 403
1 1.15499 1.021547 1.194574 1 33.39879 2.061005 6002113 13 0 10.72116 1.898817 6002113 13 1 67 235
1 1.151918 0.9752633 1.225726 0 45.10725 1.447669 6002113 13 1 61.2196 1.043799 6002113 13 1 340 226
1 1.035838 1.098122 0.9666125 1 4.560132 1.305093 6002113 13 1 47.49904 1.103431 6002113 13 1 342 192
1 0.4205023 0.1819855 0.7484848 1 29.82094 1.836835 6002113 13 0 195.779 2.162232 6002113 13 1 343 319
1 0.7055845 0.3974356 1.016366 1 35.69357 1.029907 6002113 13 1 69.10194 1.253936 6002113 13 1 343 499
1 0.9160994 0.6007248 1.171549 0 113.5461 1.06856 6002113 13 0 14.58215 5.067146 6002113 13 1 344 147
1 1.143675 1.253919 1.033471 1 48.60744 1.08717 6002113 13 0 13.25985 4.267224 6002113 13 1 128 242
1 0.3170899 0.1198369 0.6261138 0 34.28377 2.167631 6002113 13 1 96.47577 3.140983 6002113 13 1 129 119
1 1.174602 1.053046 1.204645 0 59.9297 1.28837 6002113 13 1 46.3886 2.038511 6002113 13 1 130 229
1 1.099519 1.139476 1.051563 1 68.57668 1.959576 6002113 13 1 58.96856 1.498739 6002113 13 1 130 328
1 0.03472439 0.005924022 0.1396847 1 42.9116 1.310011 6002113 13 0 170.3958 1.127485 6002113 13 1 267 230
1 1.164201 1.711426 0.8059074 1 62.86456 1.243267 6002113 13 0 73.08142 4.623552 6002113 13 1 271 132
1 1.550791 1.753763 1.352368 0 108.8753 1.135447 6002113 13 1 74.97469 1.197659 6002113 13 1 940 115
1 1.056557 1.108524 0.9965968 0 135.5523 1.907815 6003113 13 1 21.18943 1.008993 6003113 13 1 841 500
1 0.5279956 0.2465533 0.8852676 0 76.95739 2.035748 6002113 13 1 51.39181 1.159464 6002113 13 1 556 155
1 1.213336 1.227995 1.180605 1 54.20124 1.305231 6002113 13 0 2.637138 2.165014 6002113 13 1 556 394
1 0.9517445 0.6636014 1.162862 1 52.94114 2.280218 6002113 13 0 5.853738 1.48592 6002113 13 1 557 284
1 1.152971 1.190243 1.109341 1 44.76973 1.751131 6002113 13 1 11.51036 1.285577 6002113 13 1 559 307
1 0.5675248 0.271593 0.9330701 0 177.7809 2.339775 6002113 13 1 18.46094 1.259706 6002113 13 1 560 305
1 1.054444 1.13827 0.9640688 1 53.60537 1.805926 6002113 13 1 82.15215 1.035041 6002113 13 1 560 347
1 0.8339615 0.5241884 1.101491 1 12.30846 2.044326 6002113 13 0 132.3652 2.453597 6002113 13 1 562 15
1 1.329532 1.478061 1.189894 1 35.53791 1.143564 6002113 13 0 76.81837 1.16977 6002113 13 1 563 9
1 1.213336 1.227995 1.180605 0 4.940861 1.070608 6002113 13 1 39.26135 1.184895 6002113 13 1 563 103
1 0.3920611 0.7237228 0.2037318 1 53.82876 1.699188 6003113 13 0 1053.834 1.270856 6003113 13 1 564 382
1 1.191782 1.185832 1.16486 1 87.34355 2.162613 6002113 13 1 58.08896 1.031607 6002113 13 1 569 384
1 0.6792043 1.500973 0.3097145 1 62.76725 1.332498 6002113 13 1 67.98724 1.109992 6002113 13 1 570 399
1 0.9160994 0.6007248 1.171549 1 81.07211 1.290013 6002113 13 0 14.963 5.640003 6002113 13 1 948 254
1 1.050919 0.8056091 1.198818 1 49.11295 1.124714 6002113 13 0 279.059 1.344809 6002113 13 1 664 99
1 1.114777 0.884905 1.24054 0 66.83002 1.311102 6002113 13 1 26.26411 1.68831 6002113 13 1 571 456
1 1.034916 1.100018 0.9626585 1 80.8967 1.055714 6002113 13 0 2.792383 1.45822 6002113 13 1 844 199
1 1.298986 1.452146 1.156092 0 632.5099 1.857521 6003113 13 0 29.27928 1.209158 6003113 13 1 847 467
1 0.9138955 0.6245104 1.1333 0 18.36865 1.030759 6002113 13 1 71.61842 1.023027 6002113 13 1 854 204
1 1.10316 1.145079 1.05266 1 11.64181 2.100845 6003113 13 0 295.1043 5.063755 6003113 13 1 856 30
1 1.055133 1.104334 0.9975671 0 212.2173 1.041807 6002113 13 1 46.33929 1.01016 6002113 13 1 857 424
1 1.143675 1.253919 1.033471 1 43.50971 1.11773 6002113 13 0 14.82822 1.291733 6002113 13 1 346 308
1 1.173319 1.196671 1.139395 0 1587.995 3.194607 6003113 13 1 48.95885 1.105837 6003113 13 1 211 427
1 1.147959 1.183877 1.106546 0 1972.247 1.041445 6003113 13 1 51.27273 1.02138 6003113 13 1 482 68
1 0.789787 0.4650854 1.097808 0 194.4599 1.13201 6002113 13 1 18.6893 1.796281 6002113 13 1 483 187
1 1.059052 1.139164 0.9715886 1 56.92395 1.038193 6002113 13 0 8.141807 2.957318 6002113 13 1 485 185
1 1.095596 1.133769 1.050051 0 141.1499 2.561269 6002113 13 1 52.90068 1.048033 6002113 13 1 488 181
1 1.062846 1.139449 0.9784784 0 38.87517 2.741101 6002113 13 1 17.21403 1.020281 6002113 13 1 490 12
1 0.665028 0.3662483 0.9755856 0 42.74936 4.715599 6002113 13 1 16.78851 1.898739 6002113 13 1 493 336
1 0.5226254 0.8798594 0.3137767 1 28.29575 1.800389 6001113 13 1 0.572212 1.545594 6001113 13 1 493 442
1 1.227292 1.202911 1.205555 0 125.3906 1.310848 6002113 13 1 47.99189 1.07621 6002113 13 1 353 398
1 1.147959 1.183877 1.106546 1 27.82697 1.069637 6002113 13 0 9.375222 2.063201 6002113 13 1 355 330
1 1.42456 2.044705 0.9864829 0 167.8433 2.551313 6002113 13 1 28.55054 1.123793 6002113 13 1 68 195
1 1.812285 2.096335 1.505211 1 48.28077 2.313243 6002113 13 1 39.01264 2.275153 6002113 13 1 69 19
1 1.75908 2.248522 1.290011 1 25.73852 1.124266 6002113 13 1 16.22689 1.01903 6002113 13 1 69 485
1 1.524498 1.73059 1.317664 1 41.11647 1.029318 6002113 13 0 47.74822 2.38248 6002113 13 1 70 188
1 1.054444 1.13827 0.9640688 1 16.72979 1.140683 6002113 13 0 14.20513 2.930986 6002113 13 1 71 123
1 1.49586 1.706142 1.278772 0 54.26694 1.047184 6002113 13 1 34.72701 1.022772 6002113 13 1 71 278
1 0.6571895 0.3457574 1.000641 1 23.71736 1.016397 6002113 13 0 31.97717 1.016158 6002113 13 1 72 184
1 1.167323 1.186361 1.134647 0 17.37863 4.968058 6001113 13 1 32.32057 2.284007 6001113 13 1 73 21
1 0.3170899 0.1198369 0.6261138 0 48.15448 1.825969 6002113 13 1 53.37997 1.207338 6002113 13 1 74 442
1 0.8332192 0.5015442 1.138243 1 40.84782 1.720537 6002113 13 0 24.20861 1.759773 6002113 13 1 75 182
1 1.206555 1.21522 1.17542 1 4.611397 1.735938 6002113 13 1 69.03315 1.026417 6002113 13 1 75 255
1 1.173319 1.196671 1.139395 1 41.13066 1.096275 6002113 13 0 128.6119 1.594168 6002113 13 1 77 180
1 0.1080031 0.02598027 0.3057024 0 71.6199 1.037684 6003113 13 0 1201.758 2.816106 6003113 13 1 387 267
1 1.199428 1.046014 1.251733 1 89.15932 2.022866 6002113 13 0 48.02533 1.854281 6002113 13 1 387 350
1 0.7055845 0.3974356 1.016366 1 71.37422 1.040328 6002113 13 1 0.07406873 2.639029 6002113 13 1 388 316
1 1.058012 1.115802 0.9930252 1 40.14755 1.079688 6002113 13 1 106.9348 2.779339 6002113 13 1 104 283
1 1.033406 1.101364 0.958024 1 110.5641 1.76388 6002113 13 1 57.85116 1.03293 6002113 13 1 105 163
1 0.1610681 0.04515641 0.4007308 1 26.42777 1.096496 6002113 13 0 175.5832 1.875727 6002113 13 1 106 224
1 0.5279956 0.2465533 0.8852676 1 11.8812 1.8514 6001113 13 0 1.590124 1.382747 6001113 13 1 106 396
1 0.4903168 0.2233237 0.8385035 1 81.19955 2.862673 6002113 13 1 38.74005 1.157447 6002113 13 1 113 220
1 1.126364 0.9389989 1.211138 0 218.3614 1.488654 6002113 13 0 61.26458 1.031534 6002113 13 1 114 62
1 1.192805 1.083559 1.213989 0 41.2919 6.254661 6002113 13 1 37.40895 1.09964 6002113 13 1 115 469
1 1.152501 1.258655 1.04415 0 194.5064 2.09127 6003113 13 1 41.233 1.028747 6003113 13 1 80 360
1 1.10316 1.145079 1.05266 1 38.78943 1.17403 6002113 13 1 37.47056 1.620457 6002113 13 1 499 344
1 1.109295 1.155893 1.053631 1 17.77297 2.095316 6001113 13 1 14.41947 1.118437 6001113 13 1 212 316
1 1.050919 0.8056091 1.198818 1 30.53819 1.246704 6002113 13 1 25.57317 1.021124 6002113 13 1 217 125
1 1.109295 1.155893 1.053631 1 47.34998 1.440853 6002113 13 0 13.34274 1.849518 6002113 13 1 217 432
1 1.329532 1.478061 1.189894 0 97.97221 1.838568 6002113 13 1 55.15508 1.042644 6002113 13 1 223 200
1 0.07905591 0.01690496 0.2492307 0 12.50154 4.812595 6002113 13 1 36.11992 1.224693 6002113 13 1 227 221
1 1.183608 1.169262 1.159476 0 158.2138 51.93805 6002113 13 1 64.54103 1.102715 6002113 13 1 607 249
1 0.5279956 0.2465533 0.8852676 0 185.069 1.144795 6002113 13 1 37.47309 1.019418 6002113 13 1 608 249
1 1.054444 1.13827 0.9640688 1 56.07771 1.29079 6002113 13 0 98.51653 1.118184 6002113 13 1 880 7
1 1.057513 1.112379 0.9951048 0 210.0569 4.949536 6002113 13 1 46.5038 1.270683 6002113 13 1 883 483
1 0.9574994 0.6410515 1.205563 1 60.10741 1.25582 6002113 13 0 103.2559 2.220999 6002113 13 1 884 322
1 1.062846 1.139449 0.9784784 1 57.92149 1.070122 6003113 13 0 383.6823 1.036057 6003113 13 1 885 345
1 1.566869 2.206142 1.088645 1 47.26766 1.103366 6002113 13 1 4.687528 1.362714 6002113 13 1 886 307
1 0.8748782 0.5617447 1.136825 1 43.75446 1.596209 6002113 13 0 28.58896 1.79383 6002113 13 1 504 91
1 1.142868 1.177299 1.103399 1 13.22117 1.280438 6001113 13 1 4.293222 1.213012 6001113 13 1 120 301
1 1.0427 1.134261 0.9473373 1 59.59449 1.129659 6002113 13 0 14.86082 1.095464 6002113 13 1 121 334
1 1.035838 1.098122 0.9666125 1 42.36158 1.928854 6001113 13 0 6.517529 2.813199 6001113 13 1 394 453
1 1.575265 1.775696 1.383444 1 48.57479 1.752284 6002113 13 0 109.8754 1.177593 6002113 13 1 395 414
1 0.665028 0.3662483 0.9755856 1 52.92434 1.966938 6002113 13 0 34.21144 1.04934 6002113 13 1 399 379
1 1.152501 1.258655 1.04415 1 42.4999 2.193629 6002113 13 0 28.29886 1.306022 6002113 13 1 401 377
1 0.9219857 1.364073 0.6240806 1 32.36288 2.179611 6002113 13 0 8.67876 1.175742 6002113 13 1 402 254
1 1.058012 1.115802 0.9930252 1 41.11757 2.014904 6002113 13 0 16.55087 1.042797 6002113 13 1 406 256
1 1.114777 0.884905 1.24054 1 34.45488 1.477147 6002113 13 0 71.62072 1.685217 6002113 13 1 408 206
1 1.134034 1.248093 1.022271 1 53.96904 1.919525 6003113 13 0 478.3056 2.014666 6003113 13 1 509 178
1 1.143675 1.253919 1.033471 0 135.0224 3.670499 6002113 13 1 34.82832 1.017982 6002113 13 1 511 65
1 1.109295 1.155893 1.053631 0 27.8919 2.659559 6002113 13 0 37.94496 2.025 6002113 13 1 512 374
1 1.225386 1.141194 1.230719 1 39.33242 1.371011 6002113 13 0 67.40156 5.600894 6002113 13 1 887 398
1 1.10316 1.145079 1.05266 0 219.5515 2.403056 6002113 13 1 38.21281 1.097292 6002113 13 1 609 85
1 0.0739324 0.01495082 0.2461688 0 640.9009 1.343663 6003113 13 1 16.9455 1.149739 6003113 13 1 613 359
1 1.123647 1.241142 1.010512 1 25.38699 1.097537 6003113 13 0 186.0461 1.222757 6003113 13 1 615 49
1 1.112575 1.233052 0.9981722 0 20.86013 2.049288 6001113 13 0 9.825093 3.045493 6001113 13 1 518 407
1 1.157728 1.196465 1.111764 1 25.5631 1.044694 6002113 13 1 38.9798 1.100343 6002113 13 1 793 151
1 1.199428 1.046014 1.251733 1 9.801199 1.150573 6002113 13 1 74.9953 1.123763 6002113 13 1 796 115
1 1.062846 1.139449 0.9784784 1 33.6404 1.141498 6002113 13 0 208.1451 1.660138 6002113 13 1 796 284
1 1.026751 0.7444853 1.219196 1 2.958956 1.040425 6001113 13 0 40.90145 1.965661 6001113 13 1 644 42
1 0.277155 0.4798076 0.1597663 0 24.61235 3.767418 6002113 13 1 48.79557 2.092423 6002113 13 1 823 188
1 1.227292 1.202911 1.205555 1 40.69054 2.308086 6002113 13 0 57.02646 3.122551 6002113 13 1 823 279
1 1.058012 1.115802 0.9930252 0 1302.347 1.215245 6003113 13 1 56.35934 1.413271 6003113 13 1 538 30
1 1.405111 1.934095 0.9833891 0 58.81357 1.069869 6002113 13 1 75.32429 3.171307 6002113 13 1 541 154
1 1.035838 1.098122 0.9666125 1 21.77096 1.105022 6002113 13 0 31.66248 1.047953 6002113 13 1 541 206
1 1.209625 1.112975 1.222657 1 50.75945 1.104292 6002113 13 0 34.95582 1.205576 6002113 13 1 541 265
1 1.142868 1.177299 1.103399 0 119.2295 1.837461 6002113 13 1 61.23034 1.067477 6002113 13 1 542 101
1 1.812285 2.096335 1.505211 0 472.2937 1.57634 6003113 13 1 78.64167 1.147921 6003113 13 1 543 73
1 1.179161 1.206147 1.144075 1 43.55812 1.171091 6002113 13 1 31.03223 1.052266 6002113 13 1 545 254
1 1.048997 1.136673 0.9559695 1 38.28996 1.247314 6002113 13 0 61.04158 2.036088 6002113 13 1 550 1
1 1.152501 1.258655 1.04415 0 1954.522 1.24552 6003113 13 0 44.93993 1.080162 6003113 13 1 551 122
1 1.063672 0.7860307 1.245813 0 188.6967 1.206208 6002113 13 1 24.77246 1.663525 6002113 13 1 924 184
1 0.01045493 0.001554879 0.05437054 1 35.9636 1.928144 6002113 13 0 67.63098 1.392779 6002113 13 1 930 279
1 1.137649 1.170432 1.099925 1 19.17936 1.142283 6002113 13 1 46.96523 1.865151 6002113 13 1 650 267
1 1.191782 1.185832 1.16486 1 30.64625 1.986983 6002113 13 1 33.60798 1.210217 6002113 13 1 652 140
1 1.46424 1.680344 1.235249 0 41.98075 1.278215 6002113 13 0 24.51437 9.300776 6002113 13 1 828 367
1 1.20651 1.16088 1.193521 1 32.38842 3.202501 6002113 13 0 74.97659 1.158889 6002113 13 1 836 77
1 1.048997 1.136673 0.9559695 0 58.57951 1.124629 6002113 13 0 118.256 8.987288 6002113 13 1 654 413
1 1.550791 1.753763 1.352368 1 49.88477 1.119647 6003113 13 0 575.1816 1.228611 6003113 13 1 659 240
1 1.183608 1.169262 1.159476 0 141.1058 1.728449 6002113 13 1 35.95504 1.218515 6002113 13 1 661 470
1 1.099696 0.9023142 1.195627 1 51.95251 1.016404 6002113 13 0 41.43015 1.527926 6002113 13 1 933 78
1 1.176288 1.010978 1.239274 1 51.44191 1.216742 6003113 13 0 945.7832 1.126035 6003113 13 1 936 207
1 1.179161 1.206147 1.144075 1 47.74374 1.263758 6002113 13 1 16.44179 1.72819 6002113 13 1 746 74
1 0.2539062 0.08544197 0.5475258 1 20.0582 2.014055 6002113 13 0 80.80318 1.057913 6002113 13 1 748 121
1 1.192805 1.083559 1.213989 0 1666.811 5.858195 6003113 13 1 65.0154 1.221542 6003113 13 1 282 86
1 1.062846 1.139449 0.9784784 1 42.15471 1.301377 6002113 13 0 42.6397 1.319714 6002113 13 1 283 247
1 1.112575 1.233052 0.9981722 0 7.979081 3.598997 6002113 13 1 28.85689 2.485824 6002113 13 1 3 464
1 1.033406 1.101364 0.958024 1 28.26008 1.145504 6002113 13 1 6.098697 1.06675 6002113 13 1 5 138
1 1.1849 1.214892 1.148506 1 51.97922 1.169947 6002113 13 0 166.1954 1.08021 6002113 13 1 7 72
1 1.058012 1.115802 0.9930252 1 61.29185 1.133371 6002113 13 0 98.13561 3.486795 6002113 13 1 424 467
1 0.9160994 0.6007248 1.171549 0 173.6443 30.45389 6002113 13 0 85.68435 1.81335 6002113 13 1 143 55
1 1.217313 1.182622 1.199648 0 45.81419 12.946 6002113 13 0 78.91048 1.808104 6002113 13 1 146 51
1 1.152971 1.190243 1.109341 0 82.43681 1.605801 6002113 13 1 32.67619 1.024961 6002113 13 1 146 141
1 1.217313 1.182622 1.199648 1 57.75238 2.145945 6002113 13 0 240.0156 1.357879 6002113 13 1 147 401
1 1.705086 2.017803 1.363962 1 8.724554 1.742241 6001113 13 0 35.70763 2.132422 6001113 13 1 150 328
1 1.152971 1.190243 1.109341 0 56.86578 5.237823 6002113 13 1 20.16323 2.828817 6002113 13 1 13 326
1 0.007146383 0.001067442 0.03981817 1 43.79702 1.363686 6002113 13 1 40.25961 1.669931 6002113 13 1 285 494
1 1.199401 1.201198 1.170168 1 36.58195 1.112584 6003113 13 0 1513.612 1.084943 6003113 13 1 286 335
1 1.035838 1.098122 0.9666125 0 47.57526 1.240453 6002113 13 1 26.26161 3.326183 6002113 13 1 292 132
1 1.167323 1.186361 1.134647 0 11.97039 1.191105 6001113 13 1 32.64499 1.156211 6001113 13 1 155 200
1 1.026751 0.7444853 1.219196 1 53.24659 1.913899 6002113 13 0 24.74634 1.033215 6002113 13 1 430 122
1 1.083255 0.8452013 1.220206 0 24.88099 2.665782 6002113 13 0 67.28493 2.686054 6002113 13 1 431 456
1 0.9160994 0.6007248 1.171549 0 27.27097 1.576491 6002113 13 1 59.56759 1.018658 6002113 13 1 432 242
1 1.035838 1.098122 0.9666125 1 54.92398 1.951157 6002113 13 1 23.32919 1.422822 6002113 13 1 434 131
1 1.282494 1.437562 1.137462 1 33.16627 1.55765 6002113 13 1 21.168 2.98239 6002113 13 1 435 266
1 1.062846 1.139449 0.9784784 1 28.74329 1.525517 6001113 13 1 1.195733 1.029022 6001113 13 1 440 465
1 0.02402195 0.003812468 0.1069883 1 34.51221 3.390847 6002113 13 1 99.65565 1.22952 6002113 13 1 441 187
1 1.143675 1.253919 1.033471 0 37.22147 1.174167 6002113 13 1 26.84601 1.025813 6002113 13 1 296 152
1 1.143675 1.253919 1.033471 0 37.22147 1.174167 6002113 13 1 26.84601 1.025813 6002113 13 1 296 152
1 1.036252 1.095703 0.9699052 0 3.268764 3.831749 6002113 13 1 24.69044 1.214419 6002113 13 1 301 232
1 0.2304392 0.07526134 0.508429 0 45.83061 1.73176 6002113 13 1 51.39737 1.098356 6002113 13 1 19 492
1 1.062846 1.139449 0.9784784 0 28.34853 3.021494 6002113 13 1 26.65793 1.103794 6002113 13 1 20 282
1 0.8332192 0.5015442 1.138243 0 8.753942 1.192734 6001113 13 1 27.6942 1.533617 6001113 13 1 20 335
1 1.017868 0.7662661 1.176325 1 83.29993 1.043599 6002113 13 1 10.53529 1.63675 6002113 13 1 23 30
1 0.5762256 0.2893137 0.9113798 1 16.48562 2.384579 6003113 13 0 579.8531 1.474061 6003113 13 1 444 145
1 1.176288 1.010978 1.239274 1 38.40335 1.173487 6002113 13 0 157.9952 1.535607 6002113 13 1 444 242
1 1.034916 1.100018 0.9626585 0 413.0469 2.974385 6003113 13 1 52.30592 1.220713 6003113 13 1 161 278
1 0.1214868 0.03012302 0.3349064 0 189.7952 1.252941 6002113 13 1 37.38775 1.016208 6002113 13 1 165 369
1 1.167323 1.186361 1.134647 1 42.78347 2.435899 6002113 13 1 80.44396 1.288091 6002113 13 1 167 123
