1 1.49586 1.706142 1.278772 1 26.25089 1.010903 6002113 13 0 134.9221 1.271218 6002113 13 1 518 496
1 0.5380682 0.2637946 0.8676014 1 21.75036 1.282727 6002113 13 0 94.06201 3.342662 6002113 13 1 4 83
1 1.036252 1.095703 0.9699052 1 50.46524 1.078405 6002113 13 0 46.291 1.059935 6002113 13 1 4 235
1 1.190567 1.223018 1.152597 0 53.72418 1.290348 6002113 13 0 42.97781 3.728236 6002113 13 1 799 118
1 1.099696 0.9023142 1.195627 0 291.3946 1.339877 6002113 13 1 45.61202 1.647208 6002113 13 1 799 402
1 1.1849 1.214892 1.148506 0 4.566173 1.280356 6001113 13 0 42.6587 1.819506 6001113 13 1 809 68
1 1.048836 1.548763 0.7254791 0 14.41148 1.165491 6001113 13 1 30.69454 1.038417 6001113 13 1 74 498
1 0.6159488 0.3166172 0.9557644 1 68.96786 2.274187 6001113 13 0 13.297 1.768642 6001113 13 1 78 419
1 1.56971 1.920896 1.202337 0 52.4281 1.106263 6001113 13 0 36.65546 2.499435 6001113 13 1 12 34
1 1.126364 0.9389989 1.211138 1 0.8406696 1.077415 6002113 13 1 38.65116 1.170743 6002113 13 1 333 499
1 1.206555 1.21522 1.17542 0 53.1413 1.411255 6002113 13 1 57.5577 1.121094 6002113 13 1 334 454
1 1.1849 1.214892 1.148506 1 54.62043 1.027239 6002113 13 0 328.7298 9.246678 6002113 13 1 338 444
1 1.174602 1.053046 1.204645 0 62.99385 1.066583 6002113 13 0 7.020778 1.386826 6002113 13 1 341 199
1 1.15499 1.021547 1.194574 1 86.54308 1.188529 6002113 13 0 4.335132 1.671715 6002113 13 1 129 14
1 1.213336 1.227995 1.180605 0 22.54039 1.227136 6002113 13 1 112.3737 2.016456 6002113 13 1 130 457
1 1.49586 1.706142 1.278772 0 65.14616 1.49064 6002113 13 1 46.88526 2.120466 6002113 13 1 190 218
1 1.035838 1.098122 0.9666125 0 62.24022 2.896894 6002113 13 0 27.32177 3.806932 6002113 13 1 190 237
1 1.227292 1.202911 1.205555 0 78.25208 1.057787 6002113 13 1 14.445 1.05408 6002113 13 1 483 203
1 1.126364 0.9389989 1.211138 0 19.95735 1.809692 6001113 13 0 11.03582 5.623919 6001113 13 1 554 410
1 1.46424 1.680344 1.235249 1 32.1857 1.970848 6001113 13 0 0.8596504 1.628794 6001113 13 1 666 474
1 0.3459568 0.1344595 0.6687537 0 4.13321 3.284015 6002113 13 0 26.58263 3.604666 6002113 13 1 939 7
1 0.4442115 0.1872741 0.8068974 1 53.9329 1.070846 6002113 13 0 49.0474 1.145044 6002113 13 1 939 129
1 1.15499 1.021547 1.194574 0 72.48306 1.566445 6002113 13 0 30.89457 1.15076 6002113 13 1 942 30
1 1.026751 0.7444853 1.219196 0 0.677855 1.417367 6001113 13 1 24.33745 1.412617 6001113 13 1 943 2
1 1.035838 1.098122 0.9666125 0 570.7366 2.850912 6003113 13 0 28.25665 2.174879 6003113 13 1 292 62
1 0.7934737 0.4881172 1.065644 1 69.22124 1.17562 6003113 13 0 83.01245 1.093381 6003113 13 1 357 77
1 1.56971 1.920896 1.202337 1 18.16809 1.126969 6001113 13 0 6.37309 2.103587 6001113 13 1 359 124
1 1.191782 1.185832 1.16486 0 48.30035 3.891181 6002113 13 0 3.595596 2.25512 6002113 13 1 360 85
1 1.225386 1.141194 1.230719 0 188.939 1.467884 6002113 13 1 71.32397 1.046084 6002113 13 1 361 347
1 0.02782141 0.00448657 0.1208789 0 5.027269 1.992444 6002113 13 0 24.26808 1.921427 6002113 13 1 431 265
1 0.8383967 1.273376 0.5409222 1 23.94994 1.009607 6001113 13 0 15.12341 1.789167 6001113 13 1 434 386
1 0.01649731 0.002495913 0.08064243 0 1.566975 1.047457 6001113 13 1 13.53924 1.177926 6001113 13 1 438 105
1 1.053247 1.09991 0.9980844 0 2.107692 3.834778 6001113 13 1 57.66494 2.241406 6001113 13 1 86 493
1 1.182032 1.113501 1.180358 1 15.62153 2.217268 6002113 13 0 144.4439 6.503958 6002113 13 1 233 127
1 0.04601344 0.008200601 0.1755223 1 19.6801 2.096284 6002113 13 0 23.28376 1.138924 6002113 13 1 239 411
1 1.055133 1.104334 0.9975671 1 52.92307 1.471442 6001113 13 0 19.49921 1.757903 6001113 13 1 240 314
1 0.9574994 0.6410515 1.205563 1 23.53365 1.020088 6001113 13 0 0.6899693 1.659014 6001113 13 1 154 116
1 0.789787 0.4650854 1.097808 1 65.42777 1.301932 6002113 13 0 42.15853 1.129659 6002113 13 1 250 76
1 1.149237 1.698801 0.7921503 0 4.873512 3.001101 6001113 13 0 19.68852 2.121186 6001113 13 1 252 222
1 0.1991887 0.05938704 0.4717879 1 29.02972 1.238585 6002113 13 0 278.8338 1.762095 6002113 13 1 325 489
1 1.057513 1.112379 0.9951048 1 3.52257 2.442529 6001113 13 1 41.00413 1.176776 6001113 13 1 325 495
1 0.02605346 0.004275305 0.110374 0 270.2162 1.136915 6002113 13 0 43.38106 1.700248 6002113 13 1 326 285
1 1.192805 1.083559 1.213989 0 411.0522 2.278407 6002113 13 1 25.05534 2.514736 6002113 13 1 391 206
1 1.114777 0.884905 1.24054 1 79.40549 1.266398 6003113 13 0 1448.797 1.157674 6003113 13 1 43 151
1 1.182032 1.113501 1.180358 0 8.131068 1.231943 6001113 13 1 49.43237 2.05356 6001113 13 1 46 195
1 1.054444 1.13827 0.9640688 0 2.369785 3.137243 6001113 13 1 66.04072 1.181437 6001113 13 1 46 446
1 0.4094664 0.1680855 0.7591912 1 25.85004 1.127101 6003113 13 0 2240.154 7.642299 6003113 13 1 59 255
1 1.190567 1.223018 1.152597 0 83.27029 1.084598 6002113 13 0 3.499148 1.8023 6002113 13 1 60 304
1 0.789787 0.4650854 1.097808 0 65.74609 7.222798 6002113 13 1 32.64746 2.466473 6002113 13 1 459 353
1 0.4269872 0.7264097 0.2541938 1 69.23736 1.043036 6002113 13 0 85.11396 1.085683 6002113 13 1 115 436
1 0.4544891 0.2018274 0.792879 1 37.13801 1.503368 6001113 13 0 21.1826 1.478003 6001113 13 1 115 499
1 1.152501 1.258655 1.04415 1 1.094667 2.692287 6001113 13 0 29.24111 3.57331 6001113 13 1 122 462
1 1.152501 1.258655 1.04415 0 103.6684 1.342718 6002113 13 1 52.32647 1.498888 6002113 13 1 23 11
1 1.157728 1.196465 1.111764 0 76.86216 1.935713 6002113 13 1 102.9883 1.230372 6002113 13 1 136 412
1 0.5675248 0.271593 0.9330701 0 10.40725 12.6767 6001113 13 0 15.14989 2.300065 6001113 13 1 816 491
1 1.035838 1.098122 0.9666125 0 182.9989 2.239999 6002113 13 0 53.06981 1.274851 6002113 13 1 817 284
1 0.8339615 0.5241884 1.101491 0 84.99578 1.13808 6002113 13 0 34.27719 1.277903 6002113 13 1 542 323
1 1.112575 1.233052 0.9981722 0 24.02523 1.089122 6001113 13 1 57.83778 1.581582 6001113 13 1 149 317
1 1.157728 1.196465 1.111764 0 10.91402 1.937778 6001113 13 1 17.9519 1.256413 6001113 13 1 214 434
1 1.048997 1.136673 0.9559695 0 372.1115 1.201468 6002113 13 1 20.99705 1.184751 6002113 13 1 215 212
1 1.217313 1.182622 1.199648 0 2.108993 5.32281 6001113 13 0 23.4085 3.372183 6001113 13 1 215 352
1 1.048997 1.136673 0.9559695 0 100.7136 2.089285 6002113 13 0 87.51488 1.292925 6002113 13 1 222 453
1 1.055133 1.104334 0.9975671 0 5.529404 6.496741 6001113 13 0 22.86658 2.398519 6001113 13 1 768 380
1 1.199401 1.201198 1.170168 0 74.09949 1.155226 6002113 13 0 102.6355 1.413679 6002113 13 1 502 212
1 0.4094664 0.1680855 0.7591912 1 60.43607 1.025982 6001113 13 0 23.67593 1.2268 6001113 13 1 634 461
1 1.298986 1.452146 1.156092 0 38.55323 2.215992 6001113 13 0 13.48859 2.155759 6001113 13 1 636 484
1 1.062846 1.139449 0.9784784 0 46.34479 1.227751 6002113 13 1 46.27479 1.464496 6002113 13 1 648 177
1 1.031225 1.102163 0.9526981 0 40.03517 1.283171 6002113 13 0 65.20604 1.244444 6002113 13 1 920 486
1 1.050919 0.8056091 1.198818 0 193.2922 1.135201 6002113 13 0 60.32124 2.679829 6002113 13 1 778 262
1 1.566869 2.206142 1.088645 0 285.1825 3.937869 6002113 13 1 25.44024 2.854518 6002113 13 1 783 39
1 0.9574994 0.6410515 1.205563 0 55.80714 3.309788 6002113 13 1 90.43417 1.047964 6002113 13 1 784 269
1 1.142868 1.177299 1.103399 1 58.42207 1.621129 6002113 13 0 1.026993 3.055906 6002113 13 1 505 395
1 1.147959 1.183877 1.106546 1 40.23262 1.809661 6002113 13 0 114.1064 1.494223 6002113 13 1 927 186
1 1.145385 0.9245803 1.259718 0 23.37044 1.066944 6001113 13 0 15.3201 1.977224 6001113 13 1 927 394
1 0.3355998 0.123277 0.6770892 1 61.73334 2.21329 6002113 13 0 184.8078 2.051597 6002113 13 1 1 98
1 1.034916 1.100018 0.9626585 0 34.9216 1.319018 6002113 13 0 121.7161 2.369926 6002113 13 1 2 281
1 1.179161 1.206147 1.144075 0 1.410181 3.693694 6001113 13 1 57.47062 2.246626 6001113 13 1 512 340
1 1.123647 1.241142 1.010512 1 66.7981 1.862962 6002113 13 0 33.0997 3.485317 6002113 13 1 516 312
1 0.6571895 0.3457574 1.000641 0 111.5 2.553151 6002113 13 1 50.58865 1.067281 6002113 13 1 744 4
1 1.298986 1.452146 1.156092 1 40.0927 1.078527 6003113 13 0 279.4607 1.154323 6003113 13 1 620 154
1 1.109295 1.155893 1.053631 0 31.01598 1.878106 6002113 13 0 86.01927 2.04318 6002113 13 1 628 329
1 0.7055845 0.3974356 1.016366 0 11.55095 16.69473 6001113 13 1 23.7206 2.313705 6001113 13 1 747 263
1 1.190567 1.223018 1.152597 0 10.87185 2.031097 6002113 13 0 92.59311 2.44799 6002113 13 1 749 406
1 0.8383967 1.273376 0.5409222 1 95.83591 2.526433 6002113 13 0 43.0428 1.247333 6002113 13 1 751 114
1 1.157728 1.196465 1.111764 0 7.490388 1.088721 6002113 13 1 36.1063 1.165828 6002113 13 1 758 82
1 1.209625 1.112975 1.222657 1 15.28151 1.980376 6002113 13 0 31.53856 1.823644 6002113 13 1 529 442
1 1.26516 1.422013 1.117256 0 41.15229 1.250724 6003113 13 0 553.0204 3.824724 6003113 13 1 531 90
1 1.055133 1.104334 0.9975671 1 38.92072 1.042277 6001113 13 0 19.97642 1.723384 6001113 13 1 538 281
1 0.5279956 0.2465533 0.8852676 0 39.37763 2.385166 6002113 13 1 82.88995 1.168111 6002113 13 1 540 3
1 0.4269872 0.7264097 0.2541938 0 74.43842 1.328616 6002113 13 0 60.15858 1.048926 6002113 13 1 909 289
1 1.145385 0.9245803 1.259718 0 49.10792 1.968956 6002113 13 1 94.32972 2.084699 6002113 13 1 918 36
1 1.199401 1.201198 1.170168 0 1372.589 1.062164 6003113 13 1 26.80791 1.184028 6003113 13 1 763 226
1 0.5380682 0.2637946 0.8676014 0 67.26212 1.495647 6002113 13 0 37.84381 1.513434 6002113 13 1 601 218
1 0.9219857 1.364073 0.6240806 0 434.9116 3.618748 6002113 13 0 109.0273 1.844742 6002113 13 1 612 106
1 1.055133 1.104334 0.9975671 0 23.38705 2.627798 6002113 13 0 63.15836 5.839199 6002113 13 1 993 308
1 0.02605346 0.004275305 0.110374 1 13.45177 1.050717 6002113 13 1 116.9651 1.075021 6002113 13 1 1000 141
1 0.05673886 0.0108806 0.1995393 0 4.286718 6.861255 6001113 13 1 15.10744 2.199756 6001113 13 1 723 144
1 1.167323 1.186361 1.134647 0 243.8417 2.868716 6002113 13 1 56.1683 1.308656 6002113 13 1 723 261
1 1.106427 1.150534 1.053346 1 99.10083 1.063645 6002113 13 0 514.4869 1.093081 6002113 13 1 887 93
1 1.0427 1.134261 0.9473373 0 9.039946 6.262798 6001113 13 1 21.06289 1.715477 6001113 13 1 898 425
1 1.183608 1.169262 1.159476 0 12.86343 1.922327 6002113 13 1 70.89789 1.457602 6002113 13 1 613 246
1 1.192805 1.083559 1.213989 0 11.97201 1.454816 6001113 13 1 21.0422 1.324411 6001113 13 1 732 30
1 1.151918 0.9752633 1.225726 0 25.81746 1.613754 6001113 13 0 2.536356 1.172454 6001113 13 1 655 129
1 1.033406 1.101364 0.958024 1 21.15833 2.718189 6002113 13 0 232.3809 1.258841 6002113 13 1 661 23
1 1.1849 1.214892 1.148506 1 34.00699 1.19809 6002113 13 0 138.4111 1.315381 6002113 13 1 543 46
1 1.034916 1.100018 0.9626585 0 558.7511 1.20307 6003113 13 0 28.04975 1.489945 6003113 13 1 544 178
1 0.2208223 0.06788179 0.510611 0 52.43583 1.129545 6002113 13 0 5.578087 1.463371 6002113 13 1 546 446
1 0.8332192 0.5015442 1.138243 0 28.67719 1.132381 6002113 13 0 108.1688 2.309205 6002113 13 1 451 202
1 1.033406 1.101364 0.958024 0 19.84616 2.207392 6002113 13 1 51.41378 1.381733 6002113 13 1 452 198
1 1.174602 1.053046 1.204645 0 43.63866 1.511872 6001113 13 1 16.99135 1.188435 6001113 13 1 185 215
1 0.9574994 0.6410515 1.205563 1 54.25143 1.052942 6001113 13 0 52.58646 2.488169 6001113 13 1 185 279
1 0.1363718 0.034862 0.3662451 0 180.1318 1.09335 6002113 13 0 33.85519 1.306869 6002113 13 1 314 249
1 0.05673886 0.0108806 0.1995393 0 3.010601 1.877231 6001113 13 0 30.02558 3.744756 6001113 13 1 316 31
1 1.142868 1.177299 1.103399 0 24.18513 1.207165 6002113 13 0 84.23749 1.993852 6002113 13 1 320 55
1 1.575265 1.775696 1.383444 1 122.6086 1.155283 6002113 13 0 32.50424 1.968566 6002113 13 1 322 309
1 0.01417853 0.002128869 0.07081318 0 41.07922 1.386779 6002113 13 1 35.80965 1.160061 6002113 13 1 690 158
1 1.058012 1.115802 0.9930252 0 503.6242 1.606961 6002113 13 0 77.00628 1.852607 6002113 13 1 580 327
1 1.10316 1.145079 1.05266 1 18.42718 1.260221 6001113 13 0 29.82351 1.276569 6001113 13 1 583 438
1 1.057513 1.112379 0.9951048 0 49.66504 2.44461 6002113 13 0 86.13787 1.614643 6002113 13 1 588 324
1 1.057513 1.112379 0.9951048 0 49.66504 2.44461 6002113 13 0 86.13787 1.614643 6002113 13 1 588 324
1 1.036252 1.095703 0.9699052 1 91.02598 1.493804 6003113 13 0 1717.007 1.102468 6003113 13 1 592 11
1 1.157728 1.196465 1.111764 0 3.26732 1.704183 6001113 13 1 47.77037 1.230803 6001113 13 1 975 102
1 1.56971 1.920896 1.202337 0 1155.723 4.017703 6003113 13 1 52.57692 1.089982 6003113 13 1 978 86
1 1.199401 1.201198 1.170168 0 20.5493 2.335611 6001113 13 0 1.477648 9.441952 6001113 13 1 979 66
1 1.036252 1.095703 0.9699052 0 84.12086 1.154293 6003113 13 0 425.8495 3.078613 6003113 13 1 983 208
1 1.15499 1.021547 1.194574 0 18.79655 1.647157 6001113 13 1 36.15529 2.031701 6001113 13 1 876 468
1 1.062846 1.139449 0.9784784 0 1.278016 2.796881 6002113 13 1 76.79718 1.105455 6002113 13 1 879 225
1 1.063672 0.7860307 1.245813 0 2.779302 1.62704 6001113 13 0 47.02085 1.842756 6001113 13 1 879 488
1 1.56971 1.920896 1.202337 0 2.007752 1.557463 6001113 13 1 50.44564 1.752696 6001113 13 1 596 444
1 1.134034 1.248093 1.022271 1 94.82777 1.313078 6002113 13 0 108.0576 1.29758 6002113 13 1 597 265
1 1.645109 2.1548 1.183545 0 9.861252 1.710077 6001113 13 0 19.42789 1.323122 6001113 13 1 989 24
1 1.20651 1.16088 1.193521 0 414.9399 1.074132 6002113 13 0 64.14364 1.79052 6002113 13 1 990 271
1 1.866054 2.331325 1.3979 1 59.06986 1.85631 6003113 13 0 447.442 1.227277 6003113 13 1 990 403
1 1.199401 1.201198 1.170168 0 9.025988 1.237481 6002113 13 0 32.41368 2.000744 6002113 13 1 162 318
1 0.8748782 0.5617447 1.136825 1 67.32107 1.108217 6002113 13 0 24.92451 1.061016 6002113 13 1 166 91
1 1.298986 1.452146 1.156092 1 30.88965 2.211044 6003113 13 0 2802.1 6.243115 6003113 13 1 296 336
1 1.036252 1.095703 0.9699052 1 1.626389 3.180547 6002113 13 0 41.47905 1.142211 6002113 13 1 298 19
1 0.6679293 1.172073 0.374902 0 7.867847 1.263568 6002113 13 0 44.27736 2.927033 6002113 13 1 367 327
1 1.142868 1.177299 1.103399 0 13.04549 3.456833 6001113 13 0 44.00721 1.573023 6001113 13 1 40 448
1 0.2792014 0.09677438 0.588659 0 68.62868 1.939283 6002113 13 0 39.18925 4.120363 6002113 13 1 374 203
1 1.036252 1.095703 0.9699052 0 6.796698 4.643704 6001113 13 0 17.14095 1.077538 6001113 13 1 374 364
1 1.217313 1.182622 1.199648 0 109.9405 1.376062 6002113 13 0 24.03356 2.437911 6002113 13 1 377 220
1 1.173319 1.196671 1.139395 0 28.22188 2.424089 6001113 13 0 7.066745 1.112012 6001113 13 1 381 88
1 1.033406 1.101364 0.958024 1 32.55462 2.581395 6002113 13 0 165.0651 1.340951 6002113 13 1 98 229
1 0.5279956 0.2465533 0.8852676 0 8.766527 1.718031 6002113 13 1 46.64743 1.497792 6002113 13 1 100 193
1 1.550791 1.753763 1.352368 1 71.35156 1.973235 6002113 13 0 161.7642 1.40391 6002113 13 1 100 202
1 1.017868 0.7662661 1.176325 0 5.23544 1.600342 6001113 13 1 45.07871 1.125495 6001113 13 1 485 409
1 0.2443026 0.07741789 0.5517042 0 300.631 3.677829 6002113 13 1 55.23645 1.24064 6002113 13 1 62 24
1 1.206555 1.21522 1.17542 0 72.62699 1.150243 6002113 13 0 34.29768 2.261958 6002113 13 1 262 15
1 1.058012 1.115802 0.9930252 0 28.00613 2.610522 6002113 13 0 55.54724 2.50673 6002113 13 1 266 237
1 1.46424 1.680344 1.235249 1 60.16368 1.725236 6002113 13 0 127.7985 1.929926 6002113 13 1 268 384
1 0.3064061 0.1093534 0.631845 0 67.93808 1.151171 6003113 13 0 391.1473 7.749974 6003113 13 1 272 122
1 1.174602 1.053046 1.204645 1 50.93143 1.013148 6002113 13 0 802.6016 1.100093 6002113 13 1 488 461
1 1.157728 1.196465 1.111764 1 67.38629 1.03448 6003113 13 0 376.1743 2.040985 6003113 13 1 945 246
1 1.526225 2.04983 1.080738 1 53.87286 2.035104 6002113 13 0 8.830145 1.985341 6002113 13 1 946 242
1 1.033406 1.101364 0.958024 1 45.15013 1.979827 6002113 13 0 57.89059 1.662649 6002113 13 1 834 100
1 0.5380682 0.2637946 0.8676014 1 51.12119 1.434348 6002113 13 0 9.739242 1.795051 6002113 13 1 837 338
1 1.109295 1.155893 1.053631 0 94.79823 1.186694 6002113 13 1 45.58034 1.291218 6002113 13 1 840 88
1 1.143675 1.253919 1.033471 0 160.3183 1.250053 6002113 13 1 62.13961 1.104651 6002113 13 1 840 245
1 1.314649 1.46568 1.173482 0 2.236832 2.684579 6001113 13 0 23.83113 2.452208 6001113 13 1 845 237
1 1.1849 1.214892 1.148506 1 25.19132 1.123696 6002113 13 1 100.4179 1.176528 6002113 13 1 950 377
1 1.095596 1.133769 1.050051 1 67.37601 1.047135 6002113 13 0 127.9338 1.673274 6002113 13 1 955 218
1 1.143675 1.253919 1.033471 0 44.06751 1.269162 6001113 13 0 13.89989 3.675761 6001113 13 1 569 482
1 1.099519 1.139476 1.051563 0 52.39297 1.243147 6002113 13 1 69.27354 1.288835 6002113 13 1 576 10
1 1.209625 1.112975 1.222657 0 5.799155 1.262568 6001113 13 1 22.32678 2.815343 6001113 13 1 959 420
1 1.034916 1.100018 0.9626585 1 37.87771 1.066161 6002113 13 0 73.85254 1.096024 6002113 13 1 851 396
1 1.566869 2.206142 1.088645 1 22.83824 1.010026 6001113 13 0 2.327354 4.73294 6001113 13 1 854 16
1 0.9160994 0.6007248 1.171549 0 125.2678 1.338601 6002113 13 0 51.13665 1.120854 6002113 13 1 863 425
1 1.1849 1.214892 1.148506 1 9.22212 1.131729 6001113 13 0 31.54899 2.212122 6001113 13 1 578 86
1 0.9138955 0.6245104 1.1333 0 2.524119 1.299842 6001113 13 1 28.45305 1.227039 6001113 13 1 970 42
1 1.56971 1.920896 1.202337 0 49.80921 2.230443 6001113 13 1 36.45036 1.68216 6001113 13 1 971 52
