1 1.048997 1.136673 0.9559695 0 26.38639 1.537967 1000022 13 1 37.06849 1.32811 1000022 13 1 162 15
1 1.866054 2.331325 1.3979 1 11.51805 1.458429 1000022 11 1 53.56128 1.02271 1000022 13 1 162 97
1 1.761918 2.058838 1.43754 0 58.12514 1.081411 1000022 11 1 53.26918 1.413339 1000022 13 1 162 138
1 0.9160994 0.6007248 1.171549 1 0.03933534 1.308785 1000022 13 1 96.63423 1.154068 1000022 13 1 162 227
1 1.217313 1.182622 1.199648 1 54.07585 1.193503 1000022 13 1 1.515392 1.151027 1000022 11 1 162 229
1 1.114777 0.884905 1.24054 1 3.789366 1.567823 1000022 11 1 32.16226 2.141182 1000022 13 1 162 399
1 1.063672 0.7860307 1.245813 1 61.48983 1.15361 1000022 11 1 29.81048 1.074979 1000022 13 1 164 469
1 0.01417853 0.002128869 0.07081318 1 132.1856 1.771891 1000022 13 1 45.1879 1.280143 1000022 13 1 165 73
1 1.152501 1.258655 1.04415 0 169.5656 1.112222 1000022 11 1 32.26208 1.181088 1000022 13 1 165 154
1 0.009710893 0.001441682 0.05238557 1 30.0475 1.058157 1000022 11 1 83.23646 1.325501 1000022 13 1 169 19
1 1.176288 1.010978 1.239274 1 62.41023 2.703699 1000022 13 0 5.317334 3.102963 1000022 11 1 169 83
1 1.017868 0.7662661 1.176325 1 82.78808 1.050066 1000022 11 1 131.6656 1.875835 1000022 13 1 169 133
1 0.5762256 0.2893137 0.9113798 1 85.15542 1.223449 1000022 13 1 24.84226 1.176844 1000022 13 1 169 326
1 0.01045493 0.001554879 0.05437054 1 189.4781 1.240046 1000022 11 1 100.8411 1.214506 1000022 13 1 169 359
1 0.4903168 0.2233237 0.8385035 1 136.1591 1.388995 1000022 13 1 72.67919 1.03587 1000022 11 1 169 403
1 0.277155 0.4798076 0.1597663 1 52.35588 1.766859 1000022 13 0 56.81757 1.200519 1000022 11 1 169 404
1 1.151918 0.9752633 1.225726 1 34.58482 1.457038 1000022 11 1 42.11941 1.091701 1000022 13 1 169 438
1 0.5675248 0.271593 0.9330701 1 35.40053 1.199987 1000022 13 1 13.33425 1.208662 1000022 11 1 170 53
1 0.6342273 1.05356 0.3835326 1 64.79416 1.262486 1000022 13 1 4.139715 2.278579 1000022 11 1 170 323
1 1.217313 1.182622 1.199648 1 22.69899 1.041873 1000022 13 0 34.88573 2.106426 1000022 11 1 170 331
1 0.5762256 0.2893137 0.9113798 1 83.65883 1.08817 1000022 13 1 94.44592 1.078638 1000022 11 1 170 428
1 1.106427 1.150534 1.053346 1 63.70344 2.291622 1000022 11 1 34.55771 1.147992 1000022 13 1 171 118
1 0.1214868 0.03012302 0.3349064 1 72.6926 1.171643 1000022 11 1 8.397105 1.00991 1000022 13 1 171 129
1 1.191782 1.185832 1.16486 1 27.32604 1.073173 1000022 13 1 46.4113 1.920344 1000022 11 1 171 132
1 1.199428 1.046014 1.251733 1 51.76499 1.04312 1000022 11 1 42.50381 1.150616 1000022 13 1 171 184
1 1.031225 1.102163 0.9526981 1 15.62157 1.444205 1000022 11 1 35.25105 1.074676 1000022 13 1 171 273
1 1.191782 1.185832 1.16486 1 72.52037 1.624101 1000022 13 1 14.0685 1.496957 1000022 13 1 171 313
1 1.054444 1.13827 0.9640688 1 52.12303 1.312784 1000022 13 0 27.47324 1.050623 1000022 11 1 171 392
1 0.1014541 0.02299071 0.3029553 1 83.71944 1.898167 1000022 11 1 15.76457 1.403352 1000022 13 1 171 411
1 1.46424 1.680344 1.235249 1 50.0804 1.036326 1000022 13 1 15.55258 1.139984 1000022 11 1 171 457
1 1.194803 1.137859 1.187115 1 62.05592 1.043048 1000022 11 1 86.67367 1.220446 1000022 13 1 172 78
1 1.147959 1.183877 1.106546 1 69.02888 1.764618 1000022 13 0 38.76807 2.777437 1000022 11 1 172 257
1 0.6159488 0.3166172 0.9557644 1 69.49056 1.045702 1000022 11 1 61.22351 1.278833 1000022 13 1 175 100
1 0.4544891 0.2018274 0.792879 1 103.153 1.484018 1000022 13 1 52.29158 1.421363 1000022 13 1 175 147
1 1.217313 1.182622 1.199648 1 32.18008 2.316623 1000022 11 1 30.032 1.07435 1000022 13 1 175 189
1 1.017868 0.7662661 1.176325 1 5.950315 1.099781 1000022 11 1 70.91232 1.169239 1000022 13 1 175 265
1 1.167323 1.186361 1.134647 1 23.28502 1.215341 1000022 13 1 18.99589 1.291076 1000022 13 1 175 270
1 0.3355998 0.123277 0.6770892 1 21.95019 1.179069 1000022 11 1 72.8335 1.771893 1000022 13 1 175 316
1 1.812285 2.096335 1.505211 1 13.86844 1.067221 1000022 11 1 154.2062 1.13962 1000022 13 1 175 377
1 1.812285 2.096335 1.505211 1 13.88553 1.119071 1000022 11 1 37.9529 1.122361 1000022 13 1 175 378
1 1.099519 1.139476 1.051563 1 126.641 1.122575 1000022 13 0 39.65966 2.386025 1000022 13 1 175 425
1 1.083255 0.8452013 1.220206 1 28.20363 1.278589 1000022 13 1 52.8113 1.43361 1000022 13 1 176 180
1 1.142868 1.177299 1.103399 0 83.71352 2.70386 1000022 13 1 62.51062 1.039296 1000022 13 1 176 201
1 1.152501 1.258655 1.04415 0 91.49646 11.32966 1000022 13 1 25.96642 1.244795 1000022 13 1 176 364
1 1.157728 1.196465 1.111764 1 91.35748 1.410787 1000022 11 1 23.72824 1.24907 1000022 13 1 176 422
1 1.033406 1.101364 0.958024 0 196.9855 1.481921 1000022 13 1 60.90704 1.150138 1000022 13 1 176 434
1 1.017868 0.7662661 1.176325 1 14.27723 1.111291 1000022 13 1 27.83946 1.937962 1000022 13 1 178 449
1 1.048997 1.136673 0.9559695 1 28.75929 1.144366 1000022 13 0 228.861 1.861156 1000022 13 1 181 59
1 0.4205023 0.1819855 0.7484848 1 39.58485 1.049398 1000022 11 1 32.79507 1.03508 1000022 13 1 181 119
1 0.789787 0.4650854 1.097808 1 1.716119 1.462195 1000022 11 0 31.7844 1.11816 1000022 13 1 181 197
1 1.213336 1.227995 1.180605 1 86.00025 1.042927 1000022 13 1 19.85248 1.028188 1000022 11 1 181 253
1 1.109295 1.155893 1.053631 1 45.28272 1.41644 1000022 11 1 59.77081 1.036974 1000022 13 1 181 297
1 1.49586 1.706142 1.278772 0 41.06367 3.163042 1000022 11 1 51.85685 1.030722 1000022 13 1 181 373
1 0.9517445 0.6636014 1.162862 1 4.760066 1.342517 1000022 11 1 18.37197 1.432588 1000022 13 1 182 84
1 1.56971 1.920896 1.202337 1 36.58018 1.875081 1000022 13 1 3.390356 1.790694 1000022 11 1 182 90
1 1.109295 1.155893 1.053631 1 18.1755 1.117083 1000022 13 1 17.98909 1.0697 1000022 13 1 182 298
1 1.143675 1.253919 1.033471 1 8.346108 1.335831 1000022 11 1 46.89534 1.369229 1000022 13 1 182 491
1 1.152501 1.258655 1.04415 0 55.99781 1.497413 1000022 11 1 28.10848 1.823135 1000022 13 1 186 284
1 1.1849 1.214892 1.148506 1 32.58374 2.163549 1000022 13 0 22.28077 2.469645 1000022 11 1 188 287
1 0.7055845 0.3974356 1.016366 0 81.38271 1.10132 1000022 13 1 66.55898 1.083498 1000022 13 1 188 323
1 1.56971 1.920896 1.202337 1 54.96502 1.297247 1000022 13 1 26.80803 7.311386 1000022 11 1 188 418
1 1.705086 2.017803 1.363962 0 34.04209 1.58455 1000022 11 1 38.5859 1.207884 1000022 13 1 190 154
1 1.314649 1.46568 1.173482 1 31.20039 1.073324 1000022 13 0 84.10075 2.946984 1000022 11 1 190 312
1 0.9894024 0.7036328 1.19152 0 35.57375 1.077786 1000022 11 0 61.06005 1.147525 1000022 13 1 190 418
1 0.4094664 0.1680855 0.7591912 1 39.35289 1.01542 1000022 13 0 121.7396 1.027554 1000022 11 1 191 54
1 1.035838 1.098122 0.9666125 0 14.51582 3.786976 1000022 13 1 66.67829 1.022699 1000022 13 1 191 167
1 0.2539062 0.08544197 0.5475258 1 29.5332 1.319124 1000022 13 1 45.30479 1.139065 1000022 11 1 191 195
1 1.050919 0.8056091 1.198818 1 76.53683 1.174809 1000022 13 1 90.32842 1.046945 1000022 11 1 191 216
1 1.152501 1.258655 1.04415 1 66.99937 1.317212 1000022 13 1 12.99881 2.225204 1000022 11 1 191 248
1 1.123647 1.241142 1.010512 1 20.58572 1.082028 1000022 13 1 68.67274 1.156019 1000022 13 1 191 382
1 0.8339615 0.5241884 1.101491 1 47.80276 1.1299 1000022 11 1 67.83565 1.154827 1000022 13 1 191 428
1 1.145385 0.9245803 1.259718 1 64.6729 1.196598 1000022 13 0 17.70177 5.070872 1000022 11 1 191 436
1 1.152971 1.190243 1.109341 1 41.64713 1.100033 1000022 13 0 29.53503 5.924018 1000022 11 1 1 118
1 0.4544891 0.2018274 0.792879 1 38.39787 1.085458 1000022 13 1 20.09482 1.065349 1000022 11 1 1 160
1 1.099519 1.139476 1.051563 0 26.06957 1.429524 1000022 11 1 51.91407 1.095818 1000022 13 1 1 262
1 1.062846 1.139449 0.9784784 0 204.3976 2.915253 1000022 11 1 35.50338 1.118871 1000022 13 1 1 278
1 1.174602 1.053046 1.204645 1 54.63626 1.074764 1000022 13 1 36.72997 1.108968 1000022 11 1 2 192
1 1.063672 0.7860307 1.245813 1 14.79807 1.277699 1000022 11 1 66.76342 1.364082 1000022 13 1 2 223
1 1.26516 1.422013 1.117256 1 46.5471 2.652683 1000022 13 1 31.57055 1.116669 1000022 11 1 2 263
1 1.147959 1.183877 1.106546 1 31.66901 1.112006 1000022 11 1 64.55245 1.738151 1000022 13 1 2 304
1 1.173319 1.196671 1.139395 0 13.97518 1.209282 1000022 13 1 88.8547 2.327557 1000022 13 1 2 448
1 1.10316 1.145079 1.05266 0 12.63364 4.859173 1000022 11 1 37.70013 1.397823 1000022 13 1 3 60
1 1.062846 1.139449 0.9784784 1 1.925222 1.066478 1000022 13 1 41.0573 1.048616 1000022 13 1 3 150
1 0.4442115 0.1872741 0.8068974 1 49.70242 1.470348 1000022 11 1 30.40331 1.117107 1000022 13 1 3 210
1 1.053247 1.09991 0.9980844 1 25.39412 2.161397 1000022 13 1 44.75575 3.342022 1000022 11 1 3 222
1 1.126364 0.9389989 1.211138 1 58.94072 2.158874 1000022 13 1 52.47509 1.683078 1000022 13 1 3 296
1 1.866054 2.331325 1.3979 1 61.08485 1.797642 1000022 13 0 61.62282 2.12363 1000022 13 1 3 404
1 1.1849 1.214892 1.148506 1 20.28782 1.010803 1000022 11 1 14.1211 1.056916 1000022 13 1 3 420
1 0.747205 0.4303799 1.057145 0 151.4238 1.91228 1000022 13 1 10.53163 1.032249 1000022 13 1 4 275
1 1.149237 1.698801 0.7921503 1 45.73492 1.336517 1000022 13 1 64.14046 2.863546 1000022 11 1 4 381
1 1.053247 1.09991 0.9980844 0 17.84322 1.398601 1000022 13 1 63.83402 1.093863 1000022 13 1 4 384
1 1.524498 1.73059 1.317664 1 2.495569 1.126378 1000022 11 1 47.37914 1.076003 1000022 13 1 4 426
1 1.174602 1.053046 1.204645 1 83.57256 1.164613 1000022 13 1 33.57987 1.288866 1000022 13 1 5 51
1 1.46424 1.680344 1.235249 1 46.18814 1.151647 1000022 11 1 43.46346 1.065757 1000022 13 1 5 62
1 1.575265 1.775696 1.383444 1 45.98747 1.044574 1000022 13 0 81.72182 1.28141 1000022 11 1 5 112
1 1.75908 2.248522 1.290011 1 44.80312 1.013091 1000022 11 1 40.36328 2.333672 1000022 13 1 5 149
1 1.190567 1.223018 1.152597 0 32.80083 3.252918 1000022 11 1 149.4827 1.273212 1000022 13 1 5 159
1 0.9160994 0.6007248 1.171549 1 29.00729 1.168415 1000022 13 0 204.6992 1.418633 1000022 11 1 5 251
1 1.134034 1.248093 1.022271 1 89.44736 7.015125 1000022 11 1 50.71045 1.336672 1000022 13 1 5 380
1 1.123647 1.241142 1.010512 1 75.06409 2.005408 1000022 13 0 8.479047 1.064071 1000022 11 1 5 404
1 1.055133 1.104334 0.9975671 1 32.94932 1.090372 1000022 13 0 31.1042 1.799253 1000022 11 1 5 433
1 1.645109 2.1548 1.183545 1 32.3083 1.41724 1000022 11 1 53.52316 1.152717 1000022 13 1 5 483
1 1.227292 1.202911 1.205555 1 34.47114 1.073966 1000022 11 1 74.27389 1.206996 1000022 13 1 6 72
1 1.217313 1.182622 1.199648 1 16.70391 2.685492 1000022 13 1 28.94303 1.3967 1000022 13 1 6 98
1 1.048997 1.136673 0.9559695 1 23.24438 1.097078 1000022 11 1 95.34779 1.037052 1000022 13 1 6 260
1 0.8332192 0.5015442 1.138243 1 27.061 1.270964 1000022 13 1 101.6418 1.105886 1000022 11 1 6 299
1 1.034916 1.100018 0.9626585 0 69.32229 5.464149 1000022 13 1 37.12749 1.877661 1000022 13 1 6 323
1 1.157728 1.196465 1.111764 0 152.89 1.409854 1000022 11 1 22.36919 1.469094 1000022 13 1 6 344
1 1.173319 1.196671 1.139395 1 34.53484 1.052371 1000022 11 1 59.43633 1.15712 1000022 13 1 6 458
1 1.143675 1.253919 1.033471 1 49.87988 1.238477 1000022 13 1 23.18222 1.136579 1000022 13 1 7 33
1 1.761918 2.058838 1.43754 1 57.83275 1.083821 1000022 13 1 11.20555 1.376457 1000022 13 1 7 121
1 0.6998869 0.3767799 1.045889 0 73.13088 1.027941 1000022 11 1 51.06078 1.138914 1000022 13 1 7 163
1 1.083255 0.8452013 1.220206 1 52.83733 1.865809 1000022 13 1 34.111 1.344298 1000022 11 1 7 249
1 1.15499 1.021547 1.194574 1 88.7875 1.269912 1000022 13 1 64.51508 1.231371 1000022 11 1 7 321
1 0.2208223 0.06788179 0.510611 0 76.07306 3.550742 1000022 13 1 58.69553 1.137013 1000022 13 1 8 174
1 1.031225 1.102163 0.9526981 0 0.242865 7.477318 1000022 11 1 65.95975 1.102503 1000022 13 1 8 335
1 0.5380682 0.2637946 0.8676014 1 54.50727 2.219645 1000022 13 1 34.9568 1.486724 1000022 11 1 8 340
1 0.8339615 0.5241884 1.101491 1 25.81692 1.179932 1000022 13 0 86.04769 1.011383 1000022 11 1 8 398
1 1.812285 2.096335 1.505211 1 23.73624 1.177814 1000022 11 1 50.05139 1.020791 1000022 13 1 8 462
1 1.109295 1.155893 1.053631 1 54.94944 1.463237 1000022 11 1 79.59574 1.241633 1000022 13 1 9 281
1 1.199401 1.201198 1.170168 0 52.72295 1.158573 1000022 11 1 24.17505 1.02272 1000022 13 1 9 296
1 1.145385 0.9245803 1.259718 1 51.05599 1.442013 1000022 13 1 4.073283 1.430018 1000022 11 1 9 389
1 0.9160994 0.6007248 1.171549 1 44.42811 1.062937 1000022 13 1 4.308988 1.402725 1000022 11 1 10 54
1 1.112575 1.233052 0.9981722 1 25.52068 1.171117 1000022 13 0 112.5125 1.335456 1000022 11 1 10 73
1 1.46424 1.680344 1.235249 1 5.689207 1.654499 1000022 11 1 24.46426 1.223432 1000022 13 1 10 176
1 1.054444 1.13827 0.9640688 1 60.67884 1.454687 1000022 11 1 45.55821 1.107039 1000022 13 1 10 177
1 1.147959 1.183877 1.106546 1 12.04297 1.097978 1000022 13 1 57.86891 2.794712 1000022 13 1 10 311
1 0.3459568 0.1344595 0.6687537 1 50.10049 1.404269 1000022 11 1 24.49627 1.217018 1000022 13 1 11 17
1 0.4544891 0.2018274 0.792879 0 56.51369 1.903917 1000022 13 1 33.40416 2.290439 1000022 13 1 11 31
1 1.183608 1.169262 1.159476 1 45.72653 1.097036 1000022 11 1 20.58616 1.125806 1000022 13 1 11 173
1 1.566869 2.206142 1.088645 1 36.06268 1.165083 1000022 13 0 50.74142 2.007218 1000022 11 1 11 263
1 1.329532 1.478061 1.189894 1 36.49725 1.281214 1000022 11 1 41.17915 1.297519 1000022 13 1 11 286
1 1.142868 1.177299 1.103399 1 102.284 2.168904 1000022 13 1 38.16674 3.247424 1000022 11 1 11 331
1 0.9574994 0.6410515 1.205563 0 7.078007 2.420094 1000022 13 1 20.91291 1.291709 1000022 13 1 12 23
1 1.329532 1.478061 1.189894 1 27.94165 1.074962 1000022 11 1 66.72632 1.750948 1000022 13 1 12 283
1 1.176288 1.010978 1.239274 1 45.6968 1.283472 1000022 11 1 18.61803 1.166286 1000022 13 1 12 337
1 1.206555 1.21522 1.17542 1 66.66362 2.21309 1000022 13 1 0.6960619 1.144465 1000022 13 1 12 399
1 1.761918 2.058838 1.43754 1 18.47876 1.046655 1000022 11 1 60.98207 1.936288 1000022 13 1 12 415
1 0.9160994 0.6007248 1.171549 1 2.080443 1.132987 1000022 13 1 36.30433 1.160006 1000022 13 1 12 425
1 1.151918 0.9752633 1.225726 1 20.85115 1.236155 1000022 13 1 88.49062 1.217452 1000022 11 1 12 449
1 1.123647 1.241142 1.010512 1 67.22388 2.158761 1000022 13 1 66.05565 1.024406 1000022 11 1 13 68
1 1.109295 1.155893 1.053631 1 23.49195 1.165111 1000022 13 0 150.2237 1.044687 1000022 11 1 13 96
1 1.179161 1.206147 1.144075 1 8.793548 1.230994 1000022 13 1 22.77127 1.214718 1000022 13 1 13 148
1 1.179161 1.206147 1.144075 1 46.79195 1.220497 1000022 13 1 192.6609 1.09114 1000022 13 1 13 205
1 1.289688 1.878288 0.892531 1 34.21311 1.149134 1000022 13 1 24.50093 1.029302 1000022 11 1 13 271
1 0.7934737 0.4881172 1.065644 1 167.7397 1.772882 1000022 13 1 40.72718 1.230912 1000022 13 1 13 293
1 1.058012 1.115802 0.9930252 0 304.348 1.141872 1000022 13 1 25.80051 1.116125 1000022 13 1 13 303
1 1.112575 1.233052 0.9981722 1 23.95542 1.167071 1000022 13 1 80.11448 1.044167 1000022 11 1 14 35
1 1.152501 1.258655 1.04415 1 52.98062 1.268301 1000022 13 1 20.71716 1.718962 1000022 13 1 14 68
1 1.314649 1.46568 1.173482 1 115.5266 1.671564 1000022 11 1 33.22089 1.63764 1000022 13 1 14 110
1 1.112575 1.233052 0.9981722 1 51.43703 2.740016 1000022 13 1 59.82867 2.093313 1000022 11 1 14 116
1 1.053247 1.09991 0.9980844 1 99.66603 1.457069 1000022 11 1 57.89772 1.234417 1000022 13 1 14 119
1 1.550791 1.753763 1.352368 0 27.15463 1.54132 1000022 11 1 18.81237 1.058971 1000022 13 1 14 127
1 1.106427 1.150534 1.053346 1 83.93188 1.110817 1000022 13 0 65.65897 1.521647 1000022 13 1 14 301
1 1.0427 1.134261 0.9473373 0 6.710612 1.339278 1000022 13 1 17.42753 1.13246 1000022 13 1 15 99
1 0.3170899 0.1198369 0.6261138 1 60.30246 1.049605 1000022 13 1 56.39165 1.16999 1000022 13 1 15 116
1 1.063672 0.7860307 1.245813 1 21.24356 1.732812 1000022 13 1 101.5075 1.469126 1000022 13 1 15 121
1 0.8339615 0.5241884 1.101491 1 7.222455 1.047113 1000022 11 1 60.4539 1.255527 1000022 13 1 15 166
1 1.26516 1.422013 1.117256 0 28.99035 1.030961 1000022 11 1 77.1285 1.312461 1000022 13 1 15 445
1 1.114777 0.884905 1.24054 1 50.8017 1.498522 1000022 13 1 32.56704 1.141568 1000022 11 1 16 43
1 1.314649 1.46568 1.173482 0 93.12041 3.576313 1000022 11 1 35.24243 1.212763 1000022 13 1 16 66
1 1.157728 1.196465 1.111764 1 75.90958 1.428708 1000022 11 1 95.87399 1.369011 1000022 13 1 16 121
1 1.194803 1.137859 1.187115 0 117.2417 1.108769 1000022 11 1 10.40547 1.066088 1000022 13 1 16 196
1 1.149237 1.698801 0.7921503 1 59.1825 1.783501 1000022 13 1 22.19863 1.933881 1000022 13 1 16 208
1 1.183608 1.169262 1.159476 1 23.13131 1.025239 1000022 13 1 102.4412 1.096503 1000022 13 1 16 426
1 1.099519 1.139476 1.051563 1 22.05008 1.381184 1000022 13 1 26.90223 1.02102 1000022 13 1 17 151
1 1.112575 1.233052 0.9981722 1 111.8451 1.0588 1000022 13 1 63.49561 1.896975 1000022 13 1 17 201
1 1.10316 1.145079 1.05266 1 44.04517 1.22319 1000022 13 0 98.32377 3.879358 1000022 11 1 17 234
1 1.035838 1.098122 0.9666125 1 129.2939 1.58402 1000022 11 1 34.46762 1.756142 1000022 13 1 17 238
1 1.314649 1.46568 1.173482 1 51.54425 1.388899 1000022 11 1 68.54476 1.110275 1000022 13 1 17 247
1 0.1991887 0.05938704 0.4717879 1 73.90508 1.221423 1000022 13 1 7.887259 1.136601 1000022 13 1 17 272
1 1.405111 1.934095 0.9833891 1 31.5096 1.165988 1000022 13 1 15.37105 1.175396 1000022 13 1 18 92
1 0.8200224 1.218482 0.5472287 1 57.07235 1.078892 1000022 13 0 115.21 1.178474 1000022 13 1 18 158
1 0.05673886 0.0108806 0.1995393 1 18.68713 1.146946 1000022 11 1 56.23442 1.206769 1000022 13 1 18 202
1 0.7055845 0.3974356 1.016366 1 31.93299 1.114455 1000022 13 1 3.384988 1.844546 1000022 13 1 18 276
1 1.194803 1.137859 1.187115 0 0.2975273 1.984887 1000022 11 1 57.08359 1.174373 1000022 13 1 18 415
1 0.7934737 0.4881172 1.065644 1 31.16401 1.166004 1000022 13 0 259.699 1.058579 1000022 11 1 18 495
1 1.152971 1.190243 1.109341 0 31.84921 1.104262 1000022 11 1 70.0319 1.151181 1000022 13 1 19 49
1 1.017868 0.7662661 1.176325 1 23.49115 1.329069 1000022 13 0 0.345158 2.440127 1000022 11 1 19 98
1 0.3170899 0.1198369 0.6261138 1 22.23094 1.064874 1000022 13 1 24.46741 1.163269 1000022 13 1 19 140
1 1.036252 1.095703 0.9699052 1 55.33889 1.527461 1000022 13 1 43.63799 1.424839 1000022 13 1 19 177
1 1.550791 1.753763 1.352368 1 36.94321 1.233474 1000022 13 0 144.3123 1.041519 1000022 11 1 19 263
1 1.282494 1.437562 1.137462 1 33.08236 1.443213 1000022 11 1 58.58249 1.831723 1000022 13 1 19 342
1 1.199428 1.046014 1.251733 1 45.02547 1.156279 1000022 13 1 80.74603 1.515203 1000022 11 1 19 418
1 1.099519 1.139476 1.051563 1 36.91835 1.311692 1000022 13 0 74.79046 1.466519 1000022 11 1 19 423
1 1.095596 1.133769 1.050051 0 19.79672 1.7924 1000022 13 1 41.9702 1.394834 1000022 13 1 20 329
1 0.789787 0.4650854 1.097808 1 23.06263 1.220132 1000022 13 1 29.74463 1.0759 1000022 13 1 21 3
1 1.705086 2.017803 1.363962 1 60.80053 1.03704 1000022 13 1 10.68899 1.396469 1000022 11 1 21 77
1 1.645109 2.1548 1.183545 0 23.86255 1.053754 1000022 13 1 40.08319 1.304088 1000022 13 1 21 159
1 1.191782 1.185832 1.16486 1 8.426458 1.364985 1000022 13 1 39.81835 1.425481 1000022 13 1 21 219
1 1.106427 1.150534 1.053346 1 35.46656 1.248342 1000022 13 0 89.31915 1.100632 1000022 11 1 21 309
1 1.050919 0.8056091 1.198818 1 57.85839 1.740535 1000022 13 1 13.66147 1.073001 1000022 11 1 21 312
1 0.03472439 0.005924022 0.1396847 1 56.96571 1.218167 1000022 13 0 93.32574 6.103142 1000022 13 1 21 387
1 1.063672 0.7860307 1.245813 1 16.30818 1.525227 1000022 11 1 32.16192 1.048667 1000022 13 1 21 398
1 1.126364 0.9389989 1.211138 1 52.50058 1.054227 1000022 13 1 12.05724 1.113086 1000022 11 1 21 406
1 1.063672 0.7860307 1.245813 0 23.41233 5.578635 1000022 13 1 52.36317 1.568952 1000022 13 1 21 419
1 1.034916 1.100018 0.9626585 1 32.96523 1.274822 1000022 13 0 106.1975 1.243896 1000022 11 1 22 211
1 1.059052 1.139164 0.9715886 0 108.929 3.30334 1000022 13 1 34.94523 1.332272 1000022 13 1 22 345
1 1.114777 0.884905 1.24054 1 70.81439 1.16954 1000022 13 1 45.17776 2.553218 1000022 11 1 22 356
1 1.147959 1.183877 1.106546 1 89.49062 1.259858 1000022 13 1 46.88833 1.547918 1000022 11 1 22 358
1 1.550791 1.753763 1.352368 0 124.4067 1.561745 1000022 11 1 28.56864 1.03899 1000022 13 1 22 361
1 1.206555 1.21522 1.17542 1 29.03831 1.79066 1000022 13 0 25.16023 1.039096 1000022 11 1 22 428
1 1.405111 1.934095 0.9833891 1 168.2355 2.109444 1000022 11 1 13.09858 1.022269 1000022 13 1 22 462
1 1.199428 1.046014 1.251733 1 57.03983 1.076883 1000022 13 1 16.92446 1.206401 1000022 11 1 23 176
1 1.035838 1.098122 0.9666125 0 8.452359 4.06738 1000022 13 1 65.02065 1.035884 1000022 13 1 23 188
1 0.3767309 0.1505117 0.7131262 0 178.6763 1.060476 1000022 11 1 34.20468 1.153727 1000022 13 1 23 418
1 1.526225 2.04983 1.080738 1 4.32029 2.226062 1000022 11 1 33.95504 1.061657 1000022 13 1 23 422
1 1.179161 1.206147 1.144075 1 26.30209 1.060627 1000022 13 1 11.40699 1.572349 1000022 11 1 23 430
1 1.142868 1.177299 1.103399 1 67.0604 1.09573 1000022 11 1 36.80267 1.07848 1000022 13 1 23 441
1 1.15499 1.021547 1.194574 1 49.78688 2.146787 1000022 13 1 116.8237 2.462732 1000022 13 1 23 468
1 1.059052 1.139164 0.9715886 0 78.17822 1.328748 1000022 11 1 101.9246 1.063969 1000022 13 1 24 123
1 0.5762256 0.2893137 0.9113798 1 32.19574 1.170123 1000022 13 1 9.07354 1.119733 1000022 11 1 24 184
1 0.3767309 0.1505117 0.7131262 1 47.27562 1.166179 1000022 13 1 4.745343 1.357738 1000022 11 1 25 229
1 1.134034 1.248093 1.022271 1 18.11424 1.142738 1000022 13 0 175.468 1.157354 1000022 11 1 25 341
1 1.213336 1.227995 1.180605 1 73.4805 1.222085 1000022 13 1 73.60043 1.048156 1000022 11 1 25 485
1 0.1527629 0.0402692 0.399808 1 29.46331 1.178003 1000022 13 1 30.66004 2.071352 1000022 11 1 26 21
1 1.053247 1.09991 0.9980844 1 51.69791 1.378045 1000022 13 1 19.56191 2.140235 1000022 11 1 26 121
1 0.4903168 0.2233237 0.8385035 1 39.78303 1.155745 1000022 13 1 35.36412 2.085505 1000022 11 1 26 143
1 1.174602 1.053046 1.204645 1 26.84072 1.548041 1000022 13 1 34.63457 1.067826 1000022 11 1 26 473
1 1.10316 1.145079 1.05266 0 11.99032 2.238719 1000022 13 1 58.82516 2.156301 1000022 13 1 27 115
1 0.9517445 0.6636014 1.162862 1 45.21476 2.077791 1000022 13 1 119.4869 2.289152 1000022 11 1 27 203
1 1.137649 1.170432 1.099925 1 43.51308 1.87377 1000022 13 0 29.94729 1.524798 1000022 11 1 27 448
1 0.01785031 0.00275673 0.0833977 1 31.63997 1.016338 1000022 13 1 92.75177 3.15104 1000022 11 1 27 476
1 0.3355998 0.123277 0.6770892 1 2.296104 4.187176 1000022 11 1 29.5011 1.228965 1000022 13 1 28 121
1 1.151918 0.9752633 1.225726 1 65.38921 1.077678 1000022 13 0 0.2481518 1.613294 1000022 11 1 28 190
1 0.665028 0.3662483 0.9755856 0 254.9993 1.093851 1000022 11 1 62.15533 1.801712 1000022 13 1 28 232
1 0.6998869 0.3767799 1.045889 1 35.98824 1.027737 1000022 13 0 7.94964 2.63454 1000022 13 1 28 284
1 1.213336 1.227995 1.180605 1 21.54315 1.101957 1000022 13 0 7.534223 1.169758 1000022 11 1 28 334
1 1.062846 1.139449 0.9784784 1 46.10212 1.165908 1000022 13 1 0.6980644 1.085018 1000022 11 1 28 343
1 1.106427 1.150534 1.053346 0 114.3073 3.290736 1000022 11 1 66.43701 1.952761 1000022 13 1 29 46
1 0.4094664 0.1680855 0.7591912 1 27.53681 1.153936 1000022 13 1 12.60446 1.930099 1000022 11 1 29 64
1 1.10316 1.145079 1.05266 0 68.16267 1.294814 1000022 13 0 17.14676 1.238804 1000022 11 1 29 228
1 0.6998869 0.3767799 1.045889 1 52.26508 1.781657 1000022 13 1 9.723409 2.035823 1000022 11 1 29 300
1 0.9160994 0.6007248 1.171549 1 64.52674 1.049737 1000022 11 1 57.73778 1.134406 1000022 13 1 30 68
1 1.705086 2.017803 1.363962 1 34.06189 1.078999 1000022 11 1 43.33583 1.076502 1000022 13 1 30 130
1 1.142868 1.177299 1.103399 1 36.72338 1.096855 1000022 13 1 54.59575 2.344956 1000022 13 1 30 138
1 1.048836 1.548763 0.7254791 1 118.7008 1.216192 1000022 13 1 35.69415 1.097383 1000022 13 1 30 266
1 1.42456 2.044705 0.9864829 1 58.30933 1.736425 1000022 11 1 40.97706 1.079417 1000022 13 1 30 273
1 1.282494 1.437562 1.137462 1 20.90165 1.082209 1000022 13 1 14.42541 1.193714 1000022 13 1 31 132
1 1.42456 2.044705 0.9864829 1 35.66463 1.225641 1000022 13 1 69.62311 1.488801 1000022 13 1 31 167
1 1.031225 1.102163 0.9526981 1 73.92534 1.276246 1000022 13 1 35.15271 2.140023 1000022 11 1 31 375
1 1.314649 1.46568 1.173482 0 102.3918 1.810476 1000022 13 1 60.14103 1.103285 1000022 13 1 32 53
1 1.157728 1.196465 1.111764 0 100.2501 1.125574 1000022 13 1 16.74247 1.04658 1000022 13 1 32 270
1 1.083255 0.8452013 1.220206 1 25.30076 1.17851 1000022 13 0 39.5654 1.049542 1000022 11 1 32 307
1 0.3459568 0.1344595 0.6687537 1 71.85686 1.577702 1000022 11 1 107.0621 2.442579 1000022 13 1 32 368
1 1.142868 1.177299 1.103399 1 29.7852 1.074359 1000022 13 1 36.1882 1.058979 1000022 11 1 32 433
1 1.75908 2.248522 1.290011 1 149.8336 1.062471 1000022 11 1 63.6365 1.03836 1000022 13 1 32 437
1 1.176288 1.010978 1.239274 1 121.0371 1.27839 1000022 13 0 69.25475 1.280439 1000022 13 1 37 143
1 1.173319 1.196671 1.139395 1 6.783176 2.865217 1000022 11 1 111.893 1.358368 1000022 13 1 37 155
1 1.20651 1.16088 1.193521 0 100.6993 2.040724 1000022 13 1 44.18573 1.061722 1000022 13 1 37 159
1 1.15499 1.021547 1.194574 1 69.57566 2.104645 1000022 13 0 56.71777 1.107256 1000022 13 1 37 195
1 1.49586 1.706142 1.278772 1 32.23925 1.070251 1000022 13 1 16.63355 1.151471 1000022 11 1 37 354
1 1.566869 2.206142 1.088645 1 42.53864 1.015428 1000022 13 1 49.81808 1.070154 1000022 11 1 37 389
1 1.566869 2.206142 1.088645 1 11.15758 1.047479 1000022 13 1 50.06459 14.59887 1000022 11 1 37 450
1 1.179161 1.206147 1.144075 0 95.73043 1.26785 1000022 11 0 43.6226 1.138345 1000022 13 1 38 393
1 1.123647 1.241142 1.010512 1 58.40229 1.439499 1000022 13 1 27.14286 1.077463 1000022 11 1 38 434
1 1.190567 1.223018 1.152597 1 31.50942 1.153487 1000022 13 1 114.605 1.319706 1000022 13 1 39 95
1 0.1991887 0.05938704 0.4717879 1 181.2552 2.182791 1000022 11 1 59.8369 1.096899 1000022 13 1 39 201
1 1.173319 1.196671 1.139395 1 22.24856 1.027482 1000022 13 1 17.3126 1.459014 1000022 11 1 39 272
1 1.174602 1.053046 1.204645 1 68.49605 1.233143 1000022 13 1 15.69129 3.242791 1000022 11 1 39 282
1 0.9894024 0.7036328 1.19152 0 83.09373 1.051354 1000022 13 0 36.91547 1.584301 1000022 13 1 39 337
1 1.282494 1.437562 1.137462 1 224.1444 1.331704 1000022 13 1 19.47236 1.049053 1000022 13 1 41 49
1 1.057513 1.112379 0.9951048 0 21.47226 1.408318 1000022 13 0 82.89124 1.081793 1000022 13 1 41 51
1 1.083255 0.8452013 1.220206 1 24.67419 1.084199 1000022 13 1 34.90613 1.843021 1000022 13 1 41 98
1 0.8200224 1.218482 0.5472287 1 97.79437 1.129537 1000022 11 1 21.66144 1.54936 1000022 13 1 41 160
1 1.050919 0.8056091 1.198818 1 127.9313 1.454906 1000022 13 1 125.7075 1.434622 1000022 11 1 41 195
1 1.26516 1.422013 1.117256 1 134.6324 1.673008 1000022 11 1 21.60878 1.042579 1000022 13 1 41 281
1 0.9574994 0.6410515 1.205563 1 104.1208 1.745884 1000022 11 1 68.09908 1.069091 1000022 13 1 41 439
1 1.199428 1.046014 1.251733 1 45.0819 1.153068 1000022 13 1 85.95559 1.090564 1000022 11 1 41 461
1 0.665028 0.3662483 0.9755856 1 31.72017 2.059286 1000022 13 1 50.57973 1.188446 1000022 13 1 41 463
1 1.190567 1.223018 1.152597 1 139.8056 3.814677 1000022 13 1 12.96378 1.096434 1000022 13 1 42 492
1 1.034916 1.100018 0.9626585 0 49.77324 3.676146 1000022 11 1 69.747 1.046812 1000022 13 1 44 6
1 0.7934737 0.4881172 1.065644 1 51.49369 1.108091 1000022 13 0 118.5659 3.501376 1000022 13 1 44 30
1 1.063672 0.7860307 1.245813 1 48.97121 1.063297 1000022 13 1 167.2288 1.518307 1000022 11 1 44 107
1 0.6342273 1.05356 0.3835326 1 57.14574 1.069969 1000022 13 1 28.0128 1.020261 1000022 11 1 44 185
1 0.6998869 0.3767799 1.045889 1 70.30704 1.227462 1000022 13 0 92.32449 1.34457 1000022 13 1 47 58
1 0.4094664 0.1680855 0.7591912 1 94.40119 1.180689 1000022 13 1 82.17112 2.507197 1000022 13 1 47 205
1 1.048997 1.136673 0.9559695 1 50.95435 1.040638 1000022 13 1 92.01009 1.391944 1000022 13 1 47 269
1 1.199401 1.201198 1.170168 1 19.48973 1.04563 1000022 13 0 22.09446 1.874302 1000022 13 1 47 284
1 1.036252 1.095703 0.9699052 1 41.14807 1.141439 1000022 13 1 69.13065 3.344701 1000022 11 1 47 364
1 1.227292 1.202911 1.205555 1 99.12446 1.312244 1000022 13 1 28.21592 1.319277 1000022 13 1 47 369
1 1.062846 1.139449 0.9784784 1 0.2233456 1.131736 1000022 13 1 136.2255 1.111239 1000022 13 1 47 428
1 1.157728 1.196465 1.111764 0 42.06203 1.219838 1000022 11 1 27.60748 1.101438 1000022 13 1 47 469
1 1.191782 1.185832 1.16486 0 160.3559 1.855793 1000022 13 1 40.91599 1.181192 1000022 13 1 48 74
1 1.194803 1.137859 1.187115 1 99.76962 1.079021 1000022 13 0 77.63972 1.708543 1000022 13 1 48 102
1 1.190567 1.223018 1.152597 0 61.37954 2.551115 1000022 13 1 16.39506 1.050819 1000022 13 1 48 141
1 1.194803 1.137859 1.187115 1 83.61484 1.121571 1000022 13 0 7.754623 2.793846 1000022 11 1 51 216
1 1.46424 1.680344 1.235249 1 38.12866 1.24625 1000022 13 1 90.79875 1.038574 1000022 11 1 51 289
1 0.8748782 0.5617447 1.136825 1 18.37594 1.023347 1000022 11 1 61.57779 3.203791 1000022 13 1 51 320
1 1.114777 0.884905 1.24054 1 32.39042 1.038591 1000022 13 1 42.06922 1.357493 1000022 13 1 51 424
1 1.167323 1.186361 1.134647 1 74.91708 1.237903 1000022 13 1 5.028546 1.107062 1000022 11 1 52 9
1 1.199428 1.046014 1.251733 0 28.64652 1.247717 1000022 13 1 55.28193 1.169707 1000022 13 1 52 82
1 1.033406 1.101364 0.958024 1 27.35857 1.118644 1000022 13 1 50.79347 1.06284 1000022 13 1 52 201
1 1.055133 1.104334 0.9975671 1 20.02608 1.192497 1000022 13 1 21.56274 1.325588 1000022 11 1 52 429
1 1.191782 1.185832 1.16486 1 87.93353 1.10105 1000022 11 1 40.03022 1.133651 1000022 13 1 53 98
1 0.1014541 0.02299071 0.3029553 1 44.9035 1.198649 1000022 13 1 51.7624 1.696594 1000022 11 1 53 127
1 1.812285 2.096335 1.505211 0 7.540905 1.210521 1000022 11 1 43.7023 1.199204 1000022 13 1 53 215
1 1.206555 1.21522 1.17542 1 50.38078 1.137684 1000022 13 0 80.11176 1.069666 1000022 13 1 58 105
1 1.213336 1.227995 1.180605 1 21.53474 1.649056 1000022 11 1 52.83693 1.093326 1000022 13 1 58 340
1 0.9517445 0.6636014 1.162862 1 33.26562 1.078231 1000022 11 1 86.72657 1.326299 1000022 13 1 58 437
1 1.192805 1.083559 1.213989 1 21.46595 1.291267 1000022 13 0 41.25493 1.362386 1000022 11 1 59 24
1 1.151918 0.9752633 1.225726 0 75.57588 1.128939 1000022 11 1 34.22071 1.341134 1000022 13 1 59 65
1 1.20651 1.16088 1.193521 1 39.1188 1.060808 1000022 13 0 11.38423 3.494933 1000022 11 1 59 74
1 0.6571895 0.3457574 1.000641 1 137.5795 1.248855 1000022 11 1 27.34447 1.102868 1000022 13 1 59 88
1 1.050919 0.8056091 1.198818 1 27.32631 1.126681 1000022 13 0 7.692338 1.913705 1000022 11 1 59 130
1 1.289688 1.878288 0.892531 1 81.3914 2.489356 1000022 11 1 37.6311 1.89628 1000022 13 1 59 182
1 1.152971 1.190243 1.109341 0 12.48709 1.186075 1000022 13 1 58.72145 1.621646 1000022 13 1 59 300
1 1.017868 0.7662661 1.176325 1 31.18165 1.133542 1000022 13 0 18.68306 1.304209 1000022 11 1 59 430
1 0.9517445 0.6636014 1.162862 0 153.3261 1.765262 1000022 11 1 20.87946 1.124804 1000022 13 1 62 235
1 0.6159488 0.3166172 0.9557644 1 70.88384 1.084145 1000022 13 1 64.21866 2.118196 1000022 13 1 62 295
1 1.062846 1.139449 0.9784784 1 52.95824 1.0613 1000022 13 1 17.83131 1.175602 1000022 11 1 62 367
1 1.217313 1.182622 1.199648 0 147.4088 1.120525 1000022 11 1 75.09472 1.145652 1000022 13 1 62 495
1 1.405111 1.934095 0.9833891 1 104.9875 1.223185 1000022 11 1 39.09532 1.21946 1000022 13 1 63 12
1 1.645109 2.1548 1.183545 0 52.17196 3.938581 1000022 13 1 57.21086 1.045507 1000022 13 1 63 166
1 1.109295 1.155893 1.053631 1 2.714279 1.156083 1000022 13 1 58.26042 1.284388 1000022 13 1 63 451
1 1.225386 1.141194 1.230719 0 43.34819 1.612641 1000022 11 1 69.8917 1.044008 1000022 13 1 65 54
1 1.56971 1.920896 1.202337 1 145.822 1.101265 1000022 11 1 48.47123 1.034109 1000022 13 1 65 65
1 0.8332192 0.5015442 1.138243 0 170.52 1.065711 1000022 11 1 31.71354 1.063828 1000022 13 1 65 158
1 1.526225 2.04983 1.080738 1 41.32454 1.032937 1000022 13 1 0.9216551 1.029382 1000022 11 1 65 219
1 1.035838 1.098122 0.9666125 1 21.03408 1.199264 1000022 13 1 175.607 2.78792 1000022 11 1 65 274
1 1.1849 1.214892 1.148506 1 13.73921 2.186084 1000022 13 1 88.97044 1.085644 1000022 13 1 65 352
1 1.26516 1.422013 1.117256 1 50.12385 1.03473 1000022 13 0 272.6753 1.83763 1000022 11 1 65 401
1 1.143675 1.253919 1.033471 1 98.26738 1.078263 1000022 13 1 76.84496 1.356492 1000022 13 1 65 412
1 0.0400028 0.006971349 0.1567229 1 82.12365 1.25778 1000022 13 1 13.38656 2.006846 1000022 13 1 65 429
1 1.183608 1.169262 1.159476 1 39.61297 1.548002 1000022 13 0 131.782 1.012934 1000022 11 1 65 478
1 1.152501 1.258655 1.04415 1 30.30944 2.013497 1000022 13 0 164.9733 11.84785 1000022 11 1 65 498
1 1.192805 1.083559 1.213989 1 49.73827 1.563113 1000022 13 0 156.2089 1.43779 1000022 11 1 66 8
1 1.206555 1.21522 1.17542 1 29.07637 1.109191 1000022 13 1 70.93966 1.518852 1000022 11 1 66 123
1 0.008330494 0.001239311 0.04569742 0 254.9471 1.100245 1000022 11 1 31.64777 1.074579 1000022 13 1 66 130
1 1.106427 1.150534 1.053346 1 26.28004 1.374889 1000022 13 0 83.64462 3.985343 1000022 11 1 66 159
1 1.109295 1.155893 1.053631 1 102.1535 1.258996 1000022 13 1 0.6921766 4.519979 1000022 11 1 66 164
1 1.134034 1.248093 1.022271 1 76.45421 1.037215 1000022 13 0 56.04797 3.205401 1000022 11 1 66 355
1 1.190567 1.223018 1.152597 0 42.61168 1.202377 1000022 13 1 20.33969 1.753566 1000022 11 1 66 365
1 0.001285395 0.0002506105 0.007472713 1 32.06778 1.085434 1000022 13 1 7.498227 1.131648 1000022 11 1 67 170
1 0.01785031 0.00275673 0.0833977 1 119.9406 1.097092 1000022 13 1 103.1128 1.959883 1000022 11 1 67 249
1 1.056557 1.108524 0.9965968 1 86.46177 1.262347 1000022 11 1 30.15365 1.490186 1000022 13 1 67 312
1 1.106427 1.150534 1.053346 1 55.79111 1.050721 1000022 11 1 25.12019 1.166513 1000022 13 1 67 378
1 1.167323 1.186361 1.134647 1 239.5224 1.519911 1000022 13 1 31.3334 1.080588 1000022 13 1 68 60
1 1.227292 1.202911 1.205555 1 40.61665 1.599914 1000022 11 1 12.26326 1.032453 1000022 13 1 68 72
1 1.143675 1.253919 1.033471 1 41.82695 1.020048 1000022 13 1 35.72302 1.012703 1000022 11 1 68 380
1 1.10316 1.145079 1.05266 1 95.63902 1.036872 1000022 11 0 34.57733 1.295284 1000022 13 1 68 394
1 1.099519 1.139476 1.051563 1 19.83468 1.281997 1000022 13 0 149.6059 1.187948 1000022 13 1 68 499
1 1.034916 1.100018 0.9626585 0 45.05874 1.074699 1000022 11 1 69.25873 1.344988 1000022 13 1 72 95
1 1.050919 0.8056091 1.198818 1 56.50482 1.255533 1000022 13 1 13.52388 1.559302 1000022 13 1 72 109
1 1.099696 0.9023142 1.195627 1 88.78937 1.502748 1000022 13 1 31.68923 1.222402 1000022 11 1 72 450
1 1.575265 1.775696 1.383444 0 40.02437 1.036829 1000022 11 1 82.18099 1.032269 1000022 13 1 73 56
1 1.705086 2.017803 1.363962 1 93.6825 1.72651 1000022 11 1 13.9034 1.287001 1000022 13 1 73 134
1 0.747205 0.4303799 1.057145 0 21.77742 1.770098 1000022 13 1 35.00342 1.024353 1000022 13 1 73 182
1 1.062846 1.139449 0.9784784 1 50.52335 1.212086 1000022 11 1 43.77803 1.630586 1000022 13 1 74 119
1 1.035838 1.098122 0.9666125 1 43.34768 1.184412 1000022 13 1 171.9668 1.106799 1000022 11 1 74 136
1 1.123647 1.241142 1.010512 0 198.1865 1.069173 1000022 11 1 50.02082 1.201336 1000022 13 1 74 273
1 1.114777 0.884905 1.24054 1 45.21756 1.014475 1000022 13 0 122.7784 1.040554 1000022 13 1 74 350
1 1.033406 1.101364 0.958024 1 30.9485 1.22079 1000022 13 0 1.770099 2.293017 1000022 13 1 75 5
1 0.8748782 0.5617447 1.136825 0 25.97435 1.20911 1000022 13 1 10.18458 1.226479 1000022 13 1 75 220
1 1.167323 1.186361 1.134647 1 18.95816 1.733518 1000022 13 1 19.05212 1.132962 1000022 13 1 75 300
1 0.7055845 0.3974356 1.016366 1 25.87554 1.655648 1000022 13 1 72.18613 1.659312 1000022 13 1 75 333
1 0.9138955 0.6245104 1.1333 0 41.19601 1.069629 1000022 13 1 46.61001 1.053548 1000022 13 1 75 366
1 1.20651 1.16088 1.193521 0 55.21856 1.07999 1000022 13 1 0.1352868 1.048149 1000022 11 1 75 448
1 1.167323 1.186361 1.134647 1 33.5267 1.26067 1000022 13 1 0.450076 1.073879 1000022 11 1 77 85
1 1.054444 1.13827 0.9640688 1 47.72377 1.367571 1000022 11 1 56.32899 1.373891 1000022 13 1 77 101
1 1.147959 1.183877 1.106546 1 178.757 1.324752 1000022 11 1 34.94149 1.298401 1000022 13 1 77 110
1 0.3459568 0.1344595 0.6687537 1 39.06618 1.05227 1000022 13 1 0.8619155 1.515639 1000022 11 1 77 233
1 1.182032 1.113501 1.180358 1 87.18431 1.167768 1000022 13 0 4.203137 2.353842 1000022 13 1 77 409
1 1.173319 1.196671 1.139395 1 0.2433383 2.20577 1000022 11 1 20.0902 2.124204 1000022 13 1 78 53
1 1.174602 1.053046 1.204645 0 27.16408 1.089636 1000022 11 1 66.58838 1.242012 1000022 13 1 78 150
1 1.199401 1.201198 1.170168 1 18.78341 1.19688 1000022 13 1 62.16337 1.410769 1000022 13 1 78 292
1 1.056557 1.108524 0.9965968 1 29.16034 1.037258 1000022 13 1 70.47786 1.16107 1000022 13 1 78 333
1 0.9574994 0.6410515 1.205563 1 28.68914 1.174217 1000022 11 1 46.75847 1.304682 1000022 13 1 78 423
1 0.07905591 0.01690496 0.2492307 1 71.99735 1.963385 1000022 11 1 20.34264 1.1215 1000022 13 1 78 489
1 1.035838 1.098122 0.9666125 1 56.7531 1.347202 1000022 13 0 4.333304 11.26124 1000022 13 1 79 71
1 1.152971 1.190243 1.109341 1 16.42554 1.130811 1000022 11 1 30.6299 1.0186 1000022 13 1 79 78
1 1.298986 1.452146 1.156092 1 14.96802 1.272349 1000022 13 1 0.793121 1.129686 1000022 13 1 79 389
1 0.789787 0.4650854 1.097808 1 51.50428 1.108231 1000022 13 1 29.95017 1.029517 1000022 13 1 79 439
1 1.112575 1.233052 0.9981722 1 18.63658 1.037701 1000022 13 0 35.24594 1.388313 1000022 13 1 79 453
1 0.8748782 0.5617447 1.136825 1 43.16648 1.098897 1000022 13 0 43.20912 1.846427 1000022 13 1 83 54
1 0.7055845 0.3974356 1.016366 1 30.88766 1.058401 1000022 13 1 68.7238 1.391486 1000022 13 1 83 180
1 1.099519 1.139476 1.051563 1 35.2979 1.05686 1000022 13 1 41.07972 1.188301 1000022 13 1 83 208
1 1.151918 0.9752633 1.225726 1 40.4726 1.317958 1000022 11 1 76.07804 1.053501 1000022 13 1 83 284
1 1.174602 1.053046 1.204645 1 35.18571 2.395714 1000022 13 1 26.81848 1.595163 1000022 13 1 83 383
1 1.056557 1.108524 0.9965968 1 92.78892 2.161841 1000022 13 1 16.41448 1.105266 1000022 11 1 83 420
1 1.0427 1.134261 0.9473373 1 21.01805 1.099282 1000022 13 1 72.09883 1.599707 1000022 11 1 84 8
1 1.225386 1.141194 1.230719 1 113.0308 1.159673 1000022 11 1 48.49268 2.086555 1000022 13 1 84 18
1 1.26516 1.422013 1.117256 1 22.83386 1.076704 1000022 13 1 3.990357 1.482916 1000022 13 1 84 53
1 1.058012 1.115802 0.9930252 1 7.178234 1.076782 1000022 11 1 31.75251 1.146654 1000022 13 1 84 285
1 0.3767309 0.1505117 0.7131262 1 3.031812 2.37278 1000022 13 1 63.64994 1.118342 1000022 13 1 84 401
1 1.49586 1.706142 1.278772 1 2.143476 1.056986 1000022 11 1 64.7849 2.44304 1000022 13 1 84 431
1 1.405111 1.934095 0.9833891 1 59.11256 1.031132 1000022 13 1 31.18907 1.055166 1000022 13 1 84 490
1 1.112575 1.233052 0.9981722 0 91.62588 1.072681 1000022 11 1 86.97569 1.074897 1000022 13 1 84 496
1 1.705086 2.017803 1.363962 1 13.33863 1.056502 1000022 11 1 48.45625 1.15813 1000022 13 1 86 123
1 1.031225 1.102163 0.9526981 1 68.03658 1.2108 1000022 13 1 125.1877 1.635284 1000022 11 1 86 346
1 1.209625 1.112975 1.222657 0 21.77638 4.913813 1000022 11 1 29.71015 1.069272 1000022 13 1 86 403
1 1.26516 1.422013 1.117256 1 57.67262 1.587188 1000022 13 1 20.72779 1.196557 1000022 11 1 87 74
1 1.179161 1.206147 1.144075 1 60.1289 1.054933 1000022 13 1 4.820938 1.308244 1000022 11 1 87 235
1 0.8332192 0.5015442 1.138243 1 3.65548 1.220525 1000022 11 1 36.0604 1.357868 1000022 13 1 88 37
1 1.106427 1.150534 1.053346 0 46.92989 2.519749 1000022 11 1 59.42313 1.297194 1000022 13 1 88 153
1 1.10316 1.145079 1.05266 0 248.2843 2.404074 1000022 11 1 34.92467 1.33493 1000022 13 1 88 158
1 1.054444 1.13827 0.9640688 1 30.4974 1.073927 1000022 13 0 44.18996 1.893246 1000022 13 1 88 175
1 1.056557 1.108524 0.9965968 1 33.61615 1.146107 1000022 13 1 47.35165 1.04773 1000022 11 1 88 464
1 1.190567 1.223018 1.152597 1 13.90722 2.360766 1000022 11 1 38.1391 1.178789 1000022 13 1 89 117
1 0.9894024 0.7036328 1.19152 1 60.59348 1.053845 1000022 13 1 42.92982 2.22543 1000022 13 1 89 229
1 1.134034 1.248093 1.022271 1 20.77232 1.305695 1000022 13 0 59.66496 1.211598 1000022 13 1 89 272
1 1.550791 1.753763 1.352368 1 62.13568 1.075168 1000022 13 0 208.4083 1.057324 1000022 13 1 91 359
1 1.053247 1.09991 0.9980844 0 268.6424 1.314423 1000022 11 0 42.83707 2.41927 1000022 13 1 92 259
1 1.112575 1.233052 0.9981722 1 21.95245 1.544113 1000022 11 1 93.58907 1.115518 1000022 13 1 92 261
1 1.206555 1.21522 1.17542 1 16.51904 2.731721 1000022 13 1 48.98018 1.119137 1000022 13 1 92 347
1 1.034916 1.100018 0.9626585 0 46.90874 1.322169 1000022 13 1 37.779 1.024996 1000022 13 1 92 485
1 1.524498 1.73059 1.317664 0 65.12463 1.757766 1000022 11 1 75.73249 1.04985 1000022 13 1 96 167
1 0.5279956 0.2465533 0.8852676 1 64.70726 1.152777 1000022 13 1 13.47942 2.024783 1000022 11 1 96 292
1 0.8200224 1.218482 0.5472287 1 29.12963 1.829752 1000022 11 1 31.15926 1.211242 1000022 13 1 96 317
1 1.114777 0.884905 1.24054 1 36.98764 1.502937 1000022 13 1 51.95828 1.427737 1000022 13 1 96 362
1 1.143675 1.253919 1.033471 1 34.77341 1.188206 1000022 13 1 50.96492 1.104476 1000022 11 1 96 409
1 1.225386 1.141194 1.230719 1 54.03601 1.099112 1000022 13 1 2.889343 1.188135 1000022 13 1 96 464
1 1.112575 1.233052 0.9981722 1 38.87714 1.115831 1000022 11 1 17.07003 1.069396 1000022 13 1 97 252
1 1.059052 1.139164 0.9715886 0 98.00721 1.114768 1000022 13 1 56.17643 1.0656 1000022 13 1 97 351
1 1.106427 1.150534 1.053346 1 13.4837 1.015636 1000022 13 0 2.516169 3.899751 1000022 13 1 97 440
1 1.179161 1.206147 1.144075 1 35.03877 1.020082 1000022 13 1 61.32424 1.163355 1000022 11 1 98 16
1 1.035838 1.098122 0.9666125 1 30.97321 1.049489 1000022 13 0 144.2683 1.078172 1000022 11 1 98 20
1 1.49586 1.706142 1.278772 1 5.662589 1.159633 1000022 11 1 35.4876 1.123672 1000022 13 1 98 121
1 1.145385 0.9245803 1.259718 1 103.2347 1.54249 1000022 11 1 30.00087 1.087561 1000022 13 1 98 135
1 1.1849 1.214892 1.148506 1 55.24064 1.053285 1000022 13 1 109.1269 1.956103 1000022 13 1 98 447
1 0.5279956 0.2465533 0.8852676 1 20.52517 2.088953 1000022 13 1 28.67269 1.083176 1000022 13 1 99 27
1 1.157728 1.196465 1.111764 1 72.37615 1.810002 1000022 11 1 55.99747 1.302864 1000022 13 1 99 215
1 1.213336 1.227995 1.180605 0 58.50088 1.065274 1000022 11 0 44.06667 1.339426 1000022 13 1 99 359
1 1.217313 1.182622 1.199648 1 45.01825 1.074454 1000022 11 1 61.92121 1.410753 1000022 13 1 99 500
1 1.174602 1.053046 1.204645 1 61.1598 1.064547 1000022 13 1 28.15611 2.536762 1000022 11 1 100 4
1 1.099519 1.139476 1.051563 1 77.11666 1.324261 1000022 11 1 53.45338 1.215603 1000022 13 1 100 88
1 1.209625 1.112975 1.222657 1 6.335871 1.649935 1000022 13 1 59.30264 1.256284 1000022 13 1 100 106
1 1.056557 1.108524 0.9965968 1 55.45673 1.393931 1000022 11 1 65.83663 1.430283 1000022 13 1 100 121
1 1.062846 1.139449 0.9784784 1 41.06015 2.595675 1000022 11 1 62.5405 1.050588 1000022 13 1 100 243
1 1.033406 1.101364 0.958024 1 43.92683 1.139242 1000022 13 1 40.4134 1.038098 1000022 11 1 100 461
1 0.8748782 0.5617447 1.136825 0 12.99219 2.624187 1000022 13 1 23.55685 1.208315 1000022 13 1 100 473
1 1.199428 1.046014 1.251733 1 49.75924 1.06465 1000022 13 1 105.0401 1.125195 1000022 13 1 100 496
1 1.063672 0.7860307 1.245813 1 19.5621 1.190507 1000022 13 1 43.456 1.253259 1000022 11 1 103 90
1 1.033406 1.101364 0.958024 1 64.74806 2.271561 1000022 13 1 55.51703 1.228892 1000022 13 1 103 312
1 0.2304392 0.07526134 0.508429 1 68.41544 1.272261 1000022 13 0 35.70833 1.050486 1000022 13 1 107 93
1 0.03472439 0.005924022 0.1396847 1 58.23767 1.063802 1000022 13 1 27.98153 1.105274 1000022 11 1 107 440
1 1.183608 1.169262 1.159476 1 18.58148 1.258203 1000022 13 0 61.86298 1.424879 1000022 11 1 107 458
1 1.173319 1.196671 1.139395 1 17.54264 3.002472 1000022 13 1 31.29856 1.851612 1000022 13 1 107 488
1 0.3459568 0.1344595 0.6687537 0 23.7302 1.08633 1000022 13 1 16.09687 1.632393 1000022 11 1 108 40
1 1.054444 1.13827 0.9640688 1 27.22233 1.184171 1000022 13 0 2.559208 1.642526 1000022 11 1 108 112
1 1.289688 1.878288 0.892531 1 21.392 1.250611 1000022 11 1 44.81806 1.067615 1000022 13 1 108 176
1 1.050919 0.8056091 1.198818 1 91.28342 1.209532 1000022 13 1 62.44427 1.411713 1000022 13 1 108 453
1 0.1610681 0.04515641 0.4007308 0 92.07315 1.189175 1000022 11 1 35.97023 2.112083 1000022 13 1 111 8
1 1.137649 1.170432 1.099925 1 14.90108 1.057896 1000022 13 1 47.50887 1.04519 1000022 11 1 111 45
1 0.2792014 0.09677438 0.588659 0 2.673425 1.46937 1000022 11 1 52.92378 1.065475 1000022 13 1 111 50
1 1.048997 1.136673 0.9559695 1 117.4427 1.418804 1000022 13 1 55.84315 2.97634 1000022 11 1 111 112
1 1.050919 0.8056091 1.198818 0 126.4488 1.215355 1000022 11 1 130.2824 1.13485 1000022 13 1 111 116
1 1.550791 1.753763 1.352368 1 29.93096 1.09906 1000022 13 1 58.97734 1.598523 1000022 11 1 111 260
1 1.058012 1.115802 0.9930252 1 104.6387 1.300416 1000022 13 1 47.6737 1.236924 1000022 13 1 111 333
1 0.2792014 0.09677438 0.588659 0 62.10722 1.663068 1000022 13 0 65.97646 1.409712 1000022 13 1 111 338
1 0.7934737 0.4881172 1.065644 1 50.94514 1.150786 1000022 13 1 12.11596 1.084474 1000022 11 1 111 451
1 1.057513 1.112379 0.9951048 0 75.4685 1.755982 1000022 11 1 48.38248 1.140112 1000022 13 1 111 467
1 1.75908 2.248522 1.290011 1 54.22221 1.149621 1000022 13 1 20.4323 1.023993 1000022 11 1 111 487
1 0.4205023 0.1819855 0.7484848 1 35.02416 1.187202 1000022 13 1 47.95961 2.220614 1000022 11 1 113 136
1 1.298986 1.452146 1.156092 1 70.28059 1.22121 1000022 13 0 99.40958 1.207848 1000022 11 1 113 166
1 0.9894024 0.7036328 1.19152 1 5.804482 1.068083 1000022 13 1 45.81056 1.085147 1000022 13 1 113 167
1 1.142868 1.177299 1.103399 0 192.7221 1.05696 1000022 11 1 27.4595 1.146884 1000022 13 1 113 207
1 1.053247 1.09991 0.9980844 1 20.45178 1.193874 1000022 13 0 2.486381 2.993214 1000022 13 1 113 218
1 1.026751 0.7444853 1.219196 1 131.4836 1.451668 1000022 11 1 72.94174 1.909271 1000022 13 1 113 283
1 0.6159488 0.3166172 0.9557644 0 18.07788 2.846326 1000022 13 1 70.00252 1.253767 1000022 13 1 113 359
1 0.6998869 0.3767799 1.045889 1 65.92972 1.030727 1000022 13 0 68.69849 2.001044 1000022 13 1 113 398
1 1.048836 1.548763 0.7254791 1 23.12074 1.120541 1000022 13 1 73.4642 1.180345 1000022 11 1 113 413
1 1.152971 1.190243 1.109341 1 86.71695 1.27621 1000022 13 1 9.240039 1.369088 1000022 11 1 113 426
1 0.6998869 0.3767799 1.045889 1 7.077855 1.014058 1000022 13 0 137.4437 1.026344 1000022 11 1 114 160
1 0.7934737 0.4881172 1.065644 1 29.86345 1.014002 1000022 11 1 58.65504 1.678434 1000022 13 1 114 239
1 0.1080031 0.02598027 0.3057024 1 5.441403 1.042381 1000022 13 1 22.88127 1.084241 1000022 13 1 114 386
1 1.167323 1.186361 1.134647 1 32.62215 1.144821 1000022 13 1 98.93649 1.184735 1000022 13 1 116 393
1 1.145385 0.9245803 1.259718 1 52.36052 1.049375 1000022 13 1 117.7801 1.389794 1000022 13 1 116 500
1 1.182032 1.113501 1.180358 0 8.746852 1.425576 1000022 13 1 44.66468 1.190154 1000022 13 1 120 55
1 1.054444 1.13827 0.9640688 0 85.02052 1.012483 1000022 11 1 46.32468 1.208525 1000022 13 1 120 108
1 1.194803 1.137859 1.187115 1 50.72097 1.237139 1000022 11 1 34.85816 1.066707 1000022 13 1 120 157
1 0.2634505 0.4243055 0.2458346 1 8.406373 1.037582 1000022 11 1 14.86108 1.071729 1000022 13 1 120 241
1 1.134034 1.248093 1.022271 1 35.89846 1.013183 1000022 13 1 30.09047 1.139082 1000022 13 1 120 356
1 1.575265 1.775696 1.383444 1 32.86799 1.015279 1000022 11 1 71.52255 2.880938 1000022 13 1 120 357
1 1.550791 1.753763 1.352368 1 24.47964 1.098157 1000022 13 0 58.19568 1.244135 1000022 11 1 122 21
1 1.192805 1.083559 1.213989 1 55.41478 1.136258 1000022 13 1 18.92226 1.073203 1000022 11 1 122 147
1 1.182032 1.113501 1.180358 1 23.29154 1.13296 1000022 13 0 41.579 6.347962 1000022 13 1 122 256
1 0.6571895 0.3457574 1.000641 1 31.32812 1.216732 1000022 13 0 20.79566 2.797011 1000022 11 1 122 493
1 1.147959 1.183877 1.106546 1 31.08122 1.031269 1000022 13 0 97.77633 3.933919 1000022 13 1 123 15
1 1.152971 1.190243 1.109341 1 45.5124 1.11128 1000022 13 0 56.20808 4.59102 1000022 11 1 123 60
1 1.057513 1.112379 0.9951048 1 2.22463 2.045116 1000022 11 1 27.37449 1.052293 1000022 13 1 123 126
1 1.0427 1.134261 0.9473373 1 72.83714 1.758994 1000022 13 1 19.00455 1.039144 1000022 11 1 123 218
1 1.167323 1.186361 1.134647 1 54.1433 2.386261 1000022 11 1 57.09553 1.199608 1000022 13 1 123 314
1 1.048836 1.548763 0.7254791 1 59.42642 1.050114 1000022 13 1 69.91607 1.24834 1000022 11 1 123 403
1 0.8383967 1.273376 0.5409222 1 70.11082 1.090576 1000022 13 0 176.2335 1.266675 1000022 11 1 123 408
1 1.26516 1.422013 1.117256 1 35.14367 1.274548 1000022 13 0 182.3033 1.343786 1000022 11 1 124 3
1 1.191782 1.185832 1.16486 0 16.22469 1.654092 1000022 11 1 44.69246 1.116266 1000022 13 1 124 37
1 1.142868 1.177299 1.103399 1 60.45387 1.928334 1000022 13 1 23.35882 1.103429 1000022 11 1 124 127
1 1.151918 0.9752633 1.225726 1 70.56224 1.11162 1000022 13 1 79.46561 1.405204 1000022 11 1 124 251
1 1.199428 1.046014 1.251733 0 53.35137 1.440982 1000022 13 0 132.2749 1.402007 1000022 11 1 124 443
1 0.02782141 0.00448657 0.1208789 1 33.76795 1.133984 1000022 13 1 14.69036 1.161114 1000022 11 1 124 463
1 1.157728 1.196465 1.111764 1 68.61166 1.25532 1000022 13 1 60.70678 1.032605 1000022 13 1 125 96
1 0.9138955 0.6245104 1.1333 0 80.72861 1.096315 1000022 11 1 16.4021 1.03523 1000022 13 1 125 184
1 1.42456 2.044705 0.9864829 0 0.2196365 1.450726 1000022 11 1 62.96191 1.805287 1000022 13 1 125 187
1 1.059052 1.139164 0.9715886 1 27.52701 2.533435 1000022 11 1 26.94739 1.086746 1000022 13 1 125 296
1 0.1214868 0.03012302 0.3349064 1 11.03603 1.156225 1000022 13 1 57.63095 2.201829 1000022 13 1 125 368
1 1.227292 1.202911 1.205555 1 33.57951 1.025392 1000022 13 1 9.345337 2.509441 1000022 13 1 125 445
1 1.126364 0.9389989 1.211138 1 41.89748 1.032351 1000022 13 0 149.7562 1.05837 1000022 11 1 126 118
1 1.050919 0.8056091 1.198818 1 54.9803 1.276583 1000022 13 1 9.110626 1.708662 1000022 11 1 126 205
1 1.164201 1.711426 0.8059074 1 119.2169 1.668242 1000022 13 1 65.97605 1.053755 1000022 13 1 126 260
1 1.053247 1.09991 0.9980844 1 49.60297 1.24197 1000022 13 0 200.4715 1.111412 1000022 13 1 126 282
1 1.217313 1.182622 1.199648 1 41.38354 1.05963 1000022 13 1 80.29563 1.232692 1000022 13 1 127 151
1 1.137649 1.170432 1.099925 1 15.55283 1.019174 1000022 13 1 71.07177 1.351052 1000022 13 1 127 251
1 1.705086 2.017803 1.363962 1 35.02591 1.104102 1000022 13 1 42.94744 1.092392 1000022 13 1 127 294
1 1.176288 1.010978 1.239274 0 130.5311 1.98777 1000022 11 1 90.33345 1.26056 1000022 13 1 127 410
1 1.137649 1.170432 1.099925 0 46.60782 1.109936 1000022 11 1 63.76204 1.084107 1000022 13 1 127 485
1 1.199428 1.046014 1.251733 0 9.437167 1.233409 1000022 13 1 71.25405 2.056474 1000022 13 1 129 23
1 0.2304392 0.07526134 0.508429 1 18.86444 1.060244 1000022 13 1 15.95986 1.021722 1000022 13 1 129 143
1 0.9894024 0.7036328 1.19152 1 47.27559 1.252995 1000022 13 1 25.99721 1.567285 1000022 13 1 129 167
1 1.405111 1.934095 0.9833891 0 3.874952 2.451135 1000022 13 1 110.5393 1.210078 1000022 13 1 129 250
1 0.9517445 0.6636014 1.162862 1 11.8485 1.496804 1000022 11 1 48.60539 1.461977 1000022 13 1 129 433
1 1.26516 1.422013 1.117256 0 16.91553 3.992201 1000022 11 1 28.12163 1.997935 1000022 13 1 131 221
1 1.151918 0.9752633 1.225726 1 18.48381 1.03239 1000022 13 0 127.7596 1.011632 1000022 11 1 131 237
1 1.225386 1.141194 1.230719 1 53.58721 1.409098 1000022 13 0 42.74194 3.759501 1000022 13 1 131 297
1 1.147959 1.183877 1.106546 1 22.02227 1.230515 1000022 13 1 19.50467 3.011627 1000022 13 1 131 332
1 0.9160994 0.6007248 1.171549 0 201.6047 1.979467 1000022 11 1 59.94854 1.186954 1000022 13 1 131 394
