1 1.152501 1.258655 1.04415 1 145.8949 2.61671 6002113 13 0 75.00004 14.4039 6002113 13 1 168 422
1 1.050919 0.8056091 1.198818 1 124.1776 2.268178 6001113 13 1 46.55694 3.561865 6001113 13 1 62 260
1 1.145385 0.9245803 1.259718 1 84.0304 1.636667 6002113 13 1 189.4991 1.675328 6002113 13 1 181 123
1 0.7934737 0.4881172 1.065644 1 18.9017 5.68708 6001113 13 1 59.69938 1.775732 6001113 13 1 100 428
1 0.2443026 0.07741789 0.5517042 0 630.287 1.859437 6002113 13 1 131.0323 1.514924 6002113 13 1 229 437
1 1.173319 1.196671 1.139395 1 250.9179 2.381858 6002113 13 0 147.6185 6.069503 6002113 13 1 246 348
1 1.20651 1.16088 1.193521 1 127.4855 2.487664 6002113 13 1 174.945 1.702981 6002113 13 1 249 241
1 1.095596 1.133769 1.050051 1 58.75723 1.56595 6001113 13 1 2.208381 1.355796 6001113 13 1 866 467
1 0.747205 0.4303799 1.057145 1 43.59235 2.524514 6001113 13 1 16.2761 1.652041 6001113 13 1 870 220
1 1.524498 1.73059 1.317664 1 18.6521 2.781728 6001113 13 0 26.86564 7.887294 6001113 13 1 703 190
1 1.192805 1.083559 1.213989 1 44.30565 1.392811 6001113 13 1 13.67348 1.409405 6001113 13 1 708 90
1 1.031225 1.102163 0.9526981 1 50.39334 1.311531 6002113 13 1 383.0694 1.843163 6002113 13 1 992 433
1 1.095596 1.133769 1.050051 1 327.5562 2.868592 6002113 13 1 193.7881 4.25617 6002113 13 1 995 463
1 1.034916 1.100018 0.9626585 1 115.097 2.983977 6002113 13 1 311.6897 1.544913 6002113 13 1 1000 264
1 1.157728 1.196465 1.111764 1 172.8093 1.350234 6002113 13 1 152.7765 1.470247 6002113 13 1 727 336
1 1.137649 1.170432 1.099925 1 68.02122 2.030549 6001113 13 1 67.42524 1.936084 6001113 13 1 610 431
1 1.213336 1.227995 1.180605 1 202.484 3.013343 6002113 13 1 314.9826 1.674685 6002113 13 1 616 62
1 0.2539062 0.08544197 0.5475258 1 102.0752 1.546139 6002113 13 1 316.826 2.261837 6002113 13 1 747 130
1 1.137649 1.170432 1.099925 1 451.9059 1.622759 6002113 13 1 496.9632 2.606347 6002113 13 1 622 157
1 1.137649 1.170432 1.099925 1 41.599 1.449914 6002113 13 1 56.79921 1.422004 6002113 13 1 67 495
1 1.057513 1.112379 0.9951048 1 90.27602 1.92603 6002113 13 1 176.048 1.639008 6002113 13 1 678 407
1 1.217313 1.182622 1.199648 1 30.03176 2.210483 6001113 13 1 49.17475 1.59966 6001113 13 1 183 66
1 0.3064061 0.1093534 0.631845 1 326.3729 1.724797 6002113 13 1 62.53006 1.38816 6002113 13 1 183 267
1 1.46424 1.680344 1.235249 1 258.658 1.621536 6002113 13 1 340.9887 2.153915 6002113 13 1 187 311
1 1.031225 1.102163 0.9526981 0 25.43527 5.555535 6002113 13 1 142.8799 1.787436 6002113 13 1 189 368
1 1.095596 1.133769 1.050051 1 78.39527 1.493795 6002113 13 1 439.9614 2.009901 6002113 13 1 362 493
1 1.42456 2.044705 0.9864829 1 58.60774 3.212227 6001113 13 1 37.6017 1.810026 6001113 13 1 324 282
1 0.7055845 0.3974356 1.016366 1 39.42038 1.371368 6001113 13 1 55.0763 1.698482 6001113 13 1 828 454
1 0.4903168 0.2233237 0.8385035 1 109.508 1.690361 6002113 13 1 108.1733 1.233372 6002113 13 1 831 479
1 1.209625 1.112975 1.222657 1 120.6244 2.610651 6001113 13 1 92.0597 2.457877 6001113 13 1 836 433
1 0.08964617 0.01972916 0.2750357 1 37.7957 1.721771 6002113 13 1 86.0921 2.615622 6002113 13 1 137 221
1 1.109295 1.155893 1.053631 1 127.001 1.493906 6002113 13 1 148.3618 1.652633 6002113 13 1 423 310
1 1.063672 0.7860307 1.245813 1 66.13267 3.755404 6001113 13 1 59.99313 1.773991 6001113 13 1 35 443
1 1.147959 1.183877 1.106546 1 48.93118 1.309883 6001113 13 1 31.54627 1.51925 6001113 13 1 513 308
1 1.112575 1.233052 0.9981722 1 27.93232 2.382189 6001113 13 1 95.06014 2.090636 6001113 13 1 653 351
1 0.5380682 0.2637946 0.8676014 1 384.8405 2.067272 6002113 13 1 93.58836 1.68595 6002113 13 1 536 276
1 0.9517445 0.6636014 1.162862 1 19.54082 2.088199 6001113 13 1 62.35402 1.497237 6001113 13 1 10 491
1 1.176288 1.010978 1.239274 1 112.2801 1.389035 6002113 13 1 212.1956 1.645335 6002113 13 1 87 181
1 1.191782 1.185832 1.16486 1 43.64428 1.768282 6001113 13 1 55.4313 1.591101 6001113 13 1 88 66
1 1.167323 1.186361 1.134647 1 50.61984 1.443215 6002113 13 1 96.65137 1.658661 6002113 13 1 486 436
1 0.9894024 0.7036328 1.19152 1 5.006286 1.326742 6001113 13 1 42.39129 1.487422 6001113 13 1 488 311
1 1.059052 1.139164 0.9715886 1 110.9321 3.230617 6002113 13 1 47.4385 1.842134 6002113 13 1 205 117
1 1.26516 1.422013 1.117256 1 126.5521 1.726231 6001113 13 1 126.7789 1.455826 6001113 13 1 215 315
1 0.665028 0.3662483 0.9755856 1 14.6476 1.62791 6001113 13 1 42.3283 1.521285 6001113 13 1 218 98
1 0.1014541 0.02299071 0.3029553 1 1.523308 1.781708 6001113 13 1 82.43931 3.207181 6001113 13 1 847 6
1 0.3767309 0.1505117 0.7131262 1 32.99866 1.444417 6001113 13 1 95.16714 1.564974 6001113 13 1 685 279
1 0.3767309 0.1505117 0.7131262 1 32.99866 1.444417 6001113 13 1 95.16714 1.564974 6001113 13 1 685 279
1 1.099696 0.9023142 1.195627 1 281.0803 2.455019 6002113 13 1 25.44662 1.996214 6002113 13 1 685 345
1 0.5279956 0.2465533 0.8852676 1 140.7529 1.791026 6001113 13 1 119.7721 1.601858 6001113 13 1 689 278
1 1.126364 0.9389989 1.211138 1 51.13068 1.400051 6001113 13 1 98.75291 1.778513 6001113 13 1 690 204
1 1.095596 1.133769 1.050051 1 35.95602 3.777589 6001113 13 1 39.57429 2.281692 6001113 13 1 862 474
