1 1.176288 1.010978 1.239274 1 180.3434 1.636204 6001113 13 1 18.53606 1.640336 6001113 13 1 678 192
1 1.550791 1.753763 1.352368 1 39.25406 1.573328 6001113 13 1 175.6702 1.513431 6001113 13 1 562 453
1 0.02071812 0.003240969 0.0945363 1 29.8752 2.03013 6002113 13 1 150.8211 2.136328 6002113 13 1 844 130
1 1.123647 1.241142 1.010512 1 100.9018 2.134368 6002113 13 1 180.4569 2.498357 6002113 13 1 957 63
1 1.036252 1.095703 0.9699052 1 48.57186 10.17561 6001113 13 1 7.268521 1.661948 6001113 13 1 849 139
1 1.057513 1.112379 0.9951048 1 35.26247 1.958633 6001113 13 1 149.944 3.770571 6001113 13 1 255 347
1 0.2208223 0.06788179 0.510611 1 185.5904 1.400273 6003113 13 1 475.6663 1.972352 6003113 13 1 94 414
1 1.035838 1.098122 0.9666125 0 25.12144 5.672272 6001113 13 0 43.05971 5.745594 6001113 13 1 375 119
1 1.526225 2.04983 1.080738 1 82.73105 1.553737 6002113 13 0 122.1209 1.636447 6002113 13 1 380 239
1 1.157728 1.196465 1.111764 1 52.29507 2.218479 6001113 13 1 150.9119 4.077019 6001113 13 1 412 39
1 0.5380682 0.2637946 0.8676014 1 52.33395 1.648825 6001113 13 1 55.37822 2.104163 6001113 13 1 53 184
1 0.7268606 1.122648 0.4611204 1 125.0662 2.651589 6002113 13 1 169.149 1.769755 6002113 13 1 507 414
1 1.173319 1.196671 1.139395 1 43.67125 1.511908 6001113 13 1 47.68086 1.464223 6001113 13 1 798 459
1 0.3064061 0.1093534 0.631845 1 33.49525 1.889655 6001113 13 0 21.15298 3.171389 6001113 13 1 801 306
1 1.227292 1.202911 1.205555 1 114.5754 1.945417 6002113 13 1 294.1719 1.875615 6002113 13 1 802 422
1 1.106427 1.150534 1.053346 1 73.33454 2.063062 6001113 13 1 60.12592 3.086895 6001113 13 1 946 288
1 1.145385 0.9245803 1.259718 1 18.79859 2.047044 6001113 13 1 105.6704 1.802944 6001113 13 1 541 180
1 1.062846 1.139449 0.9784784 1 158.651 2.798839 6002113 13 1 202.7647 1.854697 6002113 13 1 543 139
1 1.282494 1.437562 1.137462 0 5141.708 2.072307 6003113 13 1 79.82095 1.763927 6003113 13 1 824 142
1 1.550791 1.753763 1.352368 0 43.935 8.99644 6001113 13 1 87.75574 2.869743 6001113 13 1 351 391
1 1.298986 1.452146 1.156092 1 33.19738 2.261768 6002113 13 1 61.3876 1.458438 6002113 13 1 64 225
1 1.033406 1.101364 0.958024 0 135.4056 1.892269 6002113 13 1 174.6217 1.38611 6002113 13 1 232 353
1 1.157728 1.196465 1.111764 1 49.622 1.856403 6001113 13 0 76.64334 12.09662 6001113 13 1 366 291
1 0.6159488 0.3166172 0.9557644 1 55.2934 5.563885 6001113 13 1 17.33496 2.275558 6001113 13 1 367 37
1 1.298986 1.452146 1.156092 1 78.92767 2.093462 6002113 13 1 229.7396 4.51427 6002113 13 1 768 265
1 1.034916 1.100018 0.9626585 1 53.02686 1.501397 6001113 13 1 16.65138 1.614324 6001113 13 1 921 149
1 0.665028 0.3662483 0.9755856 1 57.85226 1.507788 6002113 13 1 219.4734 1.571707 6002113 13 1 582 392
1 0.8339615 0.5241884 1.101491 1 33.88208 2.515965 6001113 13 1 67.12778 1.953438 6001113 13 1 871 269
1 0.0400028 0.006971349 0.1567229 1 22.1491 1.925226 6002113 13 1 242.0403 1.529629 6002113 13 1 703 198
1 1.126364 0.9389989 1.211138 1 168.0089 2.15565 6001113 13 1 31.61749 1.3345 6001113 13 1 452 313
1 0.7934737 0.4881172 1.065644 1 292.6292 1.972944 6002113 13 1 245.9154 1.329548 6002113 13 1 196 300
1 1.053247 1.09991 0.9980844 1 54.4448 1.682986 6001113 13 1 137.8191 3.098965 6001113 13 1 494 495
1 1.036252 1.095703 0.9699052 1 56.8882 1.88536 6001113 13 0 47.86597 2.447951 6001113 13 1 495 25
1 1.194803 1.137859 1.187115 1 24.54045 3.700008 6001113 13 0 21.40343 24.26513 6001113 13 1 608 429
1 1.112575 1.233052 0.9981722 1 45.36298 2.112724 6001113 13 1 67.31077 1.59622 6001113 13 1 721 60
1 1.0427 1.134261 0.9473373 1 101.0487 1.989872 6002113 13 1 46.94558 1.657899 6002113 13 1 614 346
1 1.183608 1.169262 1.159476 1 50.54446 1.965326 6002113 13 1 257.4366 2.900587 6002113 13 1 396 82
1 1.126364 0.9389989 1.211138 0 26.90559 9.536508 6001113 13 1 62.69576 2.660725 6001113 13 1 10 110
1 1.106427 1.150534 1.053346 1 135.8092 2.787568 6001113 13 1 96.68403 1.798513 6001113 13 1 148 329
