1 1.123647 1.241142 1.010512 0 43.08793 8.116887 6001113 13 1 44.51822 2.920111 6001113 13 1 753 561
1 1.059052 1.139164 0.9715886 1 244.1539 2.453449 6002113 13 0 237.3095 3.098935 6002113 13 1 768 967
1 1.641128 1.972201 1.285192 1 46.38825 2.410788 6001113 13 0 22.24444 9.745545 6001113 13 1 788 526
1 1.1849 1.214892 1.148506 1 60.33137 1.088586 6001113 13 0 62.63545 1.737524 6001113 13 1 828 15
1 1.192805 1.083559 1.213989 0 82.56934 2.299621 6001113 13 0 17.59329 4.692922 6001113 13 1 829 548
1 1.112575 1.233052 0.9981722 1 185.4211 2.510156 6002113 13 1 143.4594 2.751781 6002113 13 1 833 822
1 0.114587 0.02674881 0.3330998 1 190.5424 1.225129 6002113 13 0 561.6029 2.659817 6002113 13 1 852 92
1 1.199401 1.201198 1.170168 1 69.73885 1.815452 6002113 13 0 84.31841 1.228861 6002113 13 1 1167 700
1 1.329532 1.478061 1.189894 1 30.58084 1.883084 6001113 13 1 67.77149 1.250712 6001113 13 1 349 946
1 1.033406 1.101364 0.958024 0 0.4925499 9.705003 6001113 13 1 49.3564 5.12811 6001113 13 1 351 783
1 0.001468385 0.0002809328 0.008622341 0 118.6955 4.99107 6003113 13 0 2704.667 1.651696 6003113 13 1 359 301
1 1.034916 1.100018 0.9626585 0 20.43003 1.603977 6001113 13 0 39.71473 5.617334 6001113 13 1 359 579
1 1.055133 1.104334 0.9975671 0 282.4338 1.872413 6002113 13 0 48.34365 2.87317 6002113 13 1 366 386
1 0.3355998 0.123277 0.6770892 0 20.09385 2.572801 6001113 13 1 79.09496 5.230974 6001113 13 1 371 433
1 1.031225 1.102163 0.9526981 1 33.10785 1.412337 6001113 13 0 28.23066 2.235674 6001113 13 1 371 586
1 1.191782 1.185832 1.16486 0 29.39062 6.834046 6001113 13 1 38.29079 3.011945 6001113 13 1 378 407
1 1.183608 1.169262 1.159476 1 50.20329 2.378476 6002113 13 1 71.88567 1.560675 6002113 13 1 856 856
1 1.099519 1.139476 1.051563 0 21.13011 2.170325 6001113 13 1 90.34605 1.891199 6001113 13 1 857 217
1 1.062846 1.139449 0.9784784 1 62.36873 2.045987 6001113 13 1 59.71924 4.34416 6001113 13 1 857 287
1 0.2539062 0.08544197 0.5475258 1 12.64553 1.066499 6001113 13 0 46.63074 1.13148 6001113 13 1 859 612
1 1.206555 1.21522 1.17542 0 4.063231 1.331746 6001113 13 1 63.09666 1.090937 6001113 13 1 863 431
1 1.143675 1.253919 1.033471 0 97.2567 2.01244 6002113 13 0 1.438808 1.723072 6002113 13 1 867 529
1 1.035838 1.098122 0.9666125 0 24.29044 1.28791 6001113 13 1 86.31826 1.24718 6001113 13 1 869 625
1 1.152501 1.258655 1.04415 0 0.5806386 2.12145 6001113 13 1 226.7257 1.517863 6001113 13 1 876 311
1 1.42456 2.044705 0.9864829 0 119.4606 4.267581 6001113 13 0 11.27975 4.39259 6001113 13 1 877 420
1 1.026751 0.7444853 1.219196 0 302.2892 1.603119 6002113 13 0 62.90494 1.752924 6002113 13 1 878 396
1 1.109295 1.155893 1.053631 0 48.12535 2.065069 6001113 13 1 21.34833 1.469289 6001113 13 1 878 753
1 1.314649 1.46568 1.173482 0 44.47192 7.505611 6001113 13 0 35.59309 2.118429 6001113 13 1 879 422
1 1.017868 0.7662661 1.176325 0 124.108 5.231359 6001113 13 1 102.3455 1.396078 6001113 13 1 881 773
1 1.143675 1.253919 1.033471 0 97.80302 1.381895 6002113 13 0 1176.823 2.63248 6002113 13 1 881 919
1 1.112575 1.233052 0.9981722 1 50.79605 2.124428 6001113 13 0 40.37133 4.054446 6001113 13 1 1175 119
1 1.329532 1.478061 1.189894 0 28.86068 3.779948 6002113 13 1 197.4996 2.945433 6002113 13 1 1175 416
1 0.6679293 1.172073 0.374902 0 371.8385 18.24289 6002113 13 0 166.9326 4.773416 6002113 13 1 1175 683
1 0.8748782 0.5617447 1.136825 0 53.09203 1.440215 6001113 13 0 16.57421 1.76931 6001113 13 1 1178 979
1 1.282494 1.437562 1.137462 1 48.458 1.258255 6001113 13 0 77.69536 2.477623 6001113 13 1 1180 309
1 1.199401 1.201198 1.170168 0 73.71116 2.017604 6002113 13 1 48.76104 1.427982 6002113 13 1 1182 646
1 1.173319 1.196671 1.139395 0 24.02814 2.000355 6001113 13 1 64.63338 1.867728 6001113 13 1 1187 745
1 0.7055845 0.3974356 1.016366 1 39.72255 1.919166 6001113 13 0 200.8423 3.046812 6001113 13 1 887 724
1 0.9574994 0.6410515 1.205563 1 54.38588 1.176172 6002113 13 0 391.0834 1.220555 6002113 13 1 894 936
1 1.123647 1.241142 1.010512 1 49.07302 2.392068 6001113 13 1 77.90634 1.608003 6001113 13 1 908 653
1 1.0427 1.134261 0.9473373 0 808.5334 1.853618 6002113 13 1 55.62872 1.059596 6002113 13 1 2025 120
1 1.227292 1.202911 1.205555 0 93.39923 2.43674 6001113 13 0 16.95757 2.765025 6001113 13 1 2025 659
1 1.213336 1.227995 1.180605 1 45.63212 1.256419 6001113 13 0 144.5127 1.438387 6001113 13 1 2025 873
1 1.182032 1.113501 1.180358 1 162.1542 1.899809 6003113 13 0 2056.222 1.683341 6003113 13 1 1736 959
1 1.46424 1.680344 1.235249 0 40.90966 1.877297 6001113 13 0 113.0098 1.742192 6001113 13 1 1744 557
1 1.095596 1.133769 1.050051 0 61.76021 3.509452 6001113 13 1 219.2597 1.567704 6001113 13 1 1411 828
1 1.054444 1.13827 0.9640688 0 6.911151 6.159213 6001113 13 0 64.91479 3.159588 6001113 13 1 1412 681
1 0.3459568 0.1344595 0.6687537 0 134.0289 3.285529 6001113 13 0 3.317047 4.120934 6001113 13 1 1414 203
1 0.8332192 0.5015442 1.138243 1 39.29071 1.256687 6001113 13 1 18.27699 1.12616 6001113 13 1 1416 541
1 1.174602 1.053046 1.204645 0 8.605973 1.984051 6001113 13 1 50.33234 1.105086 6001113 13 1 1418 655
1 1.026751 0.7444853 1.219196 0 364.2628 1.814956 6002113 13 0 188.8435 1.924604 6002113 13 1 1418 855
1 1.20651 1.16088 1.193521 0 103.6934 3.410856 6002113 13 1 144.0223 1.639254 6002113 13 1 1429 786
1 0.4442115 0.1872741 0.8068974 0 49.64842 1.380137 6001113 13 1 112.1895 1.927907 6001113 13 1 1432 504
1 0.3064061 0.1093534 0.631845 1 103.8802 2.177011 6001113 13 0 18.03969 1.958364 6001113 13 1 1436 310
1 0.9517445 0.6636014 1.162862 0 42.87408 1.324179 6001113 13 1 109.0991 1.328941 6001113 13 1 1437 376
1 1.147959 1.183877 1.106546 1 109.9921 1.911941 6002113 13 0 160.3399 2.851484 6002113 13 1 1437 889
1 0.0400028 0.006971349 0.1567229 0 75.51564 1.644671 6001113 13 0 21.97393 2.041134 6001113 13 1 1438 823
1 1.058012 1.115802 0.9930252 1 30.20733 1.187112 6001113 13 1 56.27745 1.972207 6001113 13 1 1751 137
1 1.152971 1.190243 1.109341 1 12.24463 1.586436 6001113 13 0 137.4243 2.216965 6001113 13 1 1751 548
1 1.20651 1.16088 1.193521 1 26.4289 1.190264 6001113 13 1 90.8605 1.295212 6001113 13 1 1751 697
1 1.109295 1.155893 1.053631 1 33.89712 2.119993 6001113 13 0 3.868325 3.761242 6001113 13 1 1752 774
1 1.20651 1.16088 1.193521 1 74.146 2.925709 6001113 13 1 0.3416772 3.258701 6001113 13 1 1759 139
1 1.298986 1.452146 1.156092 0 1.20121 3.271133 6001113 13 0 56.34534 3.691173 6001113 13 1 2029 131
1 0.5279956 0.2465533 0.8852676 0 100.5469 1.632936 6001113 13 1 10.5207 2.971513 6001113 13 1 2029 841
1 1.033406 1.101364 0.958024 1 71.30643 1.798994 6001113 13 1 70.64622 1.230893 6001113 13 1 2029 995
1 1.033406 1.101364 0.958024 1 71.30643 1.798994 6001113 13 1 70.64622 1.230893 6001113 13 1 2029 995
1 1.192805 1.083559 1.213989 1 33.89354 3.25563 6001113 13 0 12.07485 8.244892 6001113 13 1 2050 783
1 0.9517445 0.6636014 1.162862 0 141.9839 2.281603 6003113 13 0 245.6112 2.762216 6003113 13 1 1441 963
1 1.035838 1.098122 0.9666125 0 59.53261 2.001272 6001113 13 1 1.319238 2.095312 6001113 13 1 1442 871
1 1.083255 0.8452013 1.220206 0 258.1722 4.115528 6002113 13 1 30.53338 2.54697 6002113 13 1 1442 951
1 1.10316 1.145079 1.05266 0 72.66657 3.60557 6001113 13 0 38.92519 1.66129 6001113 13 1 1445 699
1 1.152501 1.258655 1.04415 0 105.4324 2.174062 6001113 13 1 56.21117 1.432086 6001113 13 1 1446 71
1 1.099519 1.139476 1.051563 0 14.03147 2.054352 6001113 13 1 16.90702 1.666734 6001113 13 1 1446 961
1 1.866054 2.331325 1.3979 0 98.21549 3.640172 6001113 13 1 53.35247 1.143934 6001113 13 1 1447 637
1 1.314649 1.46568 1.173482 0 18.87073 4.623159 6001113 13 1 91.72589 1.823781 6001113 13 1 1449 769
1 1.49586 1.706142 1.278772 0 105.7875 2.445731 6001113 13 0 119.123 1.785672 6001113 13 1 1450 558
1 1.183608 1.169262 1.159476 0 993.0692 1.047785 6002113 13 1 56.49608 1.073132 6002113 13 1 1450 590
1 1.134034 1.248093 1.022271 1 44.60389 1.074857 6001113 13 0 38.26081 1.297665 6001113 13 1 1450 610
1 1.206555 1.21522 1.17542 0 51.61574 1.268969 6001113 13 0 67.45489 1.283672 6001113 13 1 1454 536
1 1.1849 1.214892 1.148506 0 90.63661 1.995151 6001113 13 1 50.19036 1.087129 6001113 13 1 1454 560
1 0.1991887 0.05938704 0.4717879 0 4.900425 2.588887 6001113 13 1 67.36467 1.201095 6001113 13 1 1454 880
1 0.4442115 0.1872741 0.8068974 0 112.1955 1.763175 6002113 13 1 421.3893 1.61889 6002113 13 1 1454 931
1 1.056557 1.108524 0.9965968 0 70.73656 1.662938 6002113 13 0 247.3389 2.456371 6002113 13 1 1456 71
1 1.167323 1.186361 1.134647 0 475.9202 59.18952 6002113 13 0 123.663 2.794766 6002113 13 1 1457 288
1 1.298986 1.452146 1.156092 1 129.8443 1.609655 6002113 13 0 497.6525 1.614309 6002113 13 1 1458 272
1 1.298986 1.452146 1.156092 0 64.30193 2.643203 6002113 13 0 151.2187 1.462709 6002113 13 1 1458 900
1 1.209625 1.112975 1.222657 1 57.48429 1.679995 6001113 13 0 14.08615 16.82299 6001113 13 1 1461 178
1 1.058012 1.115802 0.9930252 1 119.7767 3.786911 6002113 13 0 207.0185 1.837711 6002113 13 1 1463 7
1 1.152971 1.190243 1.109341 0 58.8652 2.674173 6002113 13 1 71.94551 1.544626 6002113 13 1 1464 173
1 1.575265 1.775696 1.383444 0 90.20413 2.196684 6001113 13 0 25.73162 3.407004 6001113 13 1 2062 257
1 1.298986 1.452146 1.156092 0 87.39642 1.279924 6001113 13 1 25.77994 1.564576 6001113 13 1 1327 311
1 1.058012 1.115802 0.9930252 0 720.6562 1.828437 6002113 13 1 39.61239 1.173682 6002113 13 1 1327 368
1 1.217313 1.182622 1.199648 0 34.61282 4.189704 6001113 13 0 0.7756572 4.548448 6001113 13 1 1763 351
1 1.063672 0.7860307 1.245813 0 20.62428 1.594844 6001113 13 1 75.83548 1.516347 6001113 13 1 1766 235
1 1.46424 1.680344 1.235249 0 1609.276 1.608215 6002113 13 1 56.71475 1.18143 6002113 13 1 1468 66
1 1.134034 1.248093 1.022271 0 10.90328 1.486393 6001113 13 1 42.33505 1.473126 6001113 13 1 1468 944
1 1.206555 1.21522 1.17542 0 511.0941 1.760553 6002113 13 1 77.0444 1.624743 6002113 13 1 1475 248
1 0.7934737 0.4881172 1.065644 0 1.463586 1.703698 6001113 13 0 27.71176 1.907649 6001113 13 1 1483 24
1 1.106427 1.150534 1.053346 1 80.37562 1.441912 6001113 13 0 55.6836 2.02699 6001113 13 1 1488 446
1 1.56971 1.920896 1.202337 0 55.76925 15.02193 6001113 13 1 30.25899 1.521211 6001113 13 1 1492 612
1 1.109295 1.155893 1.053631 0 280.5362 2.750084 6002113 13 1 32.77636 1.798442 6002113 13 1 1493 50
1 0.2208223 0.06788179 0.510611 1 137.7288 1.98682 6001113 13 0 23.43681 4.337158 6001113 13 1 1493 175
1 0.05673886 0.0108806 0.1995393 1 59.94377 1.56217 6001113 13 1 74.76543 1.166522 6001113 13 1 1494 583
1 1.550791 1.753763 1.352368 1 37.81963 1.026992 6001113 13 1 45.67822 1.115585 6001113 13 1 1496 719
1 1.152501 1.258655 1.04415 0 15.35564 4.782052 6001113 13 1 31.8732 1.29674 6001113 13 1 1772 531
1 1.157728 1.196465 1.111764 0 119.8463 4.837497 6001113 13 1 114.5727 1.634316 6001113 13 1 1779 137
1 1.179161 1.206147 1.144075 1 58.37268 1.28688 6001113 13 1 31.43521 1.058375 6001113 13 1 1780 201
1 1.058012 1.115802 0.9930252 0 40.1773 7.770921 6001113 13 0 172.0548 1.983908 6001113 13 1 1784 129
1 0.4442115 0.1872741 0.8068974 0 79.88874 4.840769 6001113 13 0 41.50858 2.540205 6001113 13 1 1784 296
1 1.031225 1.102163 0.9526981 1 3.588298 1.48594 6001113 13 1 27.86668 1.584316 6001113 13 1 1784 548
1 1.26516 1.422013 1.117256 0 75.99834 6.862433 6002113 13 0 1190.71 2.999659 6002113 13 1 1784 564
1 0.5762256 0.2893137 0.9113798 1 30.00895 1.115784 6001113 13 0 4.624454 1.632757 6001113 13 1 1788 491
1 1.099696 0.9023142 1.195627 0 131.1429 1.803895 6001113 13 0 37.92356 3.385254 6001113 13 1 1788 828
1 0.7055845 0.3974356 1.016366 1 47.41637 1.303564 6001113 13 0 21.22227 5.330886 6001113 13 1 2088 649
1 1.048997 1.136673 0.9559695 1 26.56274 1.073073 6001113 13 1 16.18829 1.146518 6001113 13 1 201 541
1 1.054444 1.13827 0.9640688 0 141.8511 3.20021 6001113 13 1 64.70142 2.935172 6001113 13 1 1083 845
1 0.7055845 0.3974356 1.016366 0 184.0045 3.084765 6002113 13 0 35.73437 3.340249 6002113 13 1 1086 945
1 1.191782 1.185832 1.16486 0 79.55148 2.111192 6002113 13 1 137.3381 1.84716 6002113 13 1 1091 268
1 1.46424 1.680344 1.235249 0 144.7354 1.901485 6002113 13 0 2.410012 3.833366 6002113 13 1 1093 565
1 1.017868 0.7662661 1.176325 0 56.46672 2.705157 6002113 13 0 832.9306 7.63713 6002113 13 1 1094 511
1 0.5279956 0.2465533 0.8852676 1 46.10571 1.369065 6003113 13 0 11968.51 1.853505 6003113 13 1 1098 13
1 1.123647 1.241142 1.010512 0 39.02598 4.50849 6001113 13 0 128.059 1.873568 6001113 13 1 1099 446
1 1.147959 1.183877 1.106546 0 201.2079 1.838581 6001113 13 0 175.9446 1.514161 6001113 13 1 1102 293
1 1.526225 2.04983 1.080738 0 263.0172 2.096718 6002113 13 1 64.78265 1.13575 6002113 13 1 1500 990
1 0.9894024 0.7036328 1.19152 1 18.38717 2.130762 6001113 13 1 30.61407 3.469425 6001113 13 1 1505 154
1 1.176288 1.010978 1.239274 1 85.72707 1.275715 6001113 13 0 44.4078 1.881069 6001113 13 1 1508 657
1 0.5292084 0.8493549 0.3262614 1 52.45804 1.334395 6001113 13 0 56.27395 2.073747 6001113 13 1 1515 304
1 1.050919 0.8056091 1.198818 1 42.87991 2.121727 6001113 13 1 4.064573 1.291573 6001113 13 1 2093 169
1 0.001468385 0.0002809328 0.008622341 0 126.0078 1.658084 6002113 13 0 944.318 3.17379 6002113 13 1 2096 915
1 1.157728 1.196465 1.111764 0 5.035795 9.66317 6001113 13 1 75.07902 1.647988 6001113 13 1 2097 508
1 1.134034 1.248093 1.022271 0 50.0308 6.935676 6001113 13 0 10.43843 3.170056 6001113 13 1 2100 178
1 1.15499 1.021547 1.194574 1 256.9198 1.406917 6002113 13 1 56.19407 1.192298 6002113 13 1 2104 301
1 0.01217822 0.001818087 0.06209253 0 10.10115 3.664817 6001113 13 1 107.1148 3.849796 6001113 13 1 1328 469
1 1.329532 1.478061 1.189894 1 5.984703 1.072067 6001113 13 1 61.50297 1.359733 6001113 13 1 1330 300
1 1.035838 1.098122 0.9666125 0 62.32154 1.468916 6001113 13 1 41.02942 1.835052 6001113 13 1 1332 335
1 1.152501 1.258655 1.04415 1 41.93699 1.211889 6001113 13 0 6.028129 2.032057 6001113 13 1 2246 880
1 1.173319 1.196671 1.139395 1 70.4861 1.466132 6002113 13 0 473.36 3.870001 6002113 13 1 2248 670
1 0.5179346 0.9281273 0.2807825 1 50.9806 1.33388 6001113 13 0 81.48463 2.34856 6001113 13 1 2248 810
1 0.4903168 0.2233237 0.8385035 0 186.4447 1.797504 6001113 13 1 65.83108 1.165239 6001113 13 1 227 61
1 1.705086 2.017803 1.363962 1 45.20805 1.232484 6002113 13 0 93.0348 1.678569 6002113 13 1 229 122
1 1.194803 1.137859 1.187115 1 80.60954 3.81972 6001113 13 0 53.17683 2.569002 6001113 13 1 245 589
1 1.761918 2.058838 1.43754 0 33.65654 7.29092 6001113 13 1 110.1148 1.284765 6001113 13 1 257 266
1 1.75908 2.248522 1.290011 1 81.38702 1.117405 6001113 13 1 61.39374 1.293217 6001113 13 1 1108 403
1 1.054444 1.13827 0.9640688 0 77.87701 1.17344 6001113 13 1 32.02944 1.119881 6001113 13 1 1108 609
1 0.9160994 0.6007248 1.171549 1 34.80347 1.641802 6001113 13 0 9.455164 2.202163 6001113 13 1 1108 616
1 1.095596 1.133769 1.050051 0 114.1464 1.557059 6001113 13 0 16.77186 2.535719 6001113 13 1 1108 899
1 0.4269872 0.7264097 0.2541938 1 59.96814 1.233392 6002113 13 0 49.95388 1.411055 6002113 13 1 1111 370
1 1.137649 1.170432 1.099925 0 70.55447 1.855527 6001113 13 0 11.0577 1.101256 6001113 13 1 1112 920
1 0.7242169 1.085561 0.4754195 1 110.8215 2.064957 6002113 13 0 434.0481 1.867301 6002113 13 1 1113 88
1 1.099519 1.139476 1.051563 0 86.65742 2.120122 6002113 13 1 245.3224 1.341656 6002113 13 1 1118 541
1 1.134034 1.248093 1.022271 1 209.817 1.941058 6002113 13 0 165.7274 2.498172 6002113 13 1 1118 859
1 1.054444 1.13827 0.9640688 1 50.22781 1.466111 6001113 13 0 20.29109 1.242176 6001113 13 1 1119 755
1 1.176288 1.010978 1.239274 1 46.09229 2.497017 6001113 13 1 64.6423 2.026813 6001113 13 1 1120 725
1 1.183608 1.169262 1.159476 1 39.45461 1.246071 6001113 13 0 9.275298 1.494582 6001113 13 1 1123 566
1 1.314649 1.46568 1.173482 1 63.06876 1.589401 6001113 13 0 26.86602 2.496551 6001113 13 1 616 188
1 0.1214868 0.03012302 0.3349064 0 99.9982 2.207506 6001113 13 0 120.0923 1.994396 6001113 13 1 616 729
1 1.057513 1.112379 0.9951048 1 68.90559 1.140209 6001113 13 0 299.534 1.58351 6001113 13 1 657 828
1 1.143675 1.253919 1.033471 0 919.0511 18.4034 6002113 13 0 48.73985 1.582761 6002113 13 1 674 166
1 1.225386 1.141194 1.230719 1 205.9026 1.341396 6002113 13 0 396.0137 2.355289 6002113 13 1 1124 227
1 1.134034 1.248093 1.022271 0 88.56725 1.062513 6001113 13 1 43.38745 1.17992 6001113 13 1 1126 449
1 0.1527629 0.0402692 0.399808 1 50.36909 1.911066 6001113 13 0 35.08304 3.931661 6001113 13 1 274 667
1 1.179161 1.206147 1.144075 1 47.79062 1.249487 6002113 13 0 519.6949 21.9206 6002113 13 1 286 319
1 1.137649 1.170432 1.099925 1 82.64093 6.05484 6001113 13 0 14.27045 2.795421 6001113 13 1 286 553
1 1.151918 0.9752633 1.225726 0 114.9292 4.303594 6001113 13 0 31.1818 3.388201 6001113 13 1 305 38
1 1.126364 0.9389989 1.211138 0 28.60636 1.783589 6002113 13 1 239.89 1.467188 6002113 13 1 305 855
1 0.1363718 0.034862 0.3662451 1 19.68073 1.374336 6002113 13 0 278.9342 1.654308 6002113 13 1 328 472
1 0.1080031 0.02598027 0.3057024 0 40.23106 2.550024 6001113 13 0 79.82469 6.678275 6001113 13 1 331 101
1 1.048997 1.136673 0.9559695 1 50.55365 1.856984 6001113 13 0 5.854214 3.397477 6001113 13 1 331 536
1 0.4355545 0.9923941 0.2025623 0 73.89604 2.07551 6001113 13 0 268.7345 1.978857 6001113 13 1 331 839
1 1.15499 1.021547 1.194574 0 80.39127 1.373034 6002113 13 0 305.1293 3.373296 6002113 13 1 346 596
1 1.099519 1.139476 1.051563 1 42.37388 2.451105 6001113 13 0 2.257995 4.095011 6001113 13 1 346 757
1 1.190567 1.223018 1.152597 0 0.9607658 2.737235 6002113 13 1 96.26656 1.3429 6002113 13 1 682 549
1 1.031225 1.102163 0.9526981 0 58.44545 3.511723 6001113 13 1 58.98384 3.284751 6001113 13 1 685 213
1 1.179161 1.206147 1.144075 1 67.63633 2.027131 6001113 13 0 15.28699 1.525204 6001113 13 1 686 72
1 1.095596 1.133769 1.050051 1 13.68291 1.286887 6001113 13 1 118.9815 1.388006 6001113 13 1 687 175
1 1.227292 1.202911 1.205555 0 75.95776 3.080173 6001113 13 0 12.90075 1.971474 6001113 13 1 687 653
1 1.282494 1.437562 1.137462 0 1.571736 1.616786 6001113 13 1 41.71949 1.288822 6001113 13 1 1308 523
1 1.106427 1.150534 1.053346 1 66.14133 1.268859 6001113 13 0 113.3945 1.887919 6001113 13 1 1308 861
1 1.059052 1.139164 0.9715886 0 87.07429 1.152889 6002113 13 1 42.28613 1.090449 6002113 13 1 1316 40
1 1.550791 1.753763 1.352368 0 13.7492 5.647383 6001113 13 1 24.14424 2.713008 6001113 13 1 1316 248
1 0.007146383 0.001067442 0.03981817 1 157.8738 1.243068 6001113 13 1 0.9052429 1.279943 6001113 13 1 1317 564
1 1.152501 1.258655 1.04415 0 254.7739 3.740833 6001113 13 0 115.4253 2.999573 6001113 13 1 1318 371
1 1.050919 0.8056091 1.198818 1 123.6378 1.268127 6001113 13 1 38.524 1.506107 6001113 13 1 1320 4
1 1.49586 1.706142 1.278772 0 30.18534 2.916211 6001113 13 1 47.25101 1.186769 6001113 13 1 1150 325
1 0.8332192 0.5015442 1.138243 1 114.9037 1.297879 6002113 13 0 9.289312 5.320089 6002113 13 1 1150 349
1 1.031225 1.102163 0.9526981 0 49.08056 2.484964 6001113 13 1 32.52037 1.201692 6001113 13 1 1163 887
1 1.056557 1.108524 0.9965968 0 73.73454 1.522724 6002113 13 0 477.4121 1.892757 6002113 13 1 742 372
1 1.095596 1.133769 1.050051 1 64.02761 1.040872 6001113 13 0 22.31358 1.370034 6001113 13 1 752 195
1 1.179161 1.206147 1.144075 1 117.9452 2.591679 6001113 13 0 35.9054 4.637804 6001113 13 1 753 48
1 1.151918 0.9752633 1.225726 1 66.52583 1.274464 6001113 13 1 60.94458 1.284114 6001113 13 1 937 849
1 0.8332192 0.5015442 1.138243 0 40.46663 23.80408 6001113 13 1 40.72394 1.228785 6001113 13 1 944 30
1 1.227292 1.202911 1.205555 1 53.13158 1.089266 6001113 13 0 127.2717 2.301063 6001113 13 1 1189 926
1 1.289688 1.878288 0.892531 0 1.233734 9.136956 6001113 13 1 72.72227 2.103327 6001113 13 1 383 531
1 1.298986 1.452146 1.156092 0 240.5876 2.709943 6002113 13 1 55.00395 1.156961 6002113 13 1 387 65
1 0.9160994 0.6007248 1.171549 1 44.32336 2.035772 6001113 13 1 31.7015 1.497077 6001113 13 1 388 244
1 1.0427 1.134261 0.9473373 1 79.91067 1.674979 6002113 13 0 544.7104 1.963422 6002113 13 1 388 370
1 0.9160994 0.6007248 1.171549 1 85.5863 1.307315 6002113 13 0 319.8707 2.848488 6002113 13 1 407 657
1 1.182032 1.113501 1.180358 1 60.32877 1.393946 6001113 13 1 73.90871 2.717165 6001113 13 1 419 928
1 1.137649 1.170432 1.099925 0 138.2605 1.599224 6002113 13 0 93.26054 2.611437 6002113 13 1 424 256
1 1.143675 1.253919 1.033471 1 95.91809 1.882992 6002113 13 1 43.53211 1.286638 6002113 13 1 424 897
1 0.04601344 0.008200601 0.1755223 1 63.73675 1.135002 6001113 13 0 7.284872 3.606717 6001113 13 1 426 712
1 1.123647 1.241142 1.010512 1 40.92364 1.477503 6001113 13 0 14.28531 3.548555 6001113 13 1 953 322
1 1.191782 1.185832 1.16486 1 12.71234 3.549313 6001113 13 1 39.82724 2.847012 6001113 13 1 953 351
1 1.26516 1.422013 1.117256 1 93.23917 1.813794 6002113 13 0 423.4317 7.545991 6002113 13 1 953 394
1 1.866054 2.331325 1.3979 0 45.58632 1.750637 6001113 13 1 129.0507 1.14642 6001113 13 1 962 548
1 1.10316 1.145079 1.05266 0 64.50451 1.680224 6002113 13 1 122.9527 1.180401 6002113 13 1 974 662
1 1.017868 0.7662661 1.176325 1 56.6472 1.878289 6001113 13 1 209.216 1.816674 6001113 13 1 982 691
1 1.137649 1.170432 1.099925 1 199.6673 1.763726 6002113 13 0 73.8351 1.474003 6002113 13 1 982 981
1 0.8339615 0.5241884 1.101491 1 124.5381 1.162964 6001113 13 0 48.22246 2.219192 6001113 13 1 985 128
1 1.167323 1.186361 1.134647 0 19.11 3.203764 6002113 13 0 196.1613 1.186285 6002113 13 1 988 265
1 1.106427 1.150534 1.053346 1 86.23543 2.428661 6001113 13 0 14.88431 4.869987 6001113 13 1 1220 829
1 1.062846 1.139449 0.9784784 0 35.28806 2.308775 6001113 13 0 30.91833 2.836046 6001113 13 1 1227 947
1 0.01785031 0.00275673 0.0833977 0 75.55375 1.514982 6002113 13 0 166.6526 6.389117 6002113 13 1 993 258
1 1.199401 1.201198 1.170168 0 112.4798 1.452206 6002113 13 1 117.5437 1.198059 6002113 13 1 994 49
1 0.9574994 0.6410515 1.205563 0 81.58778 4.031757 6001113 13 0 17.94508 3.369382 6001113 13 1 994 755
1 1.705086 2.017803 1.363962 0 62.79672 1.263505 6001113 13 1 65.67129 1.109693 6001113 13 1 12 506
1 0.9894024 0.7036328 1.19152 0 456.0305 10.63617 6002113 13 1 99.56229 1.128855 6002113 13 1 15 585
1 1.282494 1.437562 1.137462 0 229.1941 1.55522 6001113 13 0 58.72314 2.272723 6001113 13 1 17 286
1 1.145385 0.9245803 1.259718 0 129.2944 4.404238 6001113 13 1 57.76585 2.837436 6001113 13 1 17 957
1 1.199401 1.201198 1.170168 1 108.6502 1.262724 6002113 13 1 36.3297 1.61262 6002113 13 1 21 821
1 1.199401 1.201198 1.170168 1 108.6502 1.262724 6002113 13 1 36.3297 1.61262 6002113 13 1 21 821
1 1.227292 1.202911 1.205555 1 193.3597 1.452402 6002113 13 0 27.318 8.379647 6002113 13 1 31 167
1 0.7055845 0.3974356 1.016366 0 495.5965 1.956372 6002113 13 1 46.4619 3.104661 6002113 13 1 32 67
1 0.008972122 0.001331868 0.04754584 0 1.39607 6.337733 6001113 13 1 44.64662 2.753588 6001113 13 1 36 60
1 1.028816 2.178673 0.4767559 0 74.83356 2.265627 6001113 13 1 68.75124 2.520526 6001113 13 1 436 6
1 0.665028 0.3662483 0.9755856 1 53.67242 1.663567 6001113 13 1 29.30251 1.32589 6001113 13 1 436 371
1 0.8332192 0.5015442 1.138243 0 144.9702 13.18324 6002113 13 0 361.4381 1.909174 6002113 13 1 442 462
1 1.058012 1.115802 0.9930252 1 38.2376 1.273121 6001113 13 1 38.00249 1.481036 6001113 13 1 445 627
1 1.151918 0.9752633 1.225726 0 60.69318 1.366424 6002113 13 0 217.428 1.518364 6002113 13 1 445 793
1 1.106427 1.150534 1.053346 0 11.58042 2.000103 6001113 13 1 65.26662 1.631131 6001113 13 1 448 531
1 1.56971 1.920896 1.202337 0 68.00426 1.966738 6001113 13 1 0.5242767 2.639157 6001113 13 1 458 217
1 1.035838 1.098122 0.9666125 0 74.12437 2.917176 6001113 13 0 75.49873 2.212623 6001113 13 1 458 766
1 1.164201 1.711426 0.8059074 0 34.64325 1.699026 6001113 13 0 70.6257 2.980641 6001113 13 1 459 112
1 0.747205 0.4303799 1.057145 1 195.5157 1.904582 6002113 13 0 55.10773 1.992264 6002113 13 1 460 284
1 1.050919 0.8056091 1.198818 0 81.46605 3.814523 6001113 13 0 8.047976 5.257197 6001113 13 1 460 490
1 1.054444 1.13827 0.9640688 0 927.7602 6.110471 6002113 13 1 53.87074 1.409152 6002113 13 1 997 219
1 1.164201 1.711426 0.8059074 0 49.39739 1.910057 6001113 13 0 99.6685 1.810701 6001113 13 1 997 745
1 1.329532 1.478061 1.189894 1 63.73158 3.057709 6001113 13 0 19.22691 8.923035 6001113 13 1 999 71
1 1.761918 2.058838 1.43754 1 240.3918 1.276502 6002113 13 0 90.18403 1.357256 6002113 13 1 999 557
1 0.03009876 0.005032814 0.1242768 0 53.03248 1.265191 6001113 13 0 24.63166 2.019667 6001113 13 1 1003 264
1 0.1363718 0.034862 0.3662451 0 1156.394 6.295322 6002113 13 0 68.23856 2.377216 6002113 13 1 1004 235
1 0.0400028 0.006971349 0.1567229 0 71.49519 1.644194 6001113 13 0 94.56059 1.796983 6001113 13 1 1006 962
1 0.203907 0.4107535 0.09737417 1 76.42175 1.479278 6001113 13 0 193.8963 1.734862 6001113 13 1 1010 9
1 1.26516 1.422013 1.117256 0 8.147165 2.444728 6001113 13 0 61.9635 2.301223 6001113 13 1 1230 291
1 0.6342273 1.05356 0.3835326 0 75.75078 1.839743 6002113 13 0 806.618 1.755056 6002113 13 1 1231 889
1 1.143675 1.253919 1.033471 0 48.09198 5.973366 6001113 13 1 60.63126 3.40079 6001113 13 1 1232 89
1 0.5762256 0.2893137 0.9113798 0 125.0113 1.437289 6003113 13 0 1689.428 1.834493 6003113 13 1 1232 118
1 0.7055845 0.3974356 1.016366 1 48.41629 1.654661 6001113 13 0 52.25324 2.817838 6001113 13 1 135 750
1 1.033406 1.101364 0.958024 0 8.302317 9.975033 6001113 13 0 56.97096 1.517842 6001113 13 1 1055 964
1 0.1014541 0.02299071 0.3029553 0 97.49174 4.37339 6001113 13 1 108.4843 1.639282 6001113 13 1 1063 33
1 1.095596 1.133769 1.050051 0 244.0822 2.64498 6002113 13 0 153.4451 1.937325 6002113 13 1 1065 183
1 0.6571895 0.3457574 1.000641 0 622.3207 1.544144 6002113 13 1 211.0112 2.168852 6002113 13 1 1065 638
1 0.02071812 0.003240969 0.0945363 0 207.7627 1.970688 6002113 13 0 158.1878 3.374921 6002113 13 1 1072 704
1 1.142868 1.177299 1.103399 1 47.5547 2.224264 6001113 13 0 104.3154 4.659599 6001113 13 1 1077 226
1 1.058012 1.115802 0.9930252 1 97.87393 1.348639 6003113 13 0 965.2986 1.754051 6003113 13 1 1079 303
1 0.02402195 0.003812468 0.1069883 1 125.7591 1.732634 6002113 13 0 202.1904 2.68191 6002113 13 1 1079 774
1 1.56971 1.920896 1.202337 0 14.89427 3.744995 6001113 13 1 66.92908 1.835918 6001113 13 1 603 959
1 1.035838 1.098122 0.9666125 1 33.96143 1.710408 6001113 13 0 44.09222 8.047627 6001113 13 1 1236 330
1 1.123647 1.241142 1.010512 0 40.0843 19.51213 6001113 13 0 63.91982 2.029855 6001113 13 1 1241 504
1 1.099696 0.9023142 1.195627 0 59.06492 2.138498 6001113 13 1 91.19633 2.911797 6001113 13 1 1241 843
1 1.149237 1.698801 0.7921503 0 100.0098 2.419015 6001113 13 0 41.23431 2.055603 6001113 13 1 1244 721
1 1.114777 0.884905 1.24054 0 63.73687 1.374969 6001113 13 1 109.5451 1.429929 6001113 13 1 1246 405
1 1.083255 0.8452013 1.220206 0 4.319532 5.27985 6001113 13 0 121.1841 4.515994 6001113 13 1 1249 48
1 1.26516 1.422013 1.117256 0 267.4981 1.611438 6002113 13 0 178.3748 4.828241 6002113 13 1 1016 853
1 1.057513 1.112379 0.9951048 1 71.52342 1.288078 6001113 13 1 46.62725 1.133823 6001113 13 1 46 197
1 1.191782 1.185832 1.16486 1 48.61123 1.562589 6001113 13 1 22.11977 1.979534 6001113 13 1 46 592
1 1.054444 1.13827 0.9640688 0 188.445 1.727693 6001113 13 0 54.6529 2.521633 6001113 13 1 52 799
1 0.8332192 0.5015442 1.138243 0 101.8648 5.338019 6001113 13 1 161.3954 1.369056 6001113 13 1 55 485
1 1.099519 1.139476 1.051563 0 2.653059 14.04148 6001113 13 1 97.26994 2.595593 6001113 13 1 59 627
1 1.199428 1.046014 1.251733 1 45.67586 1.048667 6001113 13 1 56.37906 1.126415 6001113 13 1 59 733
1 1.106427 1.150534 1.053346 0 41.38275 1.446738 6001113 13 1 56.30877 1.547345 6001113 13 1 61 80
1 1.761918 2.058838 1.43754 0 25.93252 2.277601 6001113 13 0 36.90654 1.843041 6001113 13 1 67 209
1 1.56971 1.920896 1.202337 0 5.68057 4.830477 6001113 13 1 54.03843 2.281161 6001113 13 1 1252 745
1 0.9894024 0.7036328 1.19152 0 84.30423 1.956038 6001113 13 0 7.786961 2.302303 6001113 13 1 476 438
1 1.095596 1.133769 1.050051 0 59.37179 1.843259 6001113 13 0 59.24562 1.166589 6001113 13 1 486 97
1 1.225386 1.141194 1.230719 0 5.707377 3.319016 6001113 13 1 133.7204 1.329904 6001113 13 1 494 47
1 1.575265 1.775696 1.383444 0 13.78976 1.787058 6001113 13 1 121.2397 2.770027 6001113 13 1 494 827
1 1.176288 1.010978 1.239274 1 49.33689 1.894776 6002113 13 0 1203.416 1.794466 6002113 13 1 503 475
1 0.2208223 0.06788179 0.510611 0 86.85205 6.644755 6002113 13 0 219.6672 2.784136 6002113 13 1 71 674
1 1.137649 1.170432 1.099925 1 158.0476 2.162144 6001113 13 0 35.49023 3.364908 6001113 13 1 89 832
1 1.550791 1.753763 1.352368 0 8.309319 2.727726 6001113 13 0 70.41996 3.2242 6001113 13 1 90 525
1 1.033406 1.101364 0.958024 0 21.76958 2.776625 6001113 13 1 139.2935 2.080152 6001113 13 1 1025 731
1 1.063672 0.7860307 1.245813 0 278.224 6.713334 6002113 13 1 183.3163 1.271903 6002113 13 1 1026 868
1 0.747205 0.4303799 1.057145 1 75.48927 2.4734 6001113 13 0 1.446557 2.566261 6001113 13 1 1043 3
1 1.147959 1.183877 1.106546 0 170.1042 2.271843 6001113 13 1 65.30325 2.607534 6001113 13 1 520 692
1 1.057513 1.112379 0.9951048 0 52.16883 2.873126 6002113 13 0 170.4881 2.035918 6002113 13 1 1254 769
1 0.3064061 0.1093534 0.631845 1 20.60524 1.303418 6001113 13 1 130.8391 1.415581 6001113 13 1 1256 194
1 0.9219857 1.364073 0.6240806 0 292.7383 2.405442 6002113 13 0 253.4728 3.47234 6002113 13 1 1256 559
1 1.152501 1.258655 1.04415 0 10.82592 2.50103 6001113 13 1 39.47506 1.838278 6001113 13 1 1266 963
1 0.665028 0.3662483 0.9755856 0 104.6277 2.736131 6001113 13 1 43.49122 1.297665 6001113 13 1 1268 302
1 1.112575 1.233052 0.9981722 1 63.45795 1.86074 6001113 13 1 49.69284 2.660508 6001113 13 1 1271 206
1 1.058012 1.115802 0.9930252 1 102.2865 1.470327 6001113 13 0 30.6478 9.260711 6001113 13 1 1271 827
1 1.199428 1.046014 1.251733 0 54.72374 3.367309 6002113 13 0 325.0341 5.255384 6002113 13 1 1273 898
1 1.194803 1.137859 1.187115 1 38.67296 1.457901 6001113 13 0 76.72325 2.960348 6001113 13 1 1276 23
1 0.04957241 0.009268439 0.1791508 0 1126.949 3.961091 6002113 13 1 81.35992 1.519925 6002113 13 1 1047 903
1 0.02071812 0.003240969 0.0945363 0 41.2592 3.371086 6001113 13 0 34.84349 3.697613 6001113 13 1 1054 350
1 0.3767309 0.1505117 0.7131262 1 253.8851 1.600452 6002113 13 0 353.452 2.35621 6002113 13 1 1054 587
1 0.9160994 0.6007248 1.171549 0 33.28011 1.744107 6001113 13 1 77.59476 1.397612 6001113 13 1 93 24
1 1.213336 1.227995 1.180605 1 20.42648 1.047409 6001113 13 0 5.766477 1.126636 6001113 13 1 93 262
1 0.9160994 0.6007248 1.171549 0 56.4753 2.496092 6001113 13 0 6.383999 3.058398 6001113 13 1 112 263
1 1.152501 1.258655 1.04415 0 21.25113 3.630235 6001113 13 1 35.24038 1.297913 6001113 13 1 121 959
1 0.01217822 0.001818087 0.06209253 0 11.53179 1.309389 6001113 13 1 74.26317 1.551862 6001113 13 1 132 772
1 1.035838 1.098122 0.9666125 0 9.770971 4.263202 6001113 13 1 41.77864 4.810496 6001113 13 1 538 357
1 1.173319 1.196671 1.139395 0 28.74736 1.242903 6001113 13 0 61.15726 3.061041 6001113 13 1 538 885
1 0.5380682 0.2637946 0.8676014 0 15.57783 6.244919 6001113 13 0 47.00526 4.169145 6001113 13 1 539 269
1 1.059052 1.139164 0.9715886 1 57.6717 1.74149 6001113 13 0 162.7689 1.733873 6001113 13 1 539 334
1 0.0004174281 9.874705e-05 0.001721224 0 82.94517 1.916655 6002113 13 0 238.6174 1.699444 6002113 13 1 544 90
1 0.5279956 0.2465533 0.8852676 1 34.0006 1.165813 6002113 13 0 327.7073 1.126843 6002113 13 1 547 357
1 1.0427 1.134261 0.9473373 1 104.8791 1.4213 6001113 13 1 62.6986 1.061682 6001113 13 1 558 817
1 1.03119 1.524041 0.7057037 1 24.94173 1.222622 6001113 13 0 5.040149 1.153414 6001113 13 1 602 41
1 1.157728 1.196465 1.111764 0 507.9966 6.328557 6002113 13 1 67.49159 1.452994 6002113 13 1 602 579
1 0.5380682 0.2637946 0.8676014 0 64.43038 1.37813 6001113 13 0 26.19554 1.695917 6001113 13 1 1526 46
1 1.645109 2.1548 1.183545 1 29.83667 1.334265 6002113 13 1 111.623 1.161565 6002113 13 1 1527 250
1 0.8383967 1.273376 0.5409222 0 66.4408 2.135681 6001113 13 1 27.06763 1.121348 6001113 13 1 1532 543
1 1.199428 1.046014 1.251733 0 67.26404 1.275854 6002113 13 0 247.8503 1.420423 6002113 13 1 1543 704
1 0.3355998 0.123277 0.6770892 0 1.463138 3.382258 6001113 13 1 56.41908 1.47845 6001113 13 1 1546 505
1 1.566869 2.206142 1.088645 1 59.95366 1.205931 6002113 13 0 450.5703 1.770111 6002113 13 1 1554 30
1 0.8339615 0.5241884 1.101491 0 378.1707 3.497983 6002113 13 0 83.24194 1.742926 6002113 13 1 1554 515
1 0.9574994 0.6410515 1.205563 0 51.07834 1.185069 6001113 13 1 63.90292 1.472974 6001113 13 1 1555 295
1 1.062846 1.139449 0.9784784 0 12.12792 2.913298 6001113 13 0 97.79989 2.799111 6001113 13 1 1555 632
1 0.5292084 0.8493549 0.3262614 0 143.9802 19.53043 6001113 13 1 66.18021 2.297641 6001113 13 1 1339 818
1 0.04601344 0.008200601 0.1755223 1 37.71199 2.569163 6001113 13 0 56.09388 11.13163 6001113 13 1 1349 55
1 1.147959 1.183877 1.106546 0 148.5737 3.238312 6002113 13 0 605.1231 13.18508 6002113 13 1 1350 173
1 1.109295 1.155893 1.053631 1 105.8428 1.420337 6001113 13 0 23.03324 2.76777 6001113 13 1 1350 555
1 1.050919 0.8056091 1.198818 0 71.6339 4.71675 6001113 13 0 95.95557 2.207965 6001113 13 1 1793 138
1 1.031225 1.102163 0.9526981 1 64.76032 1.150942 6001113 13 0 24.59125 1.45902 6001113 13 1 1795 307
1 1.289688 1.878288 0.892531 0 7.066119 2.717285 6001113 13 1 48.25784 3.497479 6001113 13 1 1561 45
1 1.036252 1.095703 0.9699052 1 66.30579 1.257046 6002113 13 0 446.1903 1.662524 6002113 13 1 1564 69
1 1.20651 1.16088 1.193521 0 30.96686 3.44373 6001113 13 0 126.8277 1.67835 6001113 13 1 1564 751
1 1.048997 1.136673 0.9559695 1 120.0807 1.911967 6001113 13 0 27.95164 3.323819 6001113 13 1 1564 758
1 0.789787 0.4650854 1.097808 1 67.16897 2.738604 6001113 13 0 70.39062 7.8873 6001113 13 1 1564 885
1 1.225386 1.141194 1.230719 1 95.76525 2.661131 6001113 13 0 21.29407 3.634459 6001113 13 1 1566 460
1 0.9894024 0.7036328 1.19152 1 154.0774 1.930144 6002113 13 0 39.15184 1.719497 6002113 13 1 1567 129
1 0.004252809 0.0006661682 0.02512871 0 61.01515 2.174473 6001113 13 0 34.03812 2.328201 6001113 13 1 1594 845
1 0.004252809 0.0006661682 0.02512871 1 55.94798 1.293533 6001113 13 0 34.83506 1.308256 6001113 13 1 1288 127
1 1.026751 0.7444853 1.219196 0 12.44319 2.90734 6001113 13 1 26.83126 1.606642 6001113 13 1 1294 37
1 1.866054 2.331325 1.3979 1 11.52788 1.751237 6001113 13 1 73.86362 1.678508 6001113 13 1 1294 351
1 1.550791 1.753763 1.352368 1 81.02197 1.353243 6001113 13 0 38.34332 1.725899 6001113 13 1 1294 998
1 1.152501 1.258655 1.04415 0 758.4445 2.352615 6002113 13 1 51.02254 1.369978 6002113 13 1 1296 437
1 1.059052 1.139164 0.9715886 1 95.94049 1.350605 6001113 13 0 162.2306 1.743954 6001113 13 1 1297 775
1 0.8748782 0.5617447 1.136825 0 46.16804 1.180062 6001113 13 0 48.3948 4.107416 6001113 13 1 1298 142
1 1.034916 1.100018 0.9626585 0 81.86799 1.164974 6001113 13 0 116.7238 1.286535 6001113 13 1 1299 237
1 1.112575 1.233052 0.9981722 1 27.80327 1.198985 6001113 13 0 77.99103 1.56208 6001113 13 1 1301 175
1 1.0427 1.134261 0.9473373 0 173.8 1.823824 6002113 13 0 167.9573 1.528935 6002113 13 1 1303 518
1 0.01649731 0.002495913 0.08064243 0 27.59305 4.16134 6002113 13 1 51.26217 1.887797 6002113 13 1 1081 556
1 1.566869 2.206142 1.088645 0 36.20058 3.193056 6001113 13 1 59.08059 2.004485 6001113 13 1 1597 290
1 1.164201 1.711426 0.8059074 1 31.48551 3.797539 6001113 13 0 70.69068 4.911617 6001113 13 1 1597 629
1 1.123647 1.241142 1.010512 1 39.07821 1.037446 6002113 13 0 718.0851 1.193778 6002113 13 1 1599 637
1 1.206555 1.21522 1.17542 0 183.6156 1.282493 6001113 13 0 12.03402 2.074589 6001113 13 1 1606 841
1 1.157728 1.196465 1.111764 1 63.28784 1.305913 6001113 13 0 84.48834 1.970802 6001113 13 1 1608 589
1 1.20651 1.16088 1.193521 1 47.32127 1.681436 6002113 13 0 1.725877 3.402461 6002113 13 1 1613 289
1 1.106427 1.150534 1.053346 0 49.47163 5.063633 6001113 13 1 62.38302 1.701651 6001113 13 1 1613 646
1 1.289688 1.878288 0.892531 1 52.77376 1.287232 6001113 13 0 22.70716 5.435027 6001113 13 1 1863 333
1 1.059052 1.139164 0.9715886 0 312.4313 2.388417 6002113 13 0 114.1309 1.508583 6002113 13 1 1805 47
1 1.152501 1.258655 1.04415 0 40.58839 3.545807 6001113 13 0 8.460417 4.98845 6001113 13 1 1805 448
1 1.298986 1.452146 1.156092 1 50.53441 1.429715 6001113 13 0 24.17657 3.072878 6001113 13 1 1805 852
1 1.194803 1.137859 1.187115 0 5.112958 6.048257 6001113 13 0 78.89706 2.262112 6001113 13 1 1807 959
1 1.062846 1.139449 0.9784784 1 72.26107 2.567979 6001113 13 0 54.72744 1.997011 6001113 13 1 1809 875
1 1.062846 1.139449 0.9784784 1 72.26107 2.567979 6001113 13 0 54.72744 1.997011 6001113 13 1 1809 875
1 1.761918 2.058838 1.43754 0 22.67906 9.739044 6001113 13 1 31.70917 1.743252 6001113 13 1 1810 303
1 0.1610681 0.04515641 0.4007308 0 53.96927 5.387224 6001113 13 0 34.04535 4.265661 6001113 13 1 1810 741
1 1.109295 1.155893 1.053631 1 47.5259 1.709311 6001113 13 0 6.751823 3.228027 6001113 13 1 1810 938
1 0.114587 0.02674881 0.3330998 0 4.241146 2.942117 6001113 13 0 84.89033 1.612371 6001113 13 1 2110 322
1 0.7934737 0.4881172 1.065644 0 48.37928 1.076362 6001113 13 1 66.08801 1.770579 6001113 13 1 2111 258
1 1.099696 0.9023142 1.195627 1 56.84758 1.504878 6001113 13 0 34.69632 1.385769 6001113 13 1 1865 936
1 1.114777 0.884905 1.24054 0 14.88861 3.091221 6001113 13 0 52.02913 3.021566 6001113 13 1 1866 762
1 1.192805 1.083559 1.213989 1 15.18749 1.362045 6001113 13 1 30.43802 1.107475 6001113 13 1 1868 930
1 0.4269872 0.7264097 0.2541938 1 60.95171 1.668842 6001113 13 0 11.67571 4.002061 6001113 13 1 1869 312
1 1.645109 2.1548 1.183545 0 91.96997 1.849345 6001113 13 0 9.850513 7.193844 6001113 13 1 1872 699
1 1.048997 1.136673 0.9559695 1 29.55969 1.283008 6002113 13 1 162.013 2.452503 6002113 13 1 1874 837
1 1.142868 1.177299 1.103399 1 103.1451 2.237809 6003113 13 0 606.0052 2.411003 6003113 13 1 1877 648
1 0.9517445 0.6636014 1.162862 1 54.50428 3.129365 6002113 13 0 704.1339 3.404849 6002113 13 1 1624 418
1 1.575265 1.775696 1.383444 0 18.66973 1.794603 6001113 13 1 174.9148 1.669298 6001113 13 1 1624 457
1 1.49586 1.706142 1.278772 0 749.7216 1.868453 6002113 13 0 98.41913 1.515362 6002113 13 1 1629 342
1 0.3459568 0.1344595 0.6687537 1 44.55663 3.779323 6001113 13 0 53.66967 2.554342 6001113 13 1 2112 945
1 1.157728 1.196465 1.111764 0 152.9016 2.623779 6001113 13 0 36.29567 2.102391 6001113 13 1 2114 75
1 1.157728 1.196465 1.111764 1 32.31689 1.057735 6001113 13 0 24.99697 1.343496 6001113 13 1 2127 56
1 1.192805 1.083559 1.213989 1 114.2776 1.721231 6001113 13 0 40.71415 2.32439 6001113 13 1 2131 34
1 0.01217822 0.001818087 0.06209253 0 22.42773 4.864364 6001113 13 1 92.63247 2.179218 6001113 13 1 2132 259
1 1.227292 1.202911 1.205555 0 278.9709 2.661157 6002113 13 0 141.6884 2.258085 6002113 13 1 2134 790
1 1.03119 1.524041 0.7057037 0 1316.99 1.38742 6003113 13 0 81.21862 2.161094 6003113 13 1 2134 894
1 1.059052 1.139164 0.9715886 0 195.0635 1.850482 6001113 13 0 1.134595 1.659326 6001113 13 1 2239 93
1 1.1849 1.214892 1.148506 0 65.63083 3.531657 6001113 13 0 0.9794536 5.255605 6001113 13 1 1638 859
1 0.3064061 0.1093534 0.631845 0 45.42549 1.813669 6001113 13 0 103.4416 3.312138 6001113 13 1 1644 755
1 1.048997 1.136673 0.9559695 1 35.85743 1.436595 6001113 13 0 16.09901 2.396554 6001113 13 1 1648 129
1 1.149237 1.698801 0.7921503 0 78.85187 1.844991 6001113 13 1 65.81876 1.841278 6001113 13 1 1653 121
1 1.062846 1.139449 0.9784784 1 99.98898 2.17793 6001113 13 1 11.40229 1.515744 6001113 13 1 1880 439
1 1.191782 1.185832 1.16486 1 53.83833 1.305956 6001113 13 0 69.44495 1.088682 6001113 13 1 1884 32
1 1.206555 1.21522 1.17542 0 53.2522 1.421785 6001113 13 1 17.88253 1.140053 6001113 13 1 1895 82
1 0.7055845 0.3974356 1.016366 0 880.4983 3.13639 6002113 13 0 143.1052 1.370882 6002113 13 1 1900 665
1 1.033406 1.101364 0.958024 0 3.317961 7.03126 6001113 13 1 57.45034 1.312983 6001113 13 1 1928 932
1 1.137649 1.170432 1.099925 0 1412.096 3.754064 6002113 13 1 43.27009 1.299665 6002113 13 1 1931 27
1 1.017868 0.7662661 1.176325 0 83.87376 8.875292 6001113 13 1 91.81234 1.693032 6001113 13 1 1932 799
1 1.314649 1.46568 1.173482 0 21.3435 1.283066 6001113 13 1 37.78136 1.096944 6001113 13 1 1654 175
1 1.059052 1.139164 0.9715886 1 53.53452 1.103158 6001113 13 0 53.54464 1.230462 6001113 13 1 1660 174
1 1.217313 1.182622 1.199648 0 133.0053 1.209719 6001113 13 1 47.44389 1.410643 6001113 13 1 1662 177
1 1.217313 1.182622 1.199648 1 48.76456 1.209722 6001113 13 1 47.21911 1.098132 6001113 13 1 1670 436
1 1.095596 1.133769 1.050051 0 63.13857 2.216533 6001113 13 0 52.30766 1.569585 6001113 13 1 1673 734
1 1.050919 0.8056091 1.198818 0 156.4136 1.696313 6002113 13 0 2676.293 1.58845 6002113 13 1 1676 157
1 0.3459568 0.1344595 0.6687537 0 9.839119 2.20898 6001113 13 1 55.69318 2.288805 6001113 13 1 1933 950
1 1.055133 1.104334 0.9975671 1 3.637165 1.052531 6001113 13 0 50.46542 1.262539 6001113 13 1 1936 694
1 1.405111 1.934095 0.9833891 0 3.598129 3.712989 6001113 13 1 31.52784 2.312317 6001113 13 1 1937 794
1 0.007146383 0.001067442 0.03981817 0 1.786126 5.929609 6001113 13 1 47.22897 1.937285 6001113 13 1 1939 443
1 1.137649 1.170432 1.099925 0 89.0369 2.689489 6001113 13 0 60.31157 2.786382 6001113 13 1 1359 306
1 1.036252 1.095703 0.9699052 1 82.46268 1.740765 6001113 13 0 41.30509 1.861504 6001113 13 1 1362 18
1 1.147959 1.183877 1.106546 1 51.60289 1.687037 6001113 13 0 13.33023 1.47779 6001113 13 1 1362 118
1 0.8332192 0.5015442 1.138243 1 92.22006 1.616238 6003113 13 0 3020.46 1.68333 6003113 13 1 1368 349
1 1.182032 1.113501 1.180358 1 40.78625 1.40018 6001113 13 0 41.71497 4.405625 6001113 13 1 1368 884
1 1.314649 1.46568 1.173482 0 97.54933 3.433245 6001113 13 1 51.12706 2.129387 6001113 13 1 1372 136
1 1.147959 1.183877 1.106546 1 85.3186 1.338809 6001113 13 0 57.68 4.287405 6001113 13 1 1372 151
1 0.1080031 0.02598027 0.3057024 0 1309.821 6.251192 6002113 13 1 43.41049 1.582435 6002113 13 1 1372 294
1 1.46424 1.680344 1.235249 0 16.09067 3.751593 6002113 13 1 33.47291 2.343491 6002113 13 1 1948 84
1 1.083255 0.8452013 1.220206 1 139.5477 1.596762 6001113 13 0 27.35011 3.27045 6001113 13 1 1949 141
1 1.179161 1.206147 1.144075 1 2.005347 2.350771 6001113 13 0 145.6227 1.585786 6001113 13 1 1949 344
1 1.550791 1.753763 1.352368 1 54.6105 1.282382 6001113 13 0 64.81695 3.335174 6001113 13 1 1950 619
1 0.9574994 0.6410515 1.205563 0 28.51652 5.46582 6001113 13 0 100.2294 1.267004 6001113 13 1 1950 706
1 0.9219857 1.364073 0.6240806 0 170.2875 1.68499 6001113 13 0 19.72433 1.221298 6001113 13 1 1951 37
1 1.641128 1.972201 1.285192 0 22.3422 2.602631 6001113 13 0 70.82338 3.241997 6001113 13 1 1951 736
1 1.314649 1.46568 1.173482 0 72.12914 3.888264 6002113 13 1 112.5297 2.184283 6002113 13 1 1688 865
1 1.192805 1.083559 1.213989 0 102.0013 1.482014 6001113 13 1 9.704103 2.038179 6001113 13 1 1690 570
1 1.142868 1.177299 1.103399 0 68.65003 1.600895 6001113 13 1 113.1721 1.158828 6001113 13 1 1378 507
1 1.641128 1.972201 1.285192 0 218.1801 2.849862 6002113 13 1 53.4175 3.169328 6002113 13 1 1378 968
1 1.143675 1.253919 1.033471 1 62.85124 1.636031 6002113 13 0 581.1323 1.675627 6002113 13 1 1385 616
1 1.053247 1.09991 0.9980844 0 54.84221 3.863382 6001113 13 0 87.91483 4.107624 6001113 13 1 1821 635
1 1.03119 1.524041 0.7057037 0 136.8766 2.091997 6001113 13 1 37.69579 2.281058 6001113 13 1 1827 165
1 0.8332192 0.5015442 1.138243 0 160.1304 1.960857 6002113 13 0 229.1984 1.536551 6002113 13 1 1827 575
1 1.058012 1.115802 0.9930252 0 42.997 2.42283 6002113 13 0 72.81503 2.51713 6002113 13 1 1827 761
1 1.057513 1.112379 0.9951048 1 32.7087 1.076738 6001113 13 1 139.3414 2.225896 6001113 13 1 1831 65
1 0.5762256 0.2893137 0.9113798 1 32.02581 1.462785 6001113 13 1 32.72241 1.589061 6001113 13 1 1696 930
1 1.10316 1.145079 1.05266 1 79.81101 1.497303 6001113 13 0 28.32272 1.152622 6001113 13 1 1697 432
1 0.6571895 0.3457574 1.000641 0 67.75259 1.761609 6002113 13 0 233.5636 15.02868 6002113 13 1 1697 457
1 1.147959 1.183877 1.106546 0 98.07621 2.298536 6001113 13 0 54.57769 2.170336 6001113 13 1 1702 969
1 0.5292084 0.8493549 0.3262614 0 496.466 2.064037 6002113 13 1 49.09683 1.422201 6002113 13 1 1706 809
1 1.46424 1.680344 1.235249 1 65.98705 1.342844 6002113 13 0 547.0461 2.16894 6002113 13 1 1708 167
1 1.174602 1.053046 1.204645 0 70.83546 2.597921 6002113 13 0 175.4036 3.221637 6002113 13 1 1708 205
1 1.314649 1.46568 1.173482 0 649.9011 1.371879 6002113 13 0 202.412 2.358559 6002113 13 1 1976 250
1 0.0400028 0.006971349 0.1567229 1 111.5591 1.622775 6001113 13 0 28.10992 1.718926 6001113 13 1 1976 903
1 1.054444 1.13827 0.9640688 0 59.63845 5.259587 6001113 13 0 100.6664 3.021351 6001113 13 1 1988 156
1 0.9894024 0.7036328 1.19152 1 56.2022 1.290357 6002113 13 0 30.01161 1.178395 6002113 13 1 1989 584
1 1.137649 1.170432 1.099925 0 89.42776 10.59311 6001113 13 1 78.76052 1.731624 6001113 13 1 1832 422
1 0.3170899 0.1198369 0.6261138 0 287.9368 1.037052 6002113 13 1 28.64953 1.126869 6002113 13 1 1832 792
1 0.8748782 0.5617447 1.136825 0 52.98216 2.068999 6001113 13 1 34.42281 1.242222 6001113 13 1 1834 503
1 0.2208223 0.06788179 0.510611 0 91.37695 4.770138 6001113 13 1 60.58919 2.255843 6001113 13 1 2141 387
1 0.01785031 0.00275673 0.0833977 0 108.3586 1.69001 6001113 13 1 71.32973 1.193969 6001113 13 1 2142 178
1 1.054444 1.13827 0.9640688 1 57.87232 3.361762 6001113 13 0 97.79467 4.391967 6001113 13 1 2160 280
1 0.001285395 0.0002506105 0.007472713 0 1025.71 2.02238 6002113 13 1 101.7856 1.111887 6002113 13 1 2160 994
1 1.157728 1.196465 1.111764 0 82.15522 1.174565 6001113 13 0 110.3387 1.908647 6001113 13 1 159 977
1 1.017868 0.7662661 1.176325 0 46.78721 4.628803 6001113 13 1 53.62606 2.518619 6001113 13 1 163 67
1 1.142868 1.177299 1.103399 1 32.62654 1.524749 6001113 13 0 42.42802 2.37931 6001113 13 1 186 318
1 1.036252 1.095703 0.9699052 0 22.32269 3.791469 6001113 13 1 47.39456 1.433958 6001113 13 1 187 80
1 1.1849 1.214892 1.148506 1 54.69691 2.458145 6001113 13 0 17.40664 1.318498 6001113 13 1 191 40
1 1.143675 1.253919 1.033471 0 9.130798 4.310094 6001113 13 1 143.191 2.13481 6001113 13 1 196 594
1 1.190567 1.223018 1.152597 1 49.66656 2.838204 6002113 13 0 77.699 4.217889 6002113 13 1 1354 186
1 0.9574994 0.6410515 1.205563 1 51.55833 1.627656 6001113 13 1 80.24456 2.087292 6001113 13 1 1354 306
1 1.152501 1.258655 1.04415 1 1.093675 2.375029 6001113 13 0 117.0824 1.647672 6001113 13 1 1354 347
1 1.49586 1.706142 1.278772 0 38.86581 2.931206 6001113 13 0 112.6307 3.45438 6001113 13 1 1356 878
1 0.001285395 0.0002506105 0.007472713 0 15.7887 2.374529 6001113 13 1 48.03798 1.162667 6001113 13 1 197 14
1 1.063672 0.7860307 1.245813 0 81.04997 10.45403 6001113 13 0 7.981783 2.49746 6001113 13 1 1996 996
1 1.147959 1.183877 1.106546 0 56.85841 1.62129 6001113 13 1 146.8582 1.097469 6001113 13 1 1997 527
1 1.167323 1.186361 1.134647 1 84.34467 3.67763 6001113 13 0 18.90809 7.913802 6001113 13 1 1997 580
1 1.26516 1.422013 1.117256 0 4.29463 4.423322 6001113 13 1 152.6597 2.262911 6001113 13 1 1999 621
1 1.575265 1.775696 1.383444 0 136.2207 2.730608 6002113 13 1 31.61277 1.143914 6002113 13 1 1710 235
1 1.152971 1.190243 1.109341 1 46.54427 1.22839 6001113 13 1 62.25505 1.21175 6001113 13 1 1713 497
1 1.152971 1.190243 1.109341 1 46.54427 1.22839 6001113 13 1 62.25505 1.21175 6001113 13 1 1713 497
1 0.5279956 0.2465533 0.8852676 1 129.5153 1.155752 6002113 13 0 13.39137 2.058218 6002113 13 1 1714 517
1 1.114777 0.884905 1.24054 0 208.5647 2.617783 6003113 13 1 76.27979 2.189689 6003113 13 1 1714 579
1 1.056557 1.108524 0.9965968 0 59.58661 2.895307 6001113 13 1 29.5092 1.189879 6001113 13 1 1400 373
1 0.4445066 0.7265916 0.2710897 1 191.5298 1.235423 6002113 13 0 357.4999 1.609397 6002113 13 1 1402 977
1 1.209625 1.112975 1.222657 0 147.8643 13.58735 6002113 13 1 35.54743 1.642789 6002113 13 1 1722 775
1 1.10316 1.145079 1.05266 0 203.7883 1.537086 6002113 13 1 132.5822 1.617022 6002113 13 1 1723 126
1 1.143675 1.253919 1.033471 1 44.89651 1.075869 6001113 13 0 80.97465 2.155267 6001113 13 1 1730 773
1 1.057513 1.112379 0.9951048 1 97.00143 1.559627 6002113 13 0 40.11492 11.8844 6002113 13 1 2003 4
1 0.3355998 0.123277 0.6770892 0 399.7414 3.749991 6002113 13 0 117.904 1.427938 6002113 13 1 2003 872
1 1.017868 0.7662661 1.176325 1 33.62242 2.298301 6001113 13 0 76.62886 3.224319 6001113 13 1 2006 417
1 1.026751 0.7444853 1.219196 1 14.39312 1.817905 6001113 13 0 8.858525 1.766427 6001113 13 1 2006 449
1 0.8748782 0.5617447 1.136825 1 84.87399 1.822859 6001113 13 0 20.14003 2.751919 6001113 13 1 2006 700
1 1.174602 1.053046 1.204645 0 88.35802 1.230906 6002113 13 1 91.30669 1.128305 6002113 13 1 2008 258
1 1.123647 1.241142 1.010512 0 260.069 1.346455 6001113 13 1 49.83882 1.922852 6001113 13 1 2008 450
1 1.812285 2.096335 1.505211 1 115.5901 1.083202 6002113 13 0 21.49537 1.564855 6002113 13 1 1840 817
1 0.5292084 0.8493549 0.3262614 0 91.00042 1.922422 6001113 13 0 21.50093 1.704597 6001113 13 1 1848 28
1 0.0001558318 2.718077e-05 0.000658433 1 89.41457 2.395917 6001113 13 0 13.97489 4.307239 6001113 13 1 1849 798
1 1.062846 1.139449 0.9784784 0 111.3046 1.565523 6002113 13 1 65.71323 2.749545 6002113 13 1 1852 742
1 0.5675248 0.271593 0.9330701 1 59.27974 1.904489 6002113 13 0 320.7471 2.522381 6002113 13 1 1860 177
1 0.3459568 0.1344595 0.6687537 1 56.00498 1.475222 6002113 13 0 407.4682 1.530774 6002113 13 1 2014 131
1 1.143675 1.253919 1.033471 1 33.50982 1.126613 6001113 13 0 213.0562 1.805243 6001113 13 1 2022 966
