1 1.183608 1.169262 1.159476 1 14.0691 1.296532 6001113 11 1 12.69436 1.052236 6001113 13 1 125 440
1 0.114587 0.02674881 0.3330998 1 17.32066 1.335931 6002113 13 1 28.22575 1.264713 6002113 11 1 354 367
1 1.167323 1.186361 1.134647 0 15.52235 1.200071 6002113 11 1 20.13906 1.016976 6002113 13 1 356 436
1 0.5279956 0.2465533 0.8852676 1 1.163785 1.004478 6001113 11 1 11.63544 1.099022 6001113 13 1 360 361
1 0.4445066 0.7265916 0.2710897 1 2.059353 1.14724 6001113 11 1 13.32325 1.191278 6001113 13 1 220 261
1 1.75908 2.248522 1.290011 1 17.58337 1.483569 6002113 11 1 30.00481 1.006089 6002113 13 1 224 401
1 1.099519 1.139476 1.051563 0 1545.74 1.068913 6003113 11 1 29.30111 1.385334 6003113 13 1 225 157
1 1.173319 1.196671 1.139395 0 129.5906 1.726884 6002113 11 1 28.01055 1.882021 6002113 13 1 771 182
1 1.75908 2.248522 1.290011 1 15.9445 1.118738 6002113 13 0 113.0399 1.71261 6002113 11 1 772 88
1 1.031225 1.102163 0.9526981 1 17.08803 1.006409 6001113 11 1 28.93564 1.216871 6001113 13 1 773 25
1 1.225386 1.141194 1.230719 1 38.40046 1.419742 6002113 13 1 10.72101 2.390665 6002113 11 1 773 363
1 1.031225 1.102163 0.9526981 1 4.890933 1.477349 6002113 11 1 18.52229 1.099893 6002113 13 1 774 499
1 1.017868 0.7662661 1.176325 1 37.07302 1.04037 6002113 13 0 9.731595 1.701542 6002113 11 1 882 324
1 1.190567 1.223018 1.152597 1 9.788177 1.00983 6002113 11 0 25.02607 1.30159 6002113 13 1 884 219
1 1.179161 1.206147 1.144075 1 29.3555 1.06294 6003113 13 0 604.7585 1.084021 6003113 11 1 884 345
1 0.9138955 0.6245104 1.1333 0 439.597 5.662798 6003113 11 1 57.24289 1.024254 6003113 13 1 887 316
1 1.329532 1.478061 1.189894 1 18.00272 1.717768 6002113 11 1 18.75886 1.287829 6002113 13 1 889 166
1 0.8339615 0.5241884 1.101491 1 0.520722 1.009004 6001113 11 1 14.09006 1.649885 6001113 13 1 890 231
1 1.209625 1.112975 1.222657 1 15.43622 2.088685 6002113 13 0 12.38342 1.146057 6002113 11 1 891 297
1 1.062846 1.139449 0.9784784 1 79.24433 2.541298 6002113 11 1 38.50474 1.133287 6002113 13 1 604 350
1 1.0427 1.134261 0.9473373 0 175.2719 7.50606 6002113 11 1 31.22447 1.169117 6002113 13 1 605 77
1 1.314649 1.46568 1.173482 1 36.67226 1.008851 6002113 13 0 82.76263 1.517209 6002113 11 1 605 305
1 1.152501 1.258655 1.04415 1 34.55992 1.128983 6003113 13 0 77.25928 1.053511 6003113 11 1 606 175
1 1.566869 2.206142 1.088645 0 246.5116 1.098039 6002113 11 1 24.5125 1.015408 6002113 13 1 611 450
1 1.151918 0.9752633 1.225726 1 29.59796 1.29955 6002113 13 1 4.018622 1.218126 6002113 11 1 780 456
1 1.143675 1.253919 1.033471 1 36.63913 1.333888 6002113 13 0 5.851105 1.065991 6002113 11 1 782 10
1 1.099696 0.9023142 1.195627 0 131.4926 31.37 6002113 11 0 82.11874 1.326 6002113 13 1 619 230
1 1.167323 1.186361 1.134647 0 17.96407 5.59586 6002113 11 1 18.8984 1.018884 6002113 13 1 621 206
1 1.035838 1.098122 0.9666125 1 15.88649 1.028924 6002113 13 1 13.30273 1.178938 6002113 11 1 893 196
1 0.5292084 0.8493549 0.3262614 1 3.10758 1.942704 6002113 11 1 28.07807 1.116122 6002113 13 1 895 341
1 0.9138955 0.6245104 1.1333 1 24.27546 2.005465 6002113 13 1 1.354445 1.037231 6002113 11 1 903 347
1 1.056557 1.108524 0.9965968 1 19.03141 1.647047 6002113 11 1 31.50428 1.224726 6002113 13 1 903 484
1 1.123647 1.241142 1.010512 1 19.23482 1.306632 6002113 13 1 7.640147 1.114799 6002113 11 1 905 103
1 1.49586 1.706142 1.278772 1 38.45213 1.011992 6002113 13 1 22.64432 1.005029 6002113 11 1 624 29
1 0.8383967 1.273376 0.5409222 0 151.5134 1.066125 6002113 11 1 12.86282 1.187397 6002113 13 1 624 331
1 1.575265 1.775696 1.383444 1 26.41303 1.00969 6002113 13 1 17.71993 2.450044 6002113 11 1 627 428
1 1.083255 0.8452013 1.220206 1 16.41908 1.094594 6002113 13 0 26.19668 3.569329 6002113 11 1 628 340
1 1.017868 0.7662661 1.176325 1 10.31657 1.177632 6002113 13 0 78.57464 1.54439 6002113 11 1 631 26
1 0.6571895 0.3457574 1.000641 1 30.40156 1.008068 6002113 13 1 3.900344 1.073964 6002113 11 1 631 181
1 1.761918 2.058838 1.43754 1 12.38251 2.336436 6002113 13 0 104.282 2.156992 6002113 11 1 632 181
1 0.1014541 0.02299071 0.3029553 1 11.22849 1.391153 6002113 11 1 37.19519 1.074613 6002113 13 1 635 124
1 1.048836 1.548763 0.7254791 1 13.09106 2.069142 6001113 13 1 1.364903 1.393362 6001113 11 1 636 72
1 1.167323 1.186361 1.134647 1 30.64175 1.102194 6003113 13 0 400.254 3.416332 6003113 11 1 636 416
1 1.227292 1.202911 1.205555 1 22.11675 1.870793 6002113 13 1 39.58904 1.199805 6002113 11 1 640 24
1 1.112575 1.233052 0.9981722 0 9.310474 1.148987 6002113 11 1 22.20746 1.247823 6002113 13 1 640 157
1 1.109295 1.155893 1.053631 1 37.99302 1.655049 6001113 13 1 1.346794 1.074556 6001113 11 1 912 350
1 1.126364 0.9389989 1.211138 1 27.51167 1.74206 6002113 11 1 19.38739 1.700408 6002113 13 1 913 127
1 0.3459568 0.1344595 0.6687537 1 1.518241 2.679842 6001113 11 1 21.11171 1.227748 6001113 13 1 915 36
1 1.134034 1.248093 1.022271 0 74.72266 1.517967 6002113 11 1 18.11183 2.086517 6002113 13 1 916 252
1 1.056557 1.108524 0.9965968 0 197.3356 1.185957 6003113 11 1 33.29845 1.114536 6003113 13 1 919 177
1 0.665028 0.3662483 0.9755856 0 34.86065 1.637889 6002113 11 0 50.19822 1.934877 6002113 13 1 923 131
1 1.059052 1.139164 0.9715886 1 36.92217 1.008923 6002113 13 0 34.3073 1.737034 6002113 11 1 924 169
1 1.289688 1.878288 0.892531 1 0.1494777 2.333126 6001113 11 1 11.29552 1.059641 6001113 13 1 928 111
1 1.56971 1.920896 1.202337 0 37.33603 3.933358 6002113 11 1 46.04511 1.143302 6002113 13 1 641 83
1 1.575265 1.775696 1.383444 1 24.90154 1.08736 6002113 13 0 142.3182 3.166115 6002113 11 1 646 159
1 1.114777 0.884905 1.24054 0 28.17255 1.015621 6002113 11 1 23.03183 1.304553 6002113 13 1 646 165
1 1.035838 1.098122 0.9666125 0 35.70107 1.031772 6003113 13 0 384.6564 4.77625 6003113 11 1 648 221
1 1.063672 0.7860307 1.245813 1 21.00883 1.152937 6002113 13 0 198.3492 1.034934 6002113 11 1 649 141
1 1.026751 0.7444853 1.219196 0 64.71226 1.791482 6002113 11 1 48.48849 1.895462 6002113 13 1 513 252
1 1.137649 1.170432 1.099925 0 6.771107 1.058709 6001113 11 1 10.03372 1.014765 6001113 13 1 786 29
1 1.329532 1.478061 1.189894 1 22.09099 1.00932 6002113 13 1 8.336263 1.752178 6002113 11 1 786 317
1 1.036252 1.095703 0.9699052 0 107.9109 4.093676 6003113 11 1 19.06916 2.328768 6003113 13 1 787 185
1 1.550791 1.753763 1.352368 1 30.13982 1.096275 6002113 13 0 26.90469 3.583817 6002113 11 1 787 244
1 1.145385 0.9245803 1.259718 1 22.28497 1.999024 6002113 13 1 7.882838 1.036084 6002113 11 1 788 397
1 0.06958118 0.01446482 0.2254303 0 136.6646 1.718162 6002113 11 1 26.39061 1.110599 6002113 13 1 790 293
1 1.56971 1.920896 1.202337 0 57.99881 3.917842 6002113 11 1 24.24376 1.012632 6002113 13 1 791 352
1 0.665028 0.3662483 0.9755856 1 30.11337 1.026064 6002113 13 0 14.79601 3.681105 6002113 11 1 794 93
1 1.147959 1.183877 1.106546 1 28.41475 1.029057 6002113 13 0 81.82217 58.53125 6002113 11 1 651 308
1 1.137649 1.170432 1.099925 0 26.9132 1.341828 6002113 13 1 40.35178 1.051547 6002113 11 1 654 16
1 1.017868 0.7662661 1.176325 1 66.77949 1.032081 6002113 13 0 15.15368 4.086435 6002113 11 1 655 295
1 1.03119 1.524041 0.7057037 1 64.81899 1.420463 6002113 11 1 25.25761 1.712744 6002113 13 1 656 136
1 0.08964617 0.01972916 0.2750357 1 53.82497 3.00556 6002113 11 1 45.41674 1.011559 6002113 13 1 657 161
1 0.5380682 0.2637946 0.8676014 1 24.65822 2.207746 6002113 13 0 92.57666 1.041417 6002113 11 1 929 228
1 1.20651 1.16088 1.193521 1 29.19605 1.093634 6002113 13 1 8.690363 1.4914 6002113 11 1 932 136
1 1.106427 1.150534 1.053346 0 1.300874 3.85725 6002113 11 1 64.37101 1.171719 6002113 13 1 934 369
1 1.050919 0.8056091 1.198818 1 33.79893 2.889057 6002113 13 0 47.80553 1.038883 6002113 11 1 798 104
1 0.1793033 0.05184105 0.4351809 1 14.8884 1.025001 6002113 13 0 20.87349 1.575646 6002113 11 1 798 299
1 1.062846 1.139449 0.9784784 1 9.343791 1.969897 6002113 11 1 28.55297 1.113734 6002113 13 1 802 362
1 1.123647 1.241142 1.010512 1 29.4332 1.138996 6002113 11 1 24.87426 1.008863 6002113 13 1 501 154
1 1.157728 1.196465 1.111764 1 29.37244 1.005574 6002113 13 1 15.24884 1.022858 6002113 11 1 501 250
1 0.9574994 0.6410515 1.205563 0 118.5929 2.34526 6002113 11 1 44.06633 1.204177 6002113 13 1 501 423
1 1.199401 1.201198 1.170168 0 622.2284 1.053603 6003113 11 0 37.88969 1.126285 6003113 13 1 503 316
1 1.123647 1.241142 1.010512 0 33.61015 1.019978 6002113 11 1 47.86807 1.279979 6002113 13 1 514 272
1 1.167323 1.186361 1.134647 0 21.41938 1.00481 6002113 11 1 15.3166 1.683869 6002113 13 1 516 9
1 1.134034 1.248093 1.022271 0 29.09447 3.431671 6002113 11 1 35.29013 1.287119 6002113 13 1 942 382
1 1.26516 1.422013 1.117256 1 47.97948 1.304724 6002113 11 1 45.45206 1.785612 6002113 13 1 944 32
1 0.9219857 1.364073 0.6240806 1 6.220312 1.31152 6002113 11 1 28.2197 1.011579 6002113 13 1 944 184
1 1.059052 1.139164 0.9715886 1 10.0446 1.358373 6002113 11 1 11.50739 1.116543 6002113 13 1 944 198
1 1.145385 0.9245803 1.259718 0 19.29888 1.070416 6002113 11 1 23.73579 1.140457 6002113 13 1 945 212
1 1.056557 1.108524 0.9965968 1 29.36767 1.420904 6002113 11 1 31.69244 1.101166 6002113 13 1 945 479
1 0.0739324 0.01495082 0.2461688 1 20.5454 2.181367 6002113 13 1 26.24131 2.87833 6002113 11 1 660 429
1 1.0427 1.134261 0.9473373 1 15.92116 1.306489 6002113 13 1 10.20421 1.013651 6002113 11 1 661 139
1 0.7055845 0.3974356 1.016366 0 1.234591 1.323229 6001113 11 1 13.70675 1.186508 6001113 13 1 663 441
1 1.03119 1.524041 0.7057037 1 36.28108 2.133354 6002113 13 1 74.38382 2.915587 6002113 11 1 665 81
1 1.173319 1.196671 1.139395 1 31.33008 1.488903 6003113 13 0 261.9983 2.65078 6003113 11 1 522 86
1 1.034916 1.100018 0.9626585 0 15.80334 1.335052 6002113 13 1 52.47572 2.315224 6002113 11 1 522 217
1 1.152501 1.258655 1.04415 1 23.58831 2.16281 6002113 13 0 16.80973 1.562013 6002113 11 1 525 237
1 0.5762256 0.2893137 0.9113798 1 3.161919 1.642471 6001113 11 1 17.0109 1.081822 6001113 13 1 525 481
1 1.575265 1.775696 1.383444 1 16.09709 1.240922 6002113 13 1 19.01119 1.135147 6002113 11 1 530 176
1 1.179161 1.206147 1.144075 1 14.7718 1.283243 6001113 13 0 20.11457 5.539155 6001113 11 1 531 2
1 1.147959 1.183877 1.106546 1 7.111136 1.113988 6001113 13 1 0.6452935 1.389906 6001113 11 1 803 71
1 1.152971 1.190243 1.109341 0 41.27397 1.005336 6002113 11 1 30.28297 1.26125 6002113 13 1 803 93
1 1.059052 1.139164 0.9715886 1 33.34666 2.002371 6002113 13 0 79.49413 1.010581 6002113 11 1 804 151
1 1.152501 1.258655 1.04415 0 23.00595 1.009311 6002113 11 1 19.66068 2.354888 6002113 13 1 672 70
1 1.225386 1.141194 1.230719 1 17.78338 1.078524 6002113 13 1 51.31495 2.409566 6002113 11 1 674 80
1 0.3459568 0.1344595 0.6687537 0 0.9125347 7.671888 6002113 11 1 28.42906 1.022542 6002113 13 1 950 100
1 1.206555 1.21522 1.17542 0 7.573754 1.016387 6001113 11 1 23.07411 2.103974 6001113 13 1 225 398
1 1.213336 1.227995 1.180605 1 33.14463 1.012257 6002113 13 0 65.71707 2.134041 6002113 11 1 227 267
1 1.034916 1.100018 0.9626585 0 154.3324 4.379845 6002113 11 1 38.67044 1.01544 6002113 13 1 127 294
1 1.149237 1.698801 0.7921503 1 42.64189 1.139957 6002113 13 0 34.50626 12.01349 6002113 11 1 127 396
1 1.206555 1.21522 1.17542 1 21.83567 2.033906 6002113 13 1 19.97597 1.098387 6002113 11 1 255 75
1 1.206555 1.21522 1.17542 1 46.76619 1.238883 6002113 13 0 7.482347 4.243697 6002113 11 1 258 54
1 0.8748782 0.5617447 1.136825 1 22.54747 1.275584 6003113 13 0 543.6779 1.137277 6003113 11 1 261 31
1 0.9160994 0.6007248 1.171549 1 25.65778 1.265103 6002113 13 1 24.6431 1.493034 6002113 11 1 261 140
1 1.225386 1.141194 1.230719 0 22.76045 1.005081 6002113 13 1 29.48296 1.149433 6002113 11 1 261 180
1 1.109295 1.155893 1.053631 0 53.42218 3.5853 6002113 11 1 21.48764 2.094894 6002113 13 1 268 442
1 0.06482654 0.01276116 0.2218368 0 63.28566 2.150126 6002113 13 0 43.26011 9.612991 6002113 11 1 201 181
1 1.026751 0.7444853 1.219196 1 20.70532 1.012792 6003113 13 0 337.2962 2.962099 6003113 11 1 410 373
1 1.225386 1.141194 1.230719 1 19.42793 2.108878 6002113 13 0 25.46933 1.814824 6002113 11 1 410 464
1 0.3064061 0.1093534 0.631845 1 25.57971 1.012676 6002113 13 0 55.87091 1.375986 6002113 11 1 412 346
1 0.8200224 1.218482 0.5472287 1 9.278201 1.569912 6001113 13 0 1.522248 1.484398 6001113 11 1 489 208
1 1.157728 1.196465 1.111764 1 26.47967 1.45964 6002113 13 0 162.8295 1.995448 6002113 11 1 491 462
1 1.099696 0.9023142 1.195627 1 26.96623 1.123648 6002113 13 1 27.09578 1.317855 6002113 11 1 493 34
1 1.75908 2.248522 1.290011 1 1.033711 1.729333 6001113 11 1 12.0137 1.02084 6001113 13 1 494 62
1 1.190567 1.223018 1.152597 1 15.58983 1.39053 6002113 13 0 9.493008 3.563501 6002113 11 1 496 334
1 0.6235333 0.981489 0.3895437 1 22.34073 1.207648 6003113 13 0 386.7254 4.175428 6003113 11 1 206 299
1 1.10316 1.145079 1.05266 0 99.97819 2.116152 6002113 11 1 17.82254 1.012447 6002113 13 1 213 265
1 0.7055845 0.3974356 1.016366 1 14.56738 2.422196 6002113 11 1 14.39787 2.263627 6002113 13 1 213 483
1 0.0005685629 0.0001319998 0.002645407 1 45.51188 1.84578 6002113 11 1 42.99033 1.018198 6002113 13 1 214 103
1 0.9138955 0.6245104 1.1333 1 17.8489 1.128423 6001113 13 0 0.9469516 3.680084 6001113 11 1 214 205
1 1.095596 1.133769 1.050051 1 19.86976 2.172008 6002113 13 0 48.17279 1.010977 6002113 11 1 217 410
1 1.109295 1.155893 1.053631 0 42.58628 1.940482 6002113 11 1 36.53199 1.15452 6002113 13 1 500 78
1 0.4269872 0.7264097 0.2541938 1 15.33756 1.061445 6002113 11 1 26.31594 1.128141 6002113 13 1 75 98
1 1.147959 1.183877 1.106546 0 103.6213 1.119498 6003113 11 1 31.70153 1.1349 6003113 13 1 75 164
1 0.3170899 0.1198369 0.6261138 1 20.47307 1.116483 6002113 13 0 3.699934 1.53501 6002113 11 1 76 15
1 1.152971 1.190243 1.109341 0 22.8731 8.240975 6002113 11 1 29.37679 1.088009 6002113 13 1 76 135
1 1.20651 1.16088 1.193521 1 0.2717614 1.060683 6001113 11 1 20.35828 1.825209 6001113 13 1 77 149
1 0.4094664 0.1680855 0.7591912 1 37.94751 1.024077 6002113 13 0 152.0605 1.548465 6002113 11 1 79 40
1 0.006131473 0.0009213082 0.03465866 1 14.39391 1.891772 6003113 13 0 1281.323 1.353149 6003113 11 1 82 104
1 1.106427 1.150534 1.053346 0 13.87135 10.0722 6002113 11 1 28.90752 1.263819 6002113 13 1 85 100
1 1.812285 2.096335 1.505211 1 8.738468 1.264637 6001113 13 1 0.3020446 2.761998 6001113 11 1 90 137
1 1.173319 1.196671 1.139395 1 9.71122 1.007259 6002113 13 1 31.11359 1.126665 6002113 11 1 511 316
1 1.15499 1.021547 1.194574 0 916.5604 1.562271 6003113 11 1 39.41076 1.007867 6003113 13 1 419 86
1 1.095596 1.133769 1.050051 0 55.63188 1.984013 6002113 11 1 19.04693 1.1132 6002113 13 1 421 199
1 1.192805 1.083559 1.213989 1 27.99643 1.016319 6003113 13 0 367.3048 1.793898 6003113 11 1 422 461
1 1.314649 1.46568 1.173482 1 38.61116 1.145298 6002113 13 1 24.88712 1.975421 6002113 11 1 432 331
1 1.152971 1.190243 1.109341 1 3.688835 1.638944 6001113 11 1 15.7737 2.25846 6001113 13 1 92 433
1 1.143675 1.253919 1.033471 0 48.22818 1.107428 6002113 11 1 45.09745 1.009345 6002113 13 1 52 11
1 0.01785031 0.00275673 0.0833977 1 31.9576 1.008221 6002113 13 0 35.06636 1.01118 6002113 11 1 52 186
1 1.095596 1.133769 1.050051 0 72.29012 1.043715 6002113 11 1 23.12352 1.202103 6002113 13 1 53 411
1 0.6571895 0.3457574 1.000641 1 48.44098 1.313521 6003113 11 1 27.89225 2.139957 6003113 13 1 381 28
1 1.26516 1.422013 1.117256 1 16.59241 1.09699 6002113 13 1 30.98342 1.065898 6002113 11 1 383 499
1 1.174602 1.053046 1.204645 1 26.00926 1.012105 6002113 13 0 93.58119 1.104882 6002113 11 1 385 377
1 0.5762256 0.2893137 0.9113798 0 7.885431 2.855099 6002113 11 1 38.3621 1.011214 6002113 13 1 387 75
1 1.0427 1.134261 0.9473373 1 10.56947 2.327726 6003113 13 0 670.5219 1.300738 6003113 11 1 388 264
1 1.199428 1.046014 1.251733 1 5.790543 1.751407 6001113 11 1 14.86798 1.311658 6001113 13 1 388 407
1 1.137649 1.170432 1.099925 0 6.182266 1.449305 6002113 11 1 26.0594 1.981332 6002113 13 1 314 82
1 1.036252 1.095703 0.9699052 1 26.16446 1.069495 6002113 13 0 35.25492 4.05216 6002113 11 1 315 138
1 1.10316 1.145079 1.05266 1 20.8236 1.096145 6001113 13 1 3.323526 1.011917 6001113 11 1 317 152
1 1.057513 1.112379 0.9951048 1 81.92551 1.141198 6002113 13 0 173.7529 6.825871 6002113 11 1 320 120
1 1.575265 1.775696 1.383444 0 129.8191 1.0316 6002113 11 1 23.72617 1.262837 6002113 13 1 320 129
1 0.8339615 0.5241884 1.101491 1 30.92765 1.132568 6002113 13 0 11.12244 1.925193 6002113 11 1 324 262
1 1.033406 1.101364 0.958024 0 66.28631 6.880454 6002113 11 0 42.86926 1.069045 6002113 13 1 325 483
1 0.04323696 0.007888732 0.160549 0 107.8471 2.573768 6003113 11 1 34.54295 1.108177 6003113 13 1 393 287
1 1.033406 1.101364 0.958024 1 20.53728 1.006822 6003113 13 0 96.05624 1.5225 6003113 11 1 394 70
1 1.524498 1.73059 1.317664 1 63.63118 1.024205 6002113 13 0 26.20514 5.461755 6002113 11 1 395 362
1 1.213336 1.227995 1.180605 0 568.5952 1.047723 6003113 11 1 44.28651 1.266157 6003113 13 1 397 241
1 0.5179346 0.9281273 0.2807825 0 1.910791 3.008751 6001113 11 1 19.03497 1.383602 6001113 13 1 397 482
1 0.7055845 0.3974356 1.016366 1 28.36941 1.18354 6002113 13 0 79.58667 2.931313 6002113 11 1 398 191
1 0.1527629 0.0402692 0.399808 1 16.07656 1.246962 6002113 13 0 132.0981 1.274191 6002113 11 1 398 367
1 1.164201 1.711426 0.8059074 1 16.89671 2.300125 6002113 13 0 58.42652 1.237956 6002113 11 1 472 494
1 0.04323696 0.007888732 0.160549 1 16.09942 1.172325 6003113 13 0 620.1862 1.218085 6003113 11 1 473 347
1 1.329532 1.478061 1.189894 0 14.20586 6.523352 6002113 11 1 55.9046 2.320084 6002113 13 1 475 15
1 1.142868 1.177299 1.103399 1 28.43343 1.075029 6002113 13 1 38.27208 1.557716 6002113 11 1 477 6
1 1.194803 1.137859 1.187115 1 40.8046 1.129133 6002113 13 1 20.11926 2.025476 6002113 11 1 478 364
1 0.002260051 0.0003920652 0.01363698 1 32.42594 1.345154 6002113 13 1 7.595696 1.107086 6002113 11 1 479 140
1 1.75908 2.248522 1.290011 1 10.45729 1.190706 6001113 11 1 17.41466 1.009728 6001113 13 1 184 149
1 1.152971 1.190243 1.109341 1 10.14146 2.016868 6001113 13 1 0.244539 1.014748 6001113 11 1 184 426
1 0.2443026 0.07741789 0.5517042 1 9.199993 1.20638 6002113 11 1 41.24663 1.308233 6002113 13 1 190 235
1 1.099696 0.9023142 1.195627 1 56.4294 1.357477 6002113 13 0 21.7976 3.803306 6002113 11 1 190 318
1 1.134034 1.248093 1.022271 1 21.39247 1.983662 6002113 13 1 47.58512 2.057556 6002113 11 1 190 383
1 0.6571895 0.3457574 1.000641 1 23.11991 1.412749 6002113 11 1 40.87734 2.603086 6002113 13 1 192 176
1 0.003497112 0.0005740048 0.02103336 0 64.93298 1.022235 6002113 11 0 36.61074 2.32969 6002113 13 1 197 175
1 1.213336 1.227995 1.180605 0 37.13378 1.355062 6002113 11 1 17.79045 1.126611 6002113 13 1 197 284
1 1.1849 1.214892 1.148506 1 19.51322 1.242269 6001113 13 1 10.23828 1.043965 6001113 11 1 480 416
1 1.099519 1.139476 1.051563 1 34.9688 1.988745 6002113 13 0 0.6375765 5.8673 6002113 11 1 483 279
1 1.298986 1.452146 1.156092 1 31.14334 1.00517 6002113 13 0 70.17567 1.02559 6002113 11 1 485 162
1 1.034916 1.100018 0.9626585 1 27.71066 1.884004 6002113 13 0 75.30163 1.028549 6002113 11 1 488 393
1 1.183608 1.169262 1.159476 1 16.17429 1.116979 6002113 13 0 5.285828 1.011787 6002113 11 1 488 397
1 1.282494 1.437562 1.137462 1 14.47396 1.626557 6002113 11 1 30.8949 1.27783 6002113 13 1 729 297
1 1.106427 1.150534 1.053346 0 73.23594 2.91021 6002113 11 1 34.73813 1.024316 6002113 13 1 735 307
1 0.4205023 0.1819855 0.7484848 1 25.8175 2.257048 6002113 13 0 97.73268 1.226964 6002113 11 1 864 230
1 1.106427 1.150534 1.053346 1 16.71217 1.158575 6002113 13 1 0.06143995 1.010616 6002113 11 1 868 1
1 1.575265 1.775696 1.383444 0 6.301897 1.889979 6002113 11 1 35.41753 1.015593 6002113 13 1 872 105
1 1.143675 1.253919 1.033471 1 11.65211 1.193523 6001113 13 1 1.168115 1.072114 6001113 11 1 872 259
1 1.526225 2.04983 1.080738 1 15.59322 1.004025 6001113 13 1 0.9948682 1.079007 6001113 11 1 872 297
1 1.173319 1.196671 1.139395 1 20.84332 1.035492 6002113 13 0 42.84452 8.27625 6002113 11 1 873 95
1 1.524498 1.73059 1.317664 0 117.0238 1.300191 6002113 11 1 24.89841 1.02959 6002113 13 1 873 351
1 1.053247 1.09991 0.9980844 1 12.18189 1.436358 6001113 13 0 0.1848719 1.013156 6001113 11 1 874 302
1 1.26516 1.422013 1.117256 1 32.88866 1.165643 6002113 11 1 31.44025 1.11439 6002113 13 1 586 88
1 0.8332192 0.5015442 1.138243 1 22.59818 2.014985 6002113 13 1 18.05362 2.085708 6002113 11 1 587 424
1 0.4094664 0.1680855 0.7591912 0 66.96381 1.32592 6002113 11 1 12.89059 1.278738 6002113 13 1 592 45
1 0.6235333 0.981489 0.3895437 1 23.5365 2.142899 6002113 13 1 27.57478 2.442323 6002113 11 1 592 253
1 1.055133 1.104334 0.9975671 1 33.98109 1.137149 6002113 13 0 70.66105 2.144431 6002113 11 1 742 457
1 1.083255 0.8452013 1.220206 0 61.38095 3.062712 6002113 11 1 20.90263 2.012024 6002113 13 1 744 237
1 1.164201 1.711426 0.8059074 1 8.292357 1.048681 6002113 11 1 32.31145 1.504948 6002113 13 1 745 450
1 1.282494 1.437562 1.137462 0 673.625 1.134703 6003113 11 1 24.73505 1.347724 6003113 13 1 746 203
1 1.42456 2.044705 0.9864829 1 5.468922 2.422653 6001113 11 1 13.16649 1.096849 6001113 13 1 747 342
1 1.031225 1.102163 0.9526981 1 44.83078 1.206328 6002113 11 0 17.11031 1.009189 6002113 13 1 596 472
1 0.6679293 1.172073 0.374902 1 15.40592 1.081576 6002113 13 1 4.750788 1.534269 6002113 11 1 597 458
1 1.143675 1.253919 1.033471 0 91.18835 2.012359 6002113 11 1 41.67421 1.322975 6002113 13 1 601 179
1 1.017868 0.7662661 1.176325 1 19.07802 2.323785 6002113 13 1 56.17945 1.347204 6002113 11 1 878 161
1 1.26516 1.422013 1.117256 1 30.71463 1.004956 6002113 13 1 20.21314 1.501196 6002113 11 1 879 187
1 0.114587 0.02674881 0.3330998 1 37.75984 1.178554 6002113 13 0 18.11256 1.605112 6002113 11 1 881 124
1 0.1080031 0.02598027 0.3057024 1 21.39422 1.195465 6001113 13 0 0.2226985 1.603755 6001113 11 1 759 138
1 1.167323 1.186361 1.134647 0 0.4655454 5.414013 6002113 11 1 36.18608 1.441588 6002113 13 1 759 485
1 1.152501 1.258655 1.04415 0 112.4562 2.477928 6002113 11 1 23.41338 1.080148 6002113 13 1 760 427
1 0.06482654 0.01276116 0.2218368 1 21.78626 1.162088 6002113 13 1 4.255104 1.064964 6002113 11 1 761 251
1 1.761918 2.058838 1.43754 0 19.63976 4.433632 6002113 11 1 30.7115 1.183498 6002113 13 1 765 84
1 1.152501 1.258655 1.04415 1 30.54647 1.171391 6002113 13 1 11.04952 1.208971 6002113 11 1 767 350
1 1.149237 1.698801 0.7921503 0 136.1464 1.836773 6002113 11 1 14.10876 1.286596 6002113 13 1 768 58
1 0.8332192 0.5015442 1.138243 1 26.39534 1.187636 6002113 13 0 24.92698 1.347596 6002113 11 1 769 358
1 0.5762256 0.2893137 0.9113798 0 35.10746 1.64599 6002113 11 1 37.65712 1.130462 6002113 13 1 770 433
1 1.282494 1.437562 1.137462 1 16.46051 1.008525 6002113 13 0 90.72548 1.326663 6002113 11 1 694 497
1 1.282494 1.437562 1.137462 1 11.69079 1.223451 6002113 11 1 51.49492 1.606449 6002113 13 1 966 90
1 1.217313 1.182622 1.199648 1 41.86068 1.030729 6003113 13 0 235.4343 1.919758 6003113 11 1 968 47
1 0.5675248 0.271593 0.9330701 1 21.21051 1.20168 6002113 13 1 6.381582 1.05683 6002113 11 1 968 67
1 1.282494 1.437562 1.137462 1 37.12731 1.006429 6002113 13 1 3.823522 1.433394 6002113 11 1 969 77
1 1.137649 1.170432 1.099925 0 6.149532 1.104034 6002113 11 1 17.92019 2.191015 6002113 13 1 828 445
1 0.2443026 0.07741789 0.5517042 1 55.7228 1.178598 6002113 13 0 143.9697 3.766444 6002113 11 1 829 339
1 1.123647 1.241142 1.010512 0 31.05064 2.088934 6002113 13 1 12.03716 1.221496 6002113 11 1 830 486
1 1.167323 1.186361 1.134647 1 48.51031 1.290618 6002113 13 0 31.75479 2.739206 6002113 11 1 347 325
1 1.289688 1.878288 0.892531 0 163.9477 1.224798 6002113 11 1 32.02196 1.111685 6002113 13 1 347 422
1 1.282494 1.437562 1.137462 1 18.07222 1.252646 6002113 13 0 12.52736 1.554049 6002113 11 1 349 411
1 1.179161 1.206147 1.144075 1 26.08574 1.155758 6002113 13 0 150.7157 1.932362 6002113 11 1 350 153
1 1.192805 1.083559 1.213989 1 15.54558 1.122273 6002113 13 0 59.8998 1.193348 6002113 11 1 110 382
1 1.031225 1.102163 0.9526981 1 18.99442 1.011425 6002113 13 0 28.09661 1.33142 6002113 11 1 113 291
1 0.9517445 0.6636014 1.162862 1 10.31598 1.062706 6002113 11 1 28.66691 1.186584 6002113 13 1 113 432
1 1.062846 1.139449 0.9784784 1 8.376699 1.646053 6002113 11 1 12.77069 1.075615 6002113 13 1 119 122
1 0.0002532921 5.663136e-05 0.0009834006 0 126.1511 1.821061 6003113 11 1 23.93985 2.401276 6003113 13 1 120 223
1 1.134034 1.248093 1.022271 1 22.31088 2.050211 6003113 13 0 382.7627 1.467855 6003113 11 1 121 207
1 0.747205 0.4303799 1.057145 0 15.43382 4.792296 6002113 11 1 28.12868 1.264527 6002113 13 1 121 391
1 1.048997 1.136673 0.9559695 0 80.78173 1.636219 6002113 11 0 24.92284 2.471862 6002113 13 1 123 139
1 0.1363718 0.034862 0.3662451 1 27.66303 2.042277 6003113 13 0 313.0239 2.929212 6003113 11 1 836 203
1 1.083255 0.8452013 1.220206 1 24.30301 2.083784 6002113 11 1 31.93366 1.006989 6002113 13 1 974 39
1 1.099519 1.139476 1.051563 1 30.31307 2.417743 6002113 13 1 6.636272 2.080659 6002113 11 1 981 278
1 0.6159488 0.3166172 0.9557644 1 10.97728 1.114292 6003113 11 1 18.43379 1.24439 6003113 13 1 982 370
1 1.036252 1.095703 0.9699052 1 25.31521 2.359407 6002113 11 1 18.08444 1.131747 6002113 13 1 695 21
1 0.3355998 0.123277 0.6770892 1 27.92341 1.011499 6002113 11 1 20.21939 1.103854 6002113 13 1 696 54
1 1.524498 1.73059 1.317664 0 20.32157 4.886519 6002113 11 1 43.50428 1.137552 6002113 13 1 557 285
1 1.199401 1.201198 1.170168 1 11.14962 1.069082 6002113 13 1 21.81199 2.415026 6002113 11 1 566 156
1 1.106427 1.150534 1.053346 0 191.2548 6.817682 6003113 11 1 37.63595 1.242483 6003113 13 1 839 115
1 1.199428 1.046014 1.251733 1 15.0233 1.139428 6002113 11 1 27.78828 1.110331 6002113 13 1 157 457
1 1.46424 1.680344 1.235249 1 10.84157 1.230468 6001113 13 1 9.124294 1.198411 6001113 11 1 158 58
1 1.49586 1.706142 1.278772 0 25.83479 4.57239 6002113 11 1 57.30033 1.181098 6002113 13 1 160 300
1 0.4445066 0.7265916 0.2710897 0 36.99505 1.056866 6002113 13 1 48.88601 1.712986 6002113 11 1 29 105
1 1.152971 1.190243 1.109341 0 56.54556 12.2311 6002113 11 1 66.77579 1.044219 6002113 13 1 29 144
1 1.227292 1.202911 1.205555 1 21.82602 1.035907 6003113 13 0 43.59194 4.879333 6003113 11 1 363 6
1 1.147959 1.183877 1.106546 0 228.1513 5.171603 6002113 11 1 60.09791 1.229396 6002113 13 1 365 145
1 0.002610219 0.0004442447 0.01575894 1 32.93489 1.04775 6002113 13 0 58.48911 6.969506 6002113 11 1 365 480
1 1.112575 1.233052 0.9981722 1 17.11057 1.086115 6002113 13 0 0.3254457 1.295575 6002113 11 1 366 461
1 1.106427 1.150534 1.053346 0 4.564699 1.276144 6001113 11 1 13.43574 1.748743 6001113 13 1 367 372
1 1.017868 0.7662661 1.176325 1 16.6197 1.028365 6002113 13 0 15.95722 1.544695 6002113 11 1 370 308
1 1.145385 0.9245803 1.259718 1 41.23011 1.012835 6002113 13 1 0.09088103 2.84251 6002113 11 1 292 153
1 1.550791 1.753763 1.352368 1 26.30764 2.096347 6002113 13 0 35.46518 1.279062 6002113 11 1 293 349
1 1.059052 1.139164 0.9715886 0 95.64481 1.012549 6002113 11 1 32.01969 1.929791 6002113 13 1 296 188
1 1.641128 1.972201 1.285192 1 14.05318 1.079232 6003113 13 0 176.808 5.575935 6003113 11 1 301 481
1 0.2304392 0.07526134 0.508429 1 32.11535 1.077722 6002113 13 1 7.356256 1.324296 6002113 11 1 303 236
1 0.01785031 0.00275673 0.0833977 1 16.98342 1.194483 6002113 13 0 130.6844 1.868846 6002113 11 1 304 198
1 1.031225 1.102163 0.9526981 1 0.8832093 1.229886 6002113 11 1 10.48153 1.198488 6002113 13 1 373 3
1 1.10316 1.145079 1.05266 0 4.280178 4.25625 6002113 11 1 21.53272 1.297184 6002113 13 1 374 24
1 1.192805 1.083559 1.213989 1 31.44535 2.188483 6002113 13 1 1.816147 1.386113 6002113 11 1 378 441
1 1.866054 2.331325 1.3979 1 12.44553 2.066503 6001113 13 0 0.9353825 1.068573 6001113 11 1 378 473
1 1.329532 1.478061 1.189894 0 179.1534 2.14889 6003113 11 1 11.25031 1.034153 6003113 13 1 39 148
1 1.282494 1.437562 1.137462 1 26.97302 1.025774 6002113 13 0 42.23259 2.088349 6002113 11 1 39 186
1 1.190567 1.223018 1.152597 0 13.99423 13.20591 6002113 11 0 43.64488 2.334239 6002113 13 1 40 485
1 0.02605346 0.004275305 0.110374 0 193.7552 1.067575 6003113 11 1 28.7339 1.259642 6003113 13 1 41 107
1 1.083255 0.8452013 1.220206 0 124.1573 1.212689 6003113 11 1 29.49816 1.122412 6003113 13 1 173 271
1 0.5292084 0.8493549 0.3262614 0 44.36713 4.741156 6002113 11 0 48.0554 1.589273 6002113 13 1 174 357
1 1.199401 1.201198 1.170168 1 7.878559 2.476034 6002113 11 1 49.63088 1.299 6002113 13 1 177 273
1 1.15499 1.021547 1.194574 0 154.3272 1.014903 6002113 11 1 25.32991 1.133774 6002113 13 1 178 201
1 1.147959 1.183877 1.106546 1 31.98046 1.169102 6003113 13 0 69.19267 1.264425 6003113 11 1 179 79
1 1.033406 1.101364 0.958024 1 13.88051 1.123442 6001113 13 1 9.387535 1.014266 6001113 11 1 179 183
1 1.194803 1.137859 1.187115 1 10.37891 2.264316 6001113 13 0 1.673444 1.05688 6001113 11 1 179 361
1 1.42456 2.044705 0.9864829 1 11.56651 1.004548 6002113 11 1 39.02274 1.315213 6002113 13 1 180 24
1 1.058012 1.115802 0.9930252 0 183.7734 1.277316 6003113 11 1 51.56618 2.223833 6003113 13 1 181 306
1 0.114587 0.02674881 0.3330998 1 20.93572 1.258286 6002113 13 0 8.721974 2.274599 6002113 11 1 48 427
1 1.083255 0.8452013 1.220206 1 22.61419 1.994804 6002113 11 1 25.55446 1.175523 6002113 13 1 61 15
1 1.174602 1.053046 1.204645 1 7.380688 1.022174 6002113 11 1 31.90701 2.075928 6002113 13 1 64 221
1 0.1080031 0.02598027 0.3057024 0 35.92854 7.078336 6002113 11 1 66.57886 1.078668 6002113 13 1 329 490
1 1.194803 1.137859 1.187115 0 2021.355 1.050334 6003113 11 1 33.22987 1.125905 6003113 13 1 334 438
1 1.056557 1.108524 0.9965968 0 308.6798 1.309609 6003113 11 1 42.1888 2.001858 6003113 13 1 335 394
1 1.56971 1.920896 1.202337 1 68.8239 1.041873 6002113 13 0 0.992633 7.102499 6002113 11 1 337 301
1 1.143675 1.253919 1.033471 1 16.40564 1.647376 6002113 11 1 14.97523 2.279138 6002113 13 1 339 353
1 1.192805 1.083559 1.213989 1 9.545442 1.031475 6001113 11 1 16.04614 1.999514 6001113 13 1 341 133
1 1.062846 1.139449 0.9784784 0 18.07754 1.137614 6002113 11 1 29.18583 1.218706 6002113 13 1 342 479
1 1.123647 1.241142 1.010512 1 28.60725 1.019643 6002113 13 1 1.396143 1.014834 6002113 11 1 453 254
1 1.063672 0.7860307 1.245813 1 6.869665 2.088067 6002113 11 1 26.23868 1.287177 6002113 13 1 71 98
1 1.183608 1.169262 1.159476 1 10.74171 1.189483 6002113 13 0 2.412549 1.291411 6002113 11 1 402 199
1 1.142868 1.177299 1.103399 1 27.13152 1.840837 6002113 13 0 57.92365 1.15463 6002113 11 1 403 194
1 1.866054 2.331325 1.3979 1 26.07795 2.506225 6003113 11 1 8.408279 1.012151 6003113 13 1 404 246
1 1.206555 1.21522 1.17542 1 27.13833 1.123763 6002113 13 1 73.42046 1.990597 6002113 11 1 405 243
1 1.213336 1.227995 1.180605 1 16.7268 1.05592 6002113 11 1 20.83165 2.252162 6002113 13 1 438 109
1 0.5292084 0.8493549 0.3262614 1 54.99903 2.489746 6002113 11 1 46.23137 1.251453 6002113 13 1 439 372
1 1.46424 1.680344 1.235249 0 127.2626 3.016522 6002113 11 1 24.23043 1.09177 6002113 13 1 443 116
1 0.9160994 0.6007248 1.171549 0 40.38912 1.46922 6002113 11 1 14.99433 1.121293 6002113 13 1 444 412
1 1.213336 1.227995 1.180605 1 28.3216 1.01165 6002113 13 1 31.91418 1.009014 6002113 11 1 446 199
1 0.3064061 0.1093534 0.631845 1 8.887925 1.535153 6002113 11 1 17.83768 1.902512 6002113 13 1 448 15
1 1.142868 1.177299 1.103399 0 71.01559 9.611407 6002113 11 1 46.08013 1.056616 6002113 13 1 449 162
1 1.191782 1.185832 1.16486 1 0.4518832 1.62039 6002113 11 1 31.25263 1.010119 6002113 13 1 450 78
1 1.329532 1.478061 1.189894 0 9.165575 4.222946 6001113 11 1 12.00634 1.149489 6001113 13 1 451 290
1 0.5380682 0.2637946 0.8676014 0 1080.364 2.856633 6003113 11 0 59.416 2.117465 6003113 13 1 451 333
1 1.134034 1.248093 1.022271 1 1.009011 1.799604 6001113 11 1 17.72607 1.277147 6001113 13 1 451 402
1 1.183608 1.169262 1.159476 1 27.62843 1.083313 6002113 11 1 27.28784 1.229212 6002113 13 1 346 408
1 1.10316 1.145079 1.05266 1 29.21547 1.332729 6002113 13 0 28.07327 2.265444 6002113 11 1 347 59
1 0.9517445 0.6636014 1.162862 1 6.350328 1.024936 6002113 11 1 22.22011 2.020134 6002113 13 1 456 207
1 1.095596 1.133769 1.050051 0 631.3972 2.270994 6003113 11 1 34.8645 1.120228 6003113 13 1 459 199
1 0.5380682 0.2637946 0.8676014 1 0.9677443 1.019329 6001113 11 1 6.348295 1.007522 6001113 13 1 463 311
1 1.526225 2.04983 1.080738 0 37.61489 2.130563 6002113 11 1 27.59212 1.0137 6002113 13 1 464 165
1 1.059052 1.139164 0.9715886 1 26.83648 1.018085 6002113 11 1 15.06613 1.789583 6002113 13 1 465 355
1 1.329532 1.478061 1.189894 0 5.656694 3.356518 6002113 11 1 40.81079 1.41159 6002113 13 1 465 478
1 1.059052 1.139164 0.9715886 1 15.24686 1.004119 6003113 13 0 113.1813 1.091868 6003113 11 1 466 95
1 1.566869 2.206142 1.088645 0 4.635218 1.077322 6001113 11 1 9.787967 1.003901 6001113 13 1 466 113
1 1.134034 1.248093 1.022271 0 18.68909 2.245454 6002113 11 1 24.14518 1.138061 6002113 13 1 466 481
1 0.6571895 0.3457574 1.000641 0 14.48467 5.460328 6001113 11 0 13.99163 2.035473 6001113 13 1 841 405
1 1.137649 1.170432 1.099925 1 46.47551 1.331095 6002113 13 0 24.44695 2.200587 6002113 11 1 704 138
1 0.9894024 0.7036328 1.19152 1 3.162581 1.06012 6002113 11 1 29.16787 1.309778 6002113 13 1 705 69
1 0.1014541 0.02299071 0.3029553 1 35.60827 1.122938 6002113 13 0 32.30086 4.663291 6002113 11 1 705 185
1 1.217313 1.182622 1.199648 0 6.700663 1.365871 6001113 11 1 11.68159 1.09664 6001113 13 1 705 376
1 1.056557 1.108524 0.9965968 1 19.69472 1.019966 6003113 13 0 181.2103 1.03127 6003113 11 1 710 140
1 1.209625 1.112975 1.222657 0 11.12488 7.990432 6002113 11 1 14.74031 2.009884 6002113 13 1 711 11
1 1.028816 2.178673 0.4767559 1 15.74566 1.315115 6002113 11 1 22.55808 1.633066 6002113 13 1 711 170
1 1.575265 1.775696 1.383444 0 7.234974 3.908134 6001113 11 0 23.85293 2.226096 6001113 13 1 985 231
1 1.059052 1.139164 0.9715886 1 17.094 1.004471 6002113 13 0 44.44791 7.257998 6002113 11 1 985 296
1 1.176288 1.010978 1.239274 1 40.60777 1.021283 6002113 11 1 18.98464 1.092888 6002113 13 1 846 489
1 0.3459568 0.1344595 0.6687537 1 41.7781 1.095903 6003113 13 0 454.7545 1.784018 6003113 11 1 848 320
1 1.526225 2.04983 1.080738 1 40.66936 1.110158 6002113 11 1 28.7359 1.935197 6002113 13 1 848 498
1 1.314649 1.46568 1.173482 1 27.57642 2.422131 6002113 13 1 63.76707 1.152064 6002113 11 1 849 430
1 1.058012 1.115802 0.9930252 1 17.67218 1.866163 6002113 13 0 61.51628 3.152787 6002113 11 1 850 172
1 1.167323 1.186361 1.134647 0 20.05475 1.332893 6002113 11 1 36.61351 1.132161 6002113 13 1 851 67
1 0.06958118 0.01446482 0.2254303 1 43.55647 1.243718 6002113 13 0 106.5445 2.853204 6002113 11 1 855 230
1 0.3459568 0.1344595 0.6687537 1 23.23594 1.436447 6002113 11 1 34.828 1.011632 6002113 13 1 568 319
1 1.137649 1.170432 1.099925 1 5.789802 1.209761 6001113 11 1 12.97203 2.176044 6001113 13 1 571 14
1 1.099696 0.9023142 1.195627 1 37.13432 1.088357 6002113 13 1 29.78864 1.336915 6002113 11 1 572 431
1 0.3767309 0.1505117 0.7131262 1 16.37759 1.011057 6002113 11 1 19.97643 2.081242 6002113 13 1 573 145
1 0.6235333 0.981489 0.3895437 1 18.11803 2.150205 6001113 13 1 5.279119 2.560344 6001113 11 1 573 463
1 1.017868 0.7662661 1.176325 1 30.55608 1.10135 6002113 13 0 7.359274 1.985849 6002113 11 1 997 43
1 0.7055845 0.3974356 1.016366 0 19.66694 16.73046 6002113 11 1 65.98655 1.242859 6002113 13 1 998 374
1 0.8748782 0.5617447 1.136825 0 32.0086 3.046798 6002113 11 1 33.21315 1.010622 6002113 13 1 1000 94
1 1.174602 1.053046 1.204645 1 17.144 1.090712 6002113 13 1 10.99848 1.061172 6002113 11 1 1000 335
1 1.46424 1.680344 1.235249 1 20.35365 1.008653 6002113 13 0 72.05624 1.328413 6002113 11 1 713 239
1 1.134034 1.248093 1.022271 1 14.3323 1.005191 6003113 13 0 1651.279 1.046816 6003113 11 1 715 416
1 1.192805 1.083559 1.213989 1 6.836302 1.574811 6002113 11 1 26.80394 1.011424 6002113 13 1 721 114
1 1.036252 1.095703 0.9699052 1 39.13758 1.120789 6002113 13 1 42.12008 3.010798 6002113 11 1 579 459
1 0.747205 0.4303799 1.057145 1 12.16235 1.262625 6002113 11 1 26.65586 2.333395 6002113 13 1 583 441
1 1.033406 1.101364 0.958024 0 61.21122 1.009799 6002113 11 1 19.61948 1.009793 6002113 13 1 860 16
1 1.058012 1.115802 0.9930252 0 14.03413 1.178381 6002113 13 0 21.82144 1.946366 6002113 11 1 861 215
1 0.9138955 0.6245104 1.1333 0 1805.069 2.796671 6003113 11 1 43.44088 1.024483 6003113 13 1 863 75
1 1.142868 1.177299 1.103399 1 12.99239 1.008715 6002113 13 0 35.06611 2.512208 6002113 11 1 725 105
1 1.059052 1.139164 0.9715886 1 28.33892 2.804351 6003113 13 0 779.0032 1.416291 6003113 11 1 232 46
1 1.056557 1.108524 0.9965968 1 30.09296 1.119359 6003113 13 0 38.2762 1.423087 6003113 11 1 232 430
1 1.176288 1.010978 1.239274 0 42.27609 4.627154 6002113 11 1 36.66063 1.970811 6002113 13 1 237 358
1 1.057513 1.112379 0.9951048 0 18.4676 5.473778 6002113 11 1 20.70579 1.018665 6002113 13 1 240 98
1 0.001301394 0.0002630141 0.007386751 1 36.09541 1.251041 6002113 11 1 16.03306 1.013996 6002113 13 1 240 290
1 1.143675 1.253919 1.033471 0 39.95692 1.920438 6002113 11 1 28.61217 1.131758 6002113 13 1 241 162
1 1.206555 1.21522 1.17542 0 4.383787 2.409351 6002113 11 0 33.69098 2.281384 6002113 13 1 242 73
1 1.112575 1.233052 0.9981722 1 45.06544 1.009907 6002113 13 1 50.51782 2.240882 6002113 11 1 242 107
1 1.199428 1.046014 1.251733 0 101.457 6.446513 6003113 11 1 24.91991 1.120936 6003113 13 1 243 298
1 1.152971 1.190243 1.109341 1 33.68313 1.89452 6002113 11 1 40.70643 1.897534 6002113 13 1 245 2
1 1.225386 1.141194 1.230719 0 87.79438 1.581264 6002113 11 0 78.79649 2.056642 6002113 13 1 131 153
1 1.026751 0.7444853 1.219196 1 40.55635 1.907106 6002113 13 1 20.16728 1.085359 6002113 11 1 131 338
1 0.747205 0.4303799 1.057145 1 16.00757 1.02052 6002113 13 0 107.7644 1.752635 6002113 11 1 133 393
1 0.6571895 0.3457574 1.000641 1 51.34989 1.186035 6002113 11 1 19.37812 2.217744 6002113 13 1 137 39
1 1.173319 1.196671 1.139395 1 47.06281 1.329861 6002113 11 1 30.40664 1.109521 6002113 13 1 140 226
1 0.6571895 0.3457574 1.000641 1 22.11404 1.111241 6002113 13 1 29.82276 2.633831 6002113 11 1 142 478
1 1.026751 0.7444853 1.219196 1 35.49494 1.15906 6002113 13 0 83.51781 1.403106 6002113 11 1 144 184
1 1.054444 1.13827 0.9640688 0 56.98432 4.359398 6002113 11 1 13.1167 1.389512 6002113 13 1 245 339
1 1.054444 1.13827 0.9640688 1 20.87493 1.112343 6001113 13 1 1.484921 1.662339 6001113 11 1 245 429
1 0.7934737 0.4881172 1.065644 1 18.25048 1.146126 6001113 13 1 13.06457 3.462897 6001113 11 1 1 139
1 0.9517445 0.6636014 1.162862 1 22.09867 1.168936 6001113 13 0 5.371567 1.771128 6001113 11 1 1 419
1 0.8332192 0.5015442 1.138243 0 1.433774 1.58229 6001113 11 1 9.557685 2.337034 6001113 13 1 3 474
1 1.143675 1.253919 1.033471 1 31.19296 1.174551 6002113 11 1 21.45912 1.007752 6002113 13 1 4 269
1 0.1363718 0.034862 0.3662451 1 35.23479 1.328046 6002113 13 0 136.3964 1.204024 6002113 11 1 4 367
1 0.7268606 1.122648 0.4611204 1 11.43788 1.040276 6001113 11 0 25.11078 1.312912 6001113 13 1 6 254
1 1.183608 1.169262 1.159476 1 0.5079805 1.010877 6001113 11 1 15.5797 1.008036 6001113 13 1 6 430
1 1.191782 1.185832 1.16486 1 20.99163 1.018238 6003113 13 0 371.7058 3.352015 6003113 11 1 145 241
1 0.4544891 0.2018274 0.792879 1 24.29313 1.258361 6002113 13 0 10.86968 1.234791 6002113 11 1 273 86
1 0.665028 0.3662483 0.9755856 1 24.49962 1.052591 6002113 13 0 50.13982 1.557535 6002113 11 1 274 49
1 1.057513 1.112379 0.9951048 1 3.151695 1.055159 6001113 11 1 18.81593 1.516722 6001113 13 1 276 344
1 1.126364 0.9389989 1.211138 1 34.33218 1.084945 6002113 13 0 36.51803 2.58563 6002113 11 1 287 7
1 1.192805 1.083559 1.213989 1 11.88999 1.004243 6001113 13 0 0.305362 1.885832 6001113 11 1 288 326
1 1.213336 1.227995 1.180605 1 48.6989 1.060666 6002113 13 1 19.18239 2.976959 6002113 11 1 290 177
1 1.282494 1.437562 1.137462 1 22.29236 2.553153 6002113 11 1 36.40572 1.251549 6002113 13 1 11 446
1 1.49586 1.706142 1.278772 1 22.77517 1.241145 6002113 13 1 29.64082 1.079435 6002113 11 1 12 92
1 1.176288 1.010978 1.239274 1 19.58957 1.082956 6002113 13 0 41.53694 1.051044 6002113 11 1 14 452
1 1.123647 1.241142 1.010512 1 20.77378 1.069145 6002113 11 1 18.94012 1.01279 6002113 13 1 18 227
1 1.034916 1.100018 0.9626585 0 0.2610049 1.046973 6002113 11 1 26.07162 1.233316 6002113 13 1 20 42
1 0.3355998 0.123277 0.6770892 1 36.78509 2.020664 6002113 13 1 8.625079 2.935338 6002113 11 1 23 161
1 1.055133 1.104334 0.9975671 0 1.093087 5.173616 6001113 11 1 15.45281 1.099551 6001113 13 1 28 215
1 1.053247 1.09991 0.9980844 1 27.23717 1.311264 6002113 13 0 32.92851 1.144078 6002113 11 1 28 269
1 1.194803 1.137859 1.187115 0 108.0877 1.006145 6002113 11 1 26.58269 1.115261 6002113 13 1 153 233
1 1.199428 1.046014 1.251733 1 16.36947 1.165749 6002113 11 1 27.54328 1.233603 6002113 13 1 155 75
1 1.191782 1.185832 1.16486 0 11.29548 3.879714 6002113 11 1 16.83122 1.090284 6002113 13 1 96 4
1 1.062846 1.139449 0.9784784 0 795.7838 3.691717 6003113 11 1 51.71117 1.011778 6003113 13 1 97 101
1 1.213336 1.227995 1.180605 0 1152.047 2.139553 6003113 11 1 46.18686 1.118237 6003113 13 1 99 216
1 1.20651 1.16088 1.193521 1 9.804675 1.278217 6001113 13 0 4.140645 8.056692 6001113 11 1 99 272
1 0.8748782 0.5617447 1.136825 0 6.09804 9.289673 6002113 11 1 62.36579 1.02691 6002113 13 1 99 353
1 1.645109 2.1548 1.183545 1 6.831435 2.176655 6001113 13 1 5.564565 1.706737 6001113 11 1 102 405
1 1.20651 1.16088 1.193521 0 1079.807 2.523495 6003113 11 1 13.63663 1.012324 6003113 13 1 104 85
1 1.106427 1.150534 1.053346 1 17.58362 2.177749 6002113 13 1 29.85058 1.115715 6002113 11 1 107 149
1 1.329532 1.478061 1.189894 1 46.87067 1.185735 6002113 13 0 19.45091 3.241216 6002113 11 1 107 377
1 1.575265 1.775696 1.383444 1 19.32518 1.398646 6003113 13 0 639.7405 1.306145 6003113 11 1 808 468
1 0.4544891 0.2018274 0.792879 1 15.93851 1.111697 6003113 13 0 188.8751 1.007584 6003113 11 1 809 116
1 1.176288 1.010978 1.239274 1 60.8273 1.162078 6002113 13 0 23.95122 6.178813 6002113 11 1 812 29
1 1.179161 1.206147 1.144075 0 39.54346 1.390753 6002113 11 1 18.809 1.011308 6002113 13 1 814 94
1 1.182032 1.113501 1.180358 1 40.13554 1.121224 6002113 13 1 0.9206777 2.535389 6002113 11 1 815 433
1 0.5380682 0.2637946 0.8676014 0 650.4537 1.581179 6003113 11 1 22.71186 1.21786 6003113 13 1 818 491
1 0.8748782 0.5617447 1.136825 1 45.8434 1.10813 6002113 13 0 108.4331 4.411893 6002113 11 1 819 185
1 0.8332192 0.5015442 1.138243 1 23.10523 1.008468 6002113 13 1 20.86882 1.206988 6002113 11 1 819 461
1 0.2539062 0.08544197 0.5475258 0 159.8381 3.902277 6002113 11 1 7.969451 1.230125 6002113 13 1 819 493
1 1.053247 1.09991 0.9980844 0 1183.439 5.149056 6003113 11 1 21.33496 1.857535 6003113 13 1 820 123
1 1.641128 1.972201 1.285192 0 68.62894 3.436705 6002113 11 1 39.82987 1.115191 6002113 13 1 534 60
1 1.190567 1.223018 1.152597 0 12.90014 5.109959 6002113 11 1 36.89619 1.681125 6002113 13 1 534 177
1 1.034916 1.100018 0.9626585 0 64.25249 2.864456 6002113 11 1 10.40727 2.353711 6002113 13 1 534 468
1 1.10316 1.145079 1.05266 0 13.64591 1.023832 6001113 13 0 5.902591 3.942405 6001113 11 1 536 97
1 1.147959 1.183877 1.106546 1 23.76822 1.006203 6002113 13 0 33.7413 1.484715 6002113 11 1 956 205
1 0.7055845 0.3974356 1.016366 0 44.76049 1.010867 6002113 11 0 38.88991 1.752177 6002113 13 1 960 461
1 0.7934737 0.4881172 1.065644 1 7.329579 1.496239 6002113 11 1 32.60018 2.287154 6002113 13 1 964 187
1 0.747205 0.4303799 1.057145 1 2.535702 2.656798 6002113 11 1 12.62955 2.341602 6002113 13 1 964 190
1 1.143675 1.253919 1.033471 1 37.03793 2.280767 6002113 11 1 25.80777 1.013283 6002113 13 1 683 488
1 0.9219857 1.364073 0.6240806 1 25.93574 1.230508 6002113 13 1 34.77667 1.016347 6002113 11 1 543 106
1 1.056557 1.108524 0.9965968 1 40.42642 1.313199 6002113 13 1 4.907339 1.118036 6002113 11 1 543 190
1 1.054444 1.13827 0.9640688 1 49.17033 1.208701 6002113 11 1 17.51035 1.027963 6002113 13 1 546 31
1 1.123647 1.241142 1.010512 1 37.28748 1.675774 6002113 13 0 0.3491336 1.010569 6002113 11 1 547 183
1 0.8339615 0.5241884 1.101491 1 8.165311 1.128884 6002113 13 0 81.02645 3.118657 6002113 11 1 547 397
1 1.49586 1.706142 1.278772 1 10.60171 1.705162 6003113 11 1 26.24281 1.011047 6003113 13 1 547 441
1 0.3355998 0.123277 0.6770892 1 12.37465 1.80214 6003113 13 0 694.283 1.020006 6003113 11 1 548 432
1 0.6159488 0.3166172 0.9557644 1 25.30738 1.008613 6002113 13 0 139.8822 1.137935 6002113 11 1 549 424
1 0.6679293 1.172073 0.374902 0 91.47767 1.224563 6002113 11 1 39.03445 1.238361 6002113 13 1 821 89
1 1.053247 1.09991 0.9980844 0 961.8731 1.019808 6003113 11 1 22.70422 1.022747 6003113 13 1 822 179
1 1.057513 1.112379 0.9951048 1 10.59153 1.137697 6001113 13 1 3.114176 1.099856 6001113 11 1 822 478
1 0.9517445 0.6636014 1.162862 0 4.714487 1.189033 6001113 11 1 10.6646 2.896572 6001113 13 1 824 52
1 0.0739324 0.01495082 0.2461688 0 375.3722 1.666481 6003113 11 1 21.68434 1.072316 6003113 13 1 824 161
1 1.199401 1.201198 1.170168 1 18.56423 1.084785 6002113 13 0 163.9916 5.27732 6002113 11 1 691 125
