1 1.199401 1.201198 1.170168 0 10.93803 1.159339 1000022 13 0 55.17019 1.452118 1000022 13 1 35 39
1 1.176288 1.010978 1.239274 0 305.1524 7.138015 1000022 11 0 93.3164 1.513254 1000022 13 1 35 304
1 0.277155 0.4798076 0.1597663 0 90.14295 1.39631 1000022 11 1 111.7725 1.196757 1000022 13 1 37 1
1 1.0427 1.134261 0.9473373 1 0.1213712 2.357942 1000022 11 1 121.6201 1.086972 1000022 13 1 37 90
1 1.142868 1.177299 1.103399 1 70.38946 1.39148 1000022 13 0 106.8351 5.033708 1000022 13 1 43 69
1 1.10316 1.145079 1.05266 0 53.79112 1.510967 1000022 13 1 94.5323 1.072983 1000022 11 1 44 364
1 1.1849 1.214892 1.148506 1 40.61536 1.437419 1000022 13 0 258.2717 2.152147 1000022 11 1 47 106
1 1.050919 0.8056091 1.198818 0 101.6569 2.771085 1000022 11 1 48.35861 1.064506 1000022 13 1 48 207
1 1.134034 1.248093 1.022271 1 74.23376 1.254333 1000022 13 0 229.7876 3.892778 1000022 11 1 147 413
1 1.109295 1.155893 1.053631 0 73.53925 2.412716 1000022 11 1 50.94278 1.690456 1000022 13 1 150 3
1 1.152501 1.258655 1.04415 0 6.258452 2.711965 1000022 13 1 192.1398 1.173518 1000022 13 1 153 302
1 1.151918 0.9752633 1.225726 0 47.20311 2.609341 1000022 13 0 363.7577 1.969878 1000022 11 1 156 120
1 0.04323696 0.007888732 0.160549 0 66.41399 7.18716 1000022 11 1 152.8067 1.551345 1000022 13 1 160 460
1 1.217313 1.182622 1.199648 0 472.0708 1.528883 1000022 13 1 32.74911 1.282714 1000022 13 1 162 429
1 1.225386 1.141194 1.230719 1 37.91613 2.076846 1000022 13 0 435.1597 3.504217 1000022 11 1 436 145
1 1.134034 1.248093 1.022271 0 140.4951 1.253982 1000022 13 0 166.8676 1.345747 1000022 13 1 440 457
1 1.112575 1.233052 0.9981722 1 47.15532 1.494633 1000022 13 0 398.2768 1.133435 1000022 11 1 445 426
1 1.298986 1.452146 1.156092 0 18.00167 3.65001 1000022 11 1 78.24086 2.385887 1000022 13 1 446 375
1 1.058012 1.115802 0.9930252 0 72.96161 1.821136 1000022 11 1 129.6502 1.16467 1000022 13 1 451 4
1 1.225386 1.141194 1.230719 1 51.57052 2.149603 1000022 13 0 362.2419 2.149348 1000022 11 1 216 338
1 1.199428 1.046014 1.251733 1 174.3882 1.267209 1000022 13 0 64.00797 1.301503 1000022 13 1 216 456
1 1.114777 0.884905 1.24054 1 76.9518 1.516653 1000022 13 0 213.8291 1.622594 1000022 11 1 478 67
1 1.217313 1.182622 1.199648 1 28.0985 1.098875 1000022 13 1 53.16048 1.388871 1000022 11 1 479 199
1 1.036252 1.095703 0.9699052 0 337.4758 1.369584 1000022 11 1 114.5002 1.196261 1000022 13 1 480 145
1 1.099696 0.9023142 1.195627 1 74.71941 1.399612 1000022 13 0 24.0512 3.449256 1000022 11 1 481 240
1 1.173319 1.196671 1.139395 1 65.26437 1.150195 1000022 13 1 135.0294 2.275839 1000022 13 1 481 449
1 1.1849 1.214892 1.148506 0 249.9532 1.913394 1000022 13 0 97.13069 2.083149 1000022 11 1 483 53
1 0.4445066 0.7265916 0.2710897 1 102.9273 1.145105 1000022 13 0 257.1122 1.407567 1000022 11 1 483 157
1 1.26516 1.422013 1.117256 0 104.6843 3.486256 1000022 11 1 33.92408 1.89237 1000022 13 1 484 16
1 0.05673886 0.0108806 0.1995393 0 117.7153 1.59806 1000022 13 1 101.9938 1.399025 1000022 13 1 487 417
1 1.209625 1.112975 1.222657 1 137.3358 2.370911 1000022 13 1 40.76332 1.544106 1000022 13 1 487 480
1 1.524498 1.73059 1.317664 0 69.26363 1.80121 1000022 11 1 77.56936 1.403858 1000022 13 1 487 493
1 1.183608 1.169262 1.159476 0 494.695 1.455565 1000022 11 1 60.59456 2.064854 1000022 13 1 236 345
1 0.6998869 0.3767799 1.045889 1 63.73981 2.006453 1000022 13 0 153.9159 3.953234 1000022 11 1 206 86
1 1.575265 1.775696 1.383444 0 110.6111 2.285421 1000022 13 0 219.8799 1.522318 1000022 11 1 210 354
1 0.4442115 0.1872741 0.8068974 1 50.86293 1.138056 1000022 13 0 59.69353 1.247291 1000022 13 1 211 155
1 1.054444 1.13827 0.9640688 1 103.5138 1.135374 1000022 13 0 34.81612 1.916485 1000022 11 1 211 261
1 1.225386 1.141194 1.230719 0 169.5667 1.253761 1000022 13 0 383.1581 2.060524 1000022 13 1 215 67
1 1.75908 2.248522 1.290011 1 64.24279 2.284726 1000022 13 0 437.0374 3.789801 1000022 11 1 215 353
1 0.4205023 0.1819855 0.7484848 1 126.645 1.322753 1000022 13 0 116.3373 1.686913 1000022 13 1 496 432
1 1.199401 1.201198 1.170168 0 575.9647 2.328169 1000022 13 1 109.0731 1.373036 1000022 13 1 497 5
1 1.705086 2.017803 1.363962 0 11.04634 2.094237 1000022 11 1 110.6819 1.381131 1000022 13 1 497 110
1 1.191782 1.185832 1.16486 0 60.89761 1.28921 1000022 11 1 72.4887 1.418434 1000022 13 1 499 92
1 1.112575 1.233052 0.9981722 0 82.6823 1.126937 1000022 13 1 72.92777 3.042826 1000022 11 1 248 3
1 1.057513 1.112379 0.9951048 0 100.7923 1.123612 1000022 13 0 142.7492 2.213262 1000022 13 1 249 88
1 1.152971 1.190243 1.109341 1 28.3726 1.314803 1000022 13 0 90.96404 3.512472 1000022 11 1 250 491
1 1.143675 1.253919 1.033471 0 198.8633 1.082153 1000022 13 0 32.69413 2.427467 1000022 13 1 252 214
1 1.034916 1.100018 0.9626585 0 798.8431 1.20688 1000022 13 1 65.1258 1.251409 1000022 13 1 254 462
1 1.123647 1.241142 1.010512 0 10.12135 2.988488 1000022 11 1 40.16442 1.196188 1000022 13 1 256 318
1 0.9160994 0.6007248 1.171549 0 248.7664 1.23899 1000022 11 1 47.27223 1.292621 1000022 13 1 460 481
1 1.054444 1.13827 0.9640688 0 80.49729 1.179257 1000022 13 1 33.19939 1.312616 1000022 13 1 462 465
1 1.123647 1.241142 1.010512 0 25.75334 1.903214 1000022 13 1 35.15346 1.276355 1000022 13 1 463 262
1 1.106427 1.150534 1.053346 0 48.23499 1.49529 1000022 11 1 68.1944 1.68161 1000022 13 1 466 135
1 0.04957241 0.009268439 0.1791508 0 130.4243 1.897612 1000022 11 1 50.9054 1.041354 1000022 13 1 467 87
1 0.1527629 0.0402692 0.399808 1 45.64552 1.210469 1000022 13 0 231.8049 1.114546 1000022 11 1 468 417
1 1.031225 1.102163 0.9526981 1 92.95011 1.853516 1000022 13 0 5.457226 1.814934 1000022 11 1 469 480
1 0.5380682 0.2637946 0.8676014 1 75.82584 1.333105 1000022 13 0 84.04984 1.802697 1000022 13 1 273 110
1 0.9894024 0.7036328 1.19152 0 141.2629 1.125983 1000022 11 1 84.58599 1.091236 1000022 13 1 274 438
1 1.282494 1.437562 1.137462 1 77.3376 1.284156 1000022 13 0 271.9454 23.72615 1000022 13 1 278 100
1 1.149237 1.698801 0.7921503 1 35.82369 1.11173 1000022 13 0 239.0056 2.386942 1000022 11 1 279 394
1 1.314649 1.46568 1.173482 0 154.652 1.130343 1000022 11 1 32.21352 1.385958 1000022 13 1 281 492
1 1.46424 1.680344 1.235249 1 163.1011 1.374556 1000022 13 1 92.27749 1.163681 1000022 13 1 284 419
1 1.20651 1.16088 1.193521 1 150.1647 1.15009 1000022 13 0 75.36536 2.045732 1000022 11 1 5 328
1 1.405111 1.934095 0.9833891 1 86.34463 1.222337 1000022 13 0 104.3544 1.792617 1000022 13 1 12 147
1 1.035838 1.098122 0.9666125 0 419.657 5.038906 1000022 13 1 39.58541 1.173745 1000022 13 1 14 402
1 1.095596 1.133769 1.050051 0 108.8863 1.418532 1000022 13 1 60.25867 1.068277 1000022 13 1 16 223
1 0.8748782 0.5617447 1.136825 1 85.33143 2.041759 1000022 13 0 383.6165 1.49995 1000022 13 1 306 415
1 1.289688 1.878288 0.892531 1 87.49344 1.377507 1000022 13 0 166.2323 1.129414 1000022 11 1 307 225
1 0.008972122 0.001331868 0.04754584 1 98.91648 1.199804 1000022 13 0 72.67602 1.719881 1000022 11 1 309 433
1 0.3170899 0.1198369 0.6261138 0 20.38962 2.015501 1000022 13 1 95.48853 1.524304 1000022 13 1 310 91
1 0.1707681 0.04642279 0.4356818 0 205.2542 1.562791 1000022 11 1 108.0619 1.321039 1000022 13 1 314 469
1 0.9160994 0.6007248 1.171549 1 62.06643 1.127132 1000022 13 0 349.3288 5.555513 1000022 13 1 320 121
1 1.20651 1.16088 1.193521 1 50.49797 2.186044 1000022 13 0 148.6241 3.401641 1000022 11 1 320 299
1 0.008972122 0.001331868 0.04754584 1 66.37505 1.187925 1000022 13 0 43.6554 1.800741 1000022 11 1 20 446
1 1.157728 1.196465 1.111764 0 21.27566 2.072799 1000022 11 1 21.81886 2.054353 1000022 13 1 23 491
1 1.057513 1.112379 0.9951048 1 74.22797 1.674693 1000022 13 0 180.2273 4.962866 1000022 11 1 27 29
1 0.5762256 0.2893137 0.9113798 0 588.3402 3.73447 1000022 11 1 35.62601 1.065007 1000022 13 1 30 253
1 1.179161 1.206147 1.144075 1 48.14218 2.291552 1000022 13 0 286.9499 1.949287 1000022 11 1 32 498
1 1.056557 1.108524 0.9965968 1 70.0721 1.172563 1000022 13 0 61.46098 1.089753 1000022 13 1 33 324
1 1.083255 0.8452013 1.220206 0 236.7783 1.182726 1000022 13 1 44.14324 1.517304 1000022 13 1 34 68
1 0.7934737 0.4881172 1.065644 1 74.03085 1.093834 1000022 13 0 469.1923 1.171667 1000022 13 1 53 42
1 1.183608 1.169262 1.159476 1 52.34632 1.06796 1000022 13 0 102.2726 1.076242 1000022 11 1 54 96
1 1.053247 1.09991 0.9980844 1 40.90022 1.106942 1000022 13 0 56.54119 2.292194 1000022 11 1 57 230
1 0.5279956 0.2465533 0.8852676 1 119.954 1.294496 1000022 13 0 335.3458 2.83514 1000022 11 1 57 292
1 1.142868 1.177299 1.103399 1 161.4732 2.40884 1000022 13 0 98.69223 1.296728 1000022 11 1 61 316
1 1.194803 1.137859 1.187115 1 67.23885 1.172553 1000022 13 0 53.37786 1.758684 1000022 11 1 62 27
