1 0.8332192 0.5015442 1.138243 0 219.4296 1.714388 1000022 13 1 35.20729 1.251655 1000022 13 1 178 187
1 1.145385 0.9245803 1.259718 1 104.4082 1.273654 1000022 13 1 168.8522 2.597091 1000022 11 1 185 431
1 1.109295 1.155893 1.053631 1 40.80259 1.570083 1000022 13 1 82.09069 1.582342 1000022 13 1 187 250
1 1.217313 1.182622 1.199648 1 204.8107 1.699666 1000022 13 1 53.4642 1.257396 1000022 11 1 199 372
1 1.145385 0.9245803 1.259718 1 101.5369 1.238687 1000022 13 1 139.3598 1.63835 1000022 11 1 16 436
1 1.053247 1.09991 0.9980844 1 63.06596 3.294901 1000022 13 0 236.908 2.666628 1000022 13 1 21 455
1 1.298986 1.452146 1.156092 1 34.98644 1.70305 1000022 13 0 113.6156 2.713086 1000022 13 1 24 207
1 1.705086 2.017803 1.363962 1 240.3904 3.168411 1000022 13 1 68.8825 1.280216 1000022 11 1 30 207
1 1.282494 1.437562 1.137462 1 31.49619 2.335803 1000022 13 1 38.38423 1.455817 1000022 13 1 38 420
1 1.566869 2.206142 1.088645 0 4.035666 3.230174 1000022 11 0 64.28065 1.380453 1000022 13 1 39 349
1 0.4205023 0.1819855 0.7484848 1 12.58259 1.194512 1000022 11 0 161.819 1.28184 1000022 13 1 44 388
1 1.49586 1.706142 1.278772 1 76.55428 1.467978 1000022 13 1 61.07531 1.422034 1000022 13 1 50 73
1 0.5380682 0.2637946 0.8676014 1 53.96736 1.431511 1000022 13 1 172.5838 1.351453 1000022 11 1 51 154
1 0.4442115 0.1872741 0.8068974 1 25.30479 1.16671 1000022 13 0 488.4572 3.261025 1000022 13 1 66 27
1 1.524498 1.73059 1.317664 1 255.4415 2.388395 1000022 13 1 32.07553 1.546736 1000022 13 1 66 110
1 1.199401 1.201198 1.170168 0 101.8175 4.410536 1000022 13 0 44.18153 1.313318 1000022 13 1 69 465
1 1.56971 1.920896 1.202337 0 230.1351 1.855641 1000022 13 0 39.76694 1.605867 1000022 13 1 93 293
1 1.137649 1.170432 1.099925 0 38.51242 2.287272 1000022 11 1 102.7867 2.401533 1000022 13 1 110 449
1 1.055133 1.104334 0.9975671 1 83.93867 1.800102 1000022 13 0 4.657856 6.483294 1000022 11 1 117 376
1 1.152501 1.258655 1.04415 1 147.7655 1.592207 1000022 13 0 142.905 9.127369 1000022 11 1 121 93
1 1.192805 1.083559 1.213989 1 96.96059 1.085815 1000022 13 0 74.90345 2.9471 1000022 13 1 121 327
1 1.123647 1.241142 1.010512 1 24.47349 1.299529 1000022 13 1 83.82512 1.773197 1000022 13 1 125 91
1 1.866054 2.331325 1.3979 1 25.50257 1.300563 1000022 13 1 33.02596 1.352514 1000022 11 1 125 241
1 0.1527629 0.0402692 0.399808 0 37.48778 3.399178 1000022 13 1 231.9477 9.49809 1000022 13 1 131 309
1 0.6998869 0.3767799 1.045889 0 100.1835 5.916637 1000022 13 1 112.163 1.755624 1000022 13 1 150 162
1 1.42456 2.044705 0.9864829 1 220.6054 1.458439 1000022 13 0 88.57949 1.603742 1000022 13 1 175 208
