1 1.056557 1.108524 0.9965968 1 149.4585 1.067951 6002113 13 1 110.0177 1.764154 6002113 13 1 918 477
1 1.10316 1.145079 1.05266 1 29.88772 1.62006 6001113 13 1 23.71278 1.047909 6001113 13 1 539 262
1 0.8339615 0.5241884 1.101491 1 20.32798 1.234047 6002113 13 1 33.07121 1.027709 6002113 13 1 204 99
1 1.199428 1.046014 1.251733 0 28.82587 1.213312 6002113 13 1 34.10531 3.244018 6002113 13 1 204 396
1 0.1793033 0.05184105 0.4351809 1 50.44674 1.349867 6002113 13 1 67.22169 1.113907 6002113 13 1 206 431
1 1.059052 1.139164 0.9715886 1 17.35176 1.153529 6002113 13 1 19.00547 1.602542 6002113 13 1 270 10
1 1.062846 1.139449 0.9784784 0 58.19477 1.06294 6002113 13 1 57.56995 1.385188 6002113 13 1 5 187
1 1.017868 0.7662661 1.176325 1 47.66956 2.026827 6002113 13 1 46.33626 1.157127 6002113 13 1 413 256
1 1.550791 1.753763 1.352368 1 57.68718 1.675147 6002113 13 1 41.55066 1.097006 6002113 13 1 298 92
1 0.3920611 0.7237228 0.2037318 0 84.28345 1.686793 6002113 13 1 29.75934 1.827012 6002113 13 1 119 436
1 1.048836 1.548763 0.7254791 1 14.82935 1.038982 6002113 13 1 36.54159 1.217546 6002113 13 1 812 411
1 1.126364 0.9389989 1.211138 1 17.98006 2.130296 6002113 13 1 65.39941 2.021227 6002113 13 1 198 158
1 1.15499 1.021547 1.194574 0 77.88269 1.891809 6002113 13 1 49.21842 1.053522 6002113 13 1 135 85
1 1.298986 1.452146 1.156092 0 166.8056 2.04416 6002113 13 0 74.76063 1.17898 6002113 13 1 315 410
1 0.4442115 0.1872741 0.8068974 1 27.22536 1.128704 6002113 13 0 28.50254 1.264923 6002113 13 1 326 500
1 1.143675 1.253919 1.033471 1 51.16687 1.234555 6002113 13 1 28.22031 1.246126 6002113 13 1 719 186
1 0.5762256 0.2893137 0.9113798 1 56.44973 1.16641 6002113 13 1 42.25789 1.102699 6002113 13 1 894 155
1 0.2539062 0.08544197 0.5475258 1 33.745 3.201132 6002113 13 1 22.90284 1.482786 6002113 13 1 833 368
1 1.566869 2.206142 1.088645 1 59.13947 1.071399 6002113 13 1 20.94725 1.031969 6002113 13 1 945 276
1 1.095596 1.133769 1.050051 1 59.68911 1.046298 6002113 13 0 113.2432 1.874528 6002113 13 1 219 221
1 1.058012 1.115802 0.9930252 1 103.3564 1.722392 6002113 13 0 55.15874 3.296571 6002113 13 1 285 409
1 1.147959 1.183877 1.106546 0 78.26877 2.105976 6003113 13 1 30.63946 1.062249 6003113 13 1 162 346
1 1.106427 1.150534 1.053346 1 14.79765 2.379727 6001113 13 1 21.08691 1.309416 6001113 13 1 428 424
1 1.0427 1.134261 0.9473373 1 31.24994 1.429274 6002113 13 1 43.60686 1.315889 6002113 13 1 768 335
1 1.036252 1.095703 0.9699052 1 24.09834 1.053018 6002113 13 1 38.73053 1.114664 6002113 13 1 620 328
1 1.147959 1.183877 1.106546 1 21.05056 1.171759 6002113 13 1 17.33818 2.601831 6002113 13 1 799 109
1 1.126364 0.9389989 1.211138 1 21.73737 1.823821 6002113 13 0 109.6776 1.257331 6002113 13 1 874 106
1 1.152971 1.190243 1.109341 1 59.13362 1.133226 6002113 13 1 22.58101 1.1615 6002113 13 1 878 255
1 0.3459568 0.1344595 0.6687537 1 19.05525 1.139854 6002113 13 0 110.8083 1.310736 6002113 13 1 990 484
1 0.4205023 0.1819855 0.7484848 1 25.05268 1.503591 6002113 13 0 46.63896 1.401404 6002113 13 1 82 74
1 1.217313 1.182622 1.199648 1 37.73302 1.079705 6002113 13 1 117.0376 1.22844 6002113 13 1 90 209
1 1.199428 1.046014 1.251733 0 50.73698 2.331413 6002113 13 1 6.144521 1.264343 6002113 13 1 966 298
1 1.053247 1.09991 0.9980844 1 78.0385 1.346922 6002113 13 1 63.63994 1.60591 6002113 13 1 578 497
