1 1.062846 1.139449 0.9784784 1 4.500535 1.922326 1000022 13 1 81.40971 3.549387 1000022 13 1 162 312
1 1.109295 1.155893 1.053631 1 9.320802 1.086155 1000022 13 1 78.89793 1.119149 1000022 13 1 164 152
1 1.143675 1.253919 1.033471 1 13.23416 1.095724 1000022 13 1 33.36545 1.193922 1000022 13 1 164 251
1 0.6159488 0.3166172 0.9557644 1 1.6445 1.25377 1000022 13 1 52.64264 1.645388 1000022 13 1 165 129
1 1.112575 1.233052 0.9981722 0 1.647275 2.441035 1000022 13 1 85.92234 1.194755 1000022 13 1 165 177
1 1.550791 1.753763 1.352368 1 60.47276 1.232964 1000022 13 0 13.3658 1.10176 1000022 13 1 169 254
1 1.206555 1.21522 1.17542 1 49.28801 2.372613 1000022 13 1 25.1674 1.027587 1000022 13 1 169 453
1 1.034916 1.100018 0.9626585 1 65.02767 1.129999 1000022 13 1 94.48985 1.140206 1000022 13 1 170 228
1 1.151918 0.9752633 1.225726 1 70.52254 1.370041 1000022 13 1 3.823738 1.779464 1000022 13 1 170 353
1 1.179161 1.206147 1.144075 1 34.7607 1.085421 1000022 13 1 29.64089 2.445 1000022 13 1 170 399
1 0.04601344 0.008200601 0.1755223 1 26.85509 1.087645 1000022 13 1 30.81177 1.272658 1000022 13 1 171 9
1 1.329532 1.478061 1.189894 1 9.251379 1.063778 1000022 13 1 46.81331 1.043796 1000022 13 1 171 119
1 1.099519 1.139476 1.051563 1 69.27056 1.047272 1000022 13 1 1.198575 1.16742 1000022 13 1 171 121
1 1.059052 1.139164 0.9715886 1 35.35253 1.123665 1000022 13 0 335.7402 2.151891 1000022 13 1 171 417
1 0.03009876 0.005032814 0.1242768 1 15.21282 1.013015 1000022 13 1 26.82769 2.849339 1000022 13 1 172 75
1 1.054444 1.13827 0.9640688 1 81.66333 2.676463 1000022 13 1 27.85836 1.031976 1000022 13 1 175 7
1 1.645109 2.1548 1.183545 1 62.56227 1.114962 1000022 13 0 38.39887 1.195209 1000022 13 1 175 69
1 1.143675 1.253919 1.033471 1 1.414361 1.042683 1000022 13 1 41.57045 1.30744 1000022 13 1 176 1
1 1.167323 1.186361 1.134647 1 38.56693 1.087663 1000022 13 0 3.26646 1.210578 1000022 13 1 176 27
1 1.137649 1.170432 1.099925 1 72.37668 2.062238 1000022 13 1 35.26056 1.194875 1000022 13 1 176 238
1 1.063672 0.7860307 1.245813 1 36.35724 1.064848 1000022 13 1 2.752712 1.034664 1000022 13 1 178 31
1 1.035838 1.098122 0.9666125 1 36.39159 1.166459 1000022 13 1 18.29921 1.118204 1000022 13 1 178 319
1 1.157728 1.196465 1.111764 1 39.57333 1.052804 1000022 13 1 37.28455 1.429272 1000022 13 1 178 383
1 1.314649 1.46568 1.173482 1 90.60163 1.142083 1000022 13 1 34.56657 1.091227 1000022 13 1 181 316
1 1.217313 1.182622 1.199648 1 25.48895 1.083009 1000022 13 0 190.7207 1.812906 1000022 13 1 181 372
1 1.206555 1.21522 1.17542 1 48.68298 2.120494 1000022 13 1 30.50043 1.143008 1000022 13 1 186 43
1 0.8200224 1.218482 0.5472287 0 308.6523 1.109314 1000022 13 1 18.75414 2.292927 1000022 13 1 188 122
1 1.329532 1.478061 1.189894 0 39.95341 1.064543 1000022 13 1 105.4783 1.238601 1000022 13 1 188 284
1 1.10316 1.145079 1.05266 1 30.5306 1.032822 1000022 13 1 22.89 1.153882 1000022 13 1 188 286
1 0.5279956 0.2465533 0.8852676 0 42.69597 4.716807 1000022 13 1 24.78989 1.030825 1000022 13 1 188 406
1 1.035838 1.098122 0.9666125 0 193.9817 2.767553 1000022 13 1 76.12849 1.12212 1000022 13 1 190 228
1 1.034916 1.100018 0.9626585 1 71.67826 1.68605 1000022 13 1 28.98146 1.249781 1000022 13 1 190 477
1 1.49586 1.706142 1.278772 0 120.4786 2.52075 1000022 13 1 29.14479 1.027847 1000022 13 1 191 191
1 0.2539062 0.08544197 0.5475258 1 7.582905 1.356018 1000022 13 1 75.9729 1.359881 1000022 13 1 3 115
1 0.008972122 0.001331868 0.04754584 1 13.64799 1.023031 1000022 13 1 66.17593 2.279974 1000022 13 1 4 23
1 1.112575 1.233052 0.9981722 1 52.80343 1.202911 1000022 13 0 93.75382 3.172822 1000022 13 1 4 271
1 1.164201 1.711426 0.8059074 0 188.1117 1.341602 1000022 13 1 27.07982 1.039492 1000022 13 1 5 31
1 1.194803 1.137859 1.187115 1 27.37996 1.077518 1000022 13 0 72.15157 3.729609 1000022 13 1 5 191
1 1.034916 1.100018 0.9626585 1 29.28984 1.039274 1000022 13 0 226.0972 1.106182 1000022 13 1 5 476
1 1.183608 1.169262 1.159476 1 27.40888 1.145444 1000022 13 1 130.7059 2.093904 1000022 13 1 6 165
1 1.0427 1.134261 0.9473373 1 68.01257 1.485426 1000022 13 0 117.2827 1.068002 1000022 13 1 6 349
1 1.190567 1.223018 1.152597 1 50.48802 2.977311 1000022 13 1 30.37595 1.121439 1000022 13 1 6 372
1 1.048997 1.136673 0.9559695 1 30.935 1.408052 1000022 13 1 29.36956 1.524296 1000022 13 1 7 114
1 1.036252 1.095703 0.9699052 1 13.32946 1.074776 1000022 13 1 79.01579 2.2367 1000022 13 1 7 356
1 0.9894024 0.7036328 1.19152 1 26.77654 1.282956 1000022 13 1 17.98191 1.050411 1000022 13 1 8 70
1 1.20651 1.16088 1.193521 1 92.87065 1.338734 1000022 13 1 54.70493 1.762425 1000022 13 1 9 327
1 0.9574994 0.6410515 1.205563 1 22.78644 1.125417 1000022 13 0 88.95473 1.031326 1000022 13 1 9 401
1 1.173319 1.196671 1.139395 1 71.16447 1.262801 1000022 13 1 24.72982 1.13808 1000022 13 1 10 255
1 1.095596 1.133769 1.050051 1 8.317465 1.393461 1000022 13 1 90.78136 2.148686 1000022 13 1 11 25
1 0.665028 0.3662483 0.9755856 1 23.38079 1.105921 1000022 13 0 191.2458 1.14558 1000022 13 1 11 99
1 1.289688 1.878288 0.892531 1 24.03201 1.096853 1000022 13 1 7.730649 1.096456 1000022 13 1 11 271
1 0.9219857 1.364073 0.6240806 1 25.04536 1.083409 1000022 13 1 34.70131 1.063436 1000022 13 1 12 389
1 0.9219857 1.364073 0.6240806 1 25.04536 1.083409 1000022 13 1 34.70131 1.063436 1000022 13 1 12 389
1 1.641128 1.972201 1.285192 1 46.51474 1.305601 1000022 13 1 93.22605 1.281328 1000022 13 1 12 457
1 0.4205023 0.1819855 0.7484848 1 88.69476 1.28816 1000022 13 0 45.71985 1.264211 1000022 13 1 13 58
1 0.4903168 0.2233237 0.8385035 1 38.33236 3.277391 1000022 13 1 81.38228 1.453866 1000022 13 1 13 61
1 1.0427 1.134261 0.9473373 1 104.8399 1.171008 1000022 13 1 58.20868 1.950722 1000022 13 1 13 136
1 1.048836 1.548763 0.7254791 1 2.736298 1.113788 1000022 13 1 39.24187 1.028964 1000022 13 1 13 430
1 1.298986 1.452146 1.156092 1 40.09727 1.370727 1000022 13 1 96.07448 1.282015 1000022 13 1 14 50
1 1.49586 1.706142 1.278772 1 85.58253 1.542513 1000022 13 1 52.63668 1.272243 1000022 13 1 15 10
1 1.213336 1.227995 1.180605 1 14.66148 1.08212 1000022 13 1 27.60923 1.336339 1000022 13 1 15 27
1 1.063672 0.7860307 1.245813 1 58.44028 1.021353 1000022 13 1 4.429498 1.047175 1000022 13 1 16 361
1 1.036252 1.095703 0.9699052 1 54.18584 1.218689 1000022 13 1 46.49662 1.221008 1000022 13 1 17 85
1 1.173319 1.196671 1.139395 1 39.79015 1.579623 1000022 13 0 48.97952 4.657956 1000022 13 1 17 136
1 1.142868 1.177299 1.103399 1 27.23414 1.404157 1000022 13 0 69.83188 1.214196 1000022 13 1 17 163
1 0.7268606 1.122648 0.4611204 1 14.59872 1.682218 1000022 13 1 55.83069 2.622164 1000022 13 1 17 337
1 0.5675248 0.271593 0.9330701 1 26.55647 1.826334 1000022 13 0 56.71114 1.755723 1000022 13 1 17 434
1 1.050919 0.8056091 1.198818 0 44.77637 1.403511 1000022 13 1 47.27032 1.027336 1000022 13 1 18 108
1 0.5179346 0.9281273 0.2807825 1 30.42818 1.052785 1000022 13 1 32.4235 1.03323 1000022 13 1 19 97
1 1.10316 1.145079 1.05266 1 65.46712 1.312385 1000022 13 1 2.732482 1.13238 1000022 13 1 19 451
1 1.42456 2.044705 0.9864829 1 11.06376 1.419468 1000022 13 1 74.01725 3.007073 1000022 13 1 20 17
1 0.8748782 0.5617447 1.136825 1 102.4264 1.046065 1000022 13 0 12.04432 1.645896 1000022 13 1 20 371
1 0.1363718 0.034862 0.3662451 1 61.03786 1.735106 1000022 13 1 48.85506 1.141825 1000022 13 1 21 75
1 1.034916 1.100018 0.9626585 1 243.2638 1.21054 1000022 13 1 37.32499 1.345728 1000022 13 1 21 269
1 1.1849 1.214892 1.148506 1 39.28453 2.985054 1000022 13 0 7.554599 1.24262 1000022 13 1 21 416
1 1.75908 2.248522 1.290011 0 105.612 1.017873 1000022 13 1 15.49244 1.153191 1000022 13 1 23 341
1 0.9894024 0.7036328 1.19152 1 59.5924 1.251112 1000022 13 1 36.57344 1.067117 1000022 13 1 24 70
1 1.095596 1.133769 1.050051 1 52.96565 1.309967 1000022 13 1 44.15002 1.779294 1000022 13 1 24 187
1 1.056557 1.108524 0.9965968 0 38.64208 1.597112 1000022 13 1 126.6974 1.08521 1000022 13 1 24 469
1 1.063672 0.7860307 1.245813 0 2.202383 1.062523 1000022 13 1 30.30755 1.354852 1000022 13 1 25 425
1 1.031225 1.102163 0.9526981 1 79.82381 1.269427 1000022 13 1 56.06022 1.912675 1000022 13 1 26 299
1 1.192805 1.083559 1.213989 1 55.39169 1.355905 1000022 13 1 90.57855 1.050887 1000022 13 1 27 32
1 1.152971 1.190243 1.109341 1 75.03337 1.074994 1000022 13 1 44.4364 1.892261 1000022 13 1 27 96
1 1.812285 2.096335 1.505211 1 59.22604 1.262693 1000022 13 1 67.96727 2.106781 1000022 13 1 27 460
1 1.057513 1.112379 0.9951048 1 56.9561 1.106571 1000022 13 1 41.53692 1.093091 1000022 13 1 28 85
1 1.062846 1.139449 0.9784784 1 40.36727 1.078032 1000022 13 1 60.48484 1.650065 1000022 13 1 29 65
1 1.15499 1.021547 1.194574 1 29.57447 1.040306 1000022 13 1 1.618076 1.135139 1000022 13 1 29 446
1 1.134034 1.248093 1.022271 1 45.01363 1.325279 1000022 13 0 69.79237 1.262145 1000022 13 1 30 180
1 1.524498 1.73059 1.317664 0 6.417719 1.234808 1000022 13 1 29.936 1.285026 1000022 13 1 30 333
1 1.174602 1.053046 1.204645 1 24.6903 1.129878 1000022 13 1 63.14174 1.143442 1000022 13 1 31 53
1 0.1214868 0.03012302 0.3349064 1 15.45107 1.975151 1000022 13 0 76.02852 1.16886 1000022 13 1 31 218
1 0.004946925 0.0007649757 0.02896901 0 118.6505 3.35328 1000022 13 1 59.12651 1.462768 1000022 13 1 32 13
1 1.526225 2.04983 1.080738 1 41.51129 1.356565 1000022 13 1 48.85007 1.227369 1000022 13 1 32 129
1 1.176288 1.010978 1.239274 1 27.51654 1.057723 1000022 13 0 76.80049 2.685644 1000022 13 1 32 281
1 0.003497112 0.0005740048 0.02103336 1 42.74221 2.003133 1000022 13 0 91.29816 1.014013 1000022 13 1 37 211
1 1.033406 1.101364 0.958024 1 18.2676 1.407199 1000022 13 0 16.94258 2.554245 1000022 13 1 37 365
1 1.225386 1.141194 1.230719 1 92.52624 1.229742 1000022 13 0 52.65944 1.389906 1000022 13 1 37 417
1 1.055133 1.104334 0.9975671 1 33.81224 1.144597 1000022 13 0 123.1178 1.02648 1000022 13 1 38 340
1 1.062846 1.139449 0.9784784 0 55.02962 1.207503 1000022 13 1 46.59753 1.086592 1000022 13 1 38 380
1 1.157728 1.196465 1.111764 1 7.64521 1.984557 1000022 13 1 52.78649 1.105877 1000022 13 1 39 16
1 1.194803 1.137859 1.187115 0 13.45602 1.018557 1000022 13 1 107.3758 1.035345 1000022 13 1 39 209
1 0.9160994 0.6007248 1.171549 1 27.8832 1.104378 1000022 13 1 58.92049 1.369254 1000022 13 1 41 73
1 1.227292 1.202911 1.205555 1 30.34793 1.770572 1000022 13 0 43.09418 1.175642 1000022 13 1 41 428
1 1.031225 1.102163 0.9526981 1 23.2761 1.521355 1000022 13 1 64.42303 1.205095 1000022 13 1 42 245
1 1.062846 1.139449 0.9784784 1 44.89633 1.62679 1000022 13 1 11.47185 1.024089 1000022 13 1 44 173
1 0.203907 0.4107535 0.09737417 0 106.2924 4.75832 1000022 13 1 61.58051 1.152888 1000022 13 1 44 250
1 0.7242169 1.085561 0.4754195 1 105.0417 1.059484 1000022 13 1 82.7618 1.172868 1000022 13 1 47 9
1 0.7242169 1.085561 0.4754195 1 105.0417 1.059484 1000022 13 1 82.7618 1.172868 1000022 13 1 47 9
1 1.866054 2.331325 1.3979 1 93.81642 2.172559 1000022 13 1 24.6143 1.080015 1000022 13 1 47 36
1 1.147959 1.183877 1.106546 0 173.5689 2.319604 1000022 13 1 41.91773 1.356038 1000022 13 1 47 409
1 1.112575 1.233052 0.9981722 1 44.40506 1.133852 1000022 13 1 4.773971 1.06056 1000022 13 1 47 484
1 1.062846 1.139449 0.9784784 1 62.59142 1.034382 1000022 13 1 89.65652 1.097858 1000022 13 1 51 54
1 0.3767309 0.1505117 0.7131262 0 20.13903 1.565692 1000022 13 1 49.35538 1.187233 1000022 13 1 51 377
1 1.190567 1.223018 1.152597 1 28.24116 1.324416 1000022 13 1 35.24876 1.06461 1000022 13 1 53 330
1 1.053247 1.09991 0.9980844 1 43.84019 1.667285 1000022 13 1 45.49197 1.043571 1000022 13 1 58 69
1 1.282494 1.437562 1.137462 1 32.85524 1.454393 1000022 13 0 15.60415 1.080732 1000022 13 1 59 384
1 1.152501 1.258655 1.04415 1 31.37924 1.121564 1000022 13 0 72.48505 2.94012 1000022 13 1 62 93
1 1.058012 1.115802 0.9930252 1 41.73235 1.210702 1000022 13 1 22.64554 2.008466 1000022 13 1 63 248
1 1.034916 1.100018 0.9626585 1 31.20678 2.340186 1000022 13 1 86.98 1.125679 1000022 13 1 63 457
1 1.048997 1.136673 0.9559695 1 28.46179 1.382497 1000022 13 0 60.26365 1.298828 1000022 13 1 65 432
1 1.112575 1.233052 0.9981722 1 7.10979 1.044366 1000022 13 1 17.23148 1.034569 1000022 13 1 66 11
1 1.063672 0.7860307 1.245813 1 13.80137 59.85451 1000022 13 1 119.8908 1.584543 1000022 13 1 66 222
1 0.004946925 0.0007649757 0.02896901 1 22.67749 1.034068 1000022 13 0 6.798143 1.064764 1000022 13 1 67 149
1 1.063672 0.7860307 1.245813 1 87.82752 1.198027 1000022 13 1 5.85738 1.827772 1000022 13 1 67 205
1 1.213336 1.227995 1.180605 0 28.87414 8.510387 1000022 13 1 64.20478 1.487142 1000022 13 1 67 293
1 1.062846 1.139449 0.9784784 1 0.5603469 1.140637 1000022 13 1 81.43581 1.411607 1000022 13 1 68 17
1 0.665028 0.3662483 0.9755856 1 71.36847 2.175896 1000022 13 1 36.07277 1.087388 1000022 13 1 68 158
1 1.035838 1.098122 0.9666125 0 15.59859 1.734648 1000022 13 1 50.42042 1.343052 1000022 13 1 68 352
1 1.143675 1.253919 1.033471 1 32.62127 2.576101 1000022 13 1 3.338212 1.049883 1000022 13 1 72 316
1 1.194803 1.137859 1.187115 1 59.62526 1.755267 1000022 13 0 199.6756 3.779109 1000022 13 1 72 386
1 1.0427 1.134261 0.9473373 1 105.3991 1.14581 1000022 13 1 34.23994 1.398865 1000022 13 1 72 443
1 1.164201 1.711426 0.8059074 1 15.95356 1.494729 1000022 13 1 32.11713 1.133853 1000022 13 1 73 456
1 1.017868 0.7662661 1.176325 1 29.50478 1.053684 1000022 13 1 14.41953 1.829313 1000022 13 1 74 274
1 1.75908 2.248522 1.290011 1 43.74789 1.440811 1000022 13 1 3.244524 1.146248 1000022 13 1 77 88
1 1.405111 1.934095 0.9833891 1 18.07291 1.326279 1000022 13 1 22.0323 1.419497 1000022 13 1 77 433
1 1.550791 1.753763 1.352368 1 20.49993 1.203551 1000022 13 1 19.04989 1.333338 1000022 13 1 77 447
1 0.004946925 0.0007649757 0.02896901 1 79.34879 1.751318 1000022 13 1 34.32444 1.067266 1000022 13 1 78 65
1 1.157728 1.196465 1.111764 0 121.2352 2.043803 1000022 13 1 18.06366 1.339687 1000022 13 1 78 353
1 1.035838 1.098122 0.9666125 1 0.8645456 1.060216 1000022 13 1 27.40577 1.028429 1000022 13 1 79 74
1 1.109295 1.155893 1.053631 1 94.74273 1.30704 1000022 13 0 37.89163 2.640985 1000022 13 1 79 119
1 1.059052 1.139164 0.9715886 1 95.55283 1.168756 1000022 13 1 69.94791 1.042052 1000022 13 1 79 239
1 0.02402195 0.003812468 0.1069883 1 136.8489 1.085561 1000022 13 1 8.05021 1.165415 1000022 13 1 83 79
1 0.9517445 0.6636014 1.162862 1 18.69563 1.348219 1000022 13 1 35.94506 1.279071 1000022 13 1 83 280
1 1.641128 1.972201 1.285192 1 32.58971 1.016272 1000022 13 1 26.70124 1.245089 1000022 13 1 84 249
1 0.5675248 0.271593 0.9330701 1 46.92124 1.350202 1000022 13 1 101.095 1.485401 1000022 13 1 84 363
1 1.75908 2.248522 1.290011 1 59.06638 1.138899 1000022 13 1 10.90376 1.038931 1000022 13 1 84 441
1 1.033406 1.101364 0.958024 1 43.94898 1.23088 1000022 13 1 319.1408 1.214537 1000022 13 1 86 32
1 0.9574994 0.6410515 1.205563 0 163.4195 1.104227 1000022 13 1 37.61206 1.174973 1000022 13 1 86 177
1 1.056557 1.108524 0.9965968 1 17.37265 3.435888 1000022 13 1 32.3322 1.045476 1000022 13 1 86 274
1 1.191782 1.185832 1.16486 0 46.38649 1.306403 1000022 13 1 36.00778 1.157598 1000022 13 1 86 316
1 1.329532 1.478061 1.189894 1 11.1021 1.04411 1000022 13 1 30.87125 1.791526 1000022 13 1 86 320
1 1.329532 1.478061 1.189894 0 6.685516 6.778127 1000022 13 1 23.71779 1.120018 1000022 13 1 87 59
1 1.199401 1.201198 1.170168 1 82.09114 1.242025 1000022 13 1 31.56199 1.231441 1000022 13 1 87 245
1 1.49586 1.706142 1.278772 1 67.08608 1.212388 1000022 13 1 53.13907 1.062142 1000022 13 1 87 267
1 0.747205 0.4303799 1.057145 1 28.39292 1.056565 1000022 13 1 0.5790212 1.025754 1000022 13 1 87 419
1 1.174602 1.053046 1.204645 1 72.32806 1.245045 1000022 13 1 175.8492 2.154039 1000022 13 1 88 84
1 1.213336 1.227995 1.180605 1 1.733569 1.035376 1000022 13 1 73.73344 2.262535 1000022 13 1 88 258
1 1.126364 0.9389989 1.211138 1 92.37366 1.124408 1000022 13 1 32.9573 1.069231 1000022 13 1 90 176
1 1.109295 1.155893 1.053631 1 34.01341 1.034991 1000022 13 1 32.33874 1.017242 1000022 13 1 91 169
1 1.199428 1.046014 1.251733 1 63.5524 1.243317 1000022 13 1 58.11371 1.088012 1000022 13 1 91 191
1 1.199428 1.046014 1.251733 1 63.5524 1.243317 1000022 13 1 58.11371 1.088012 1000022 13 1 91 191
1 1.183608 1.169262 1.159476 1 16.59492 1.122658 1000022 13 1 75.67448 1.366366 1000022 13 1 92 269
1 0.5279956 0.2465533 0.8852676 1 58.22166 1.14346 1000022 13 1 90.76029 1.112879 1000022 13 1 92 290
1 1.173319 1.196671 1.139395 0 105.375 2.175977 1000022 13 1 30.01247 1.058209 1000022 13 1 92 399
1 1.034916 1.100018 0.9626585 0 113.525 1.098087 1000022 13 1 20.46754 1.20925 1000022 13 1 97 24
1 1.190567 1.223018 1.152597 1 1.89522 1.390563 1000022 13 1 20.97239 1.319515 1000022 13 1 98 36
1 0.5675248 0.271593 0.9330701 1 29.40722 1.460033 1000022 13 1 10.40619 1.020692 1000022 13 1 98 82
1 0.6679293 1.172073 0.374902 1 35.17543 2.279823 1000022 13 1 24.08883 1.194584 1000022 13 1 98 485
1 1.083255 0.8452013 1.220206 1 100.91 1.158898 1000022 13 1 41.78843 1.046601 1000022 13 1 99 185
1 1.143675 1.253919 1.033471 1 33.38417 1.178318 1000022 13 1 100.9649 2.506432 1000022 13 1 99 187
1 1.645109 2.1548 1.183545 1 188.1951 1.900782 1000022 13 1 19.11874 1.086287 1000022 13 1 99 443
1 1.026751 0.7444853 1.219196 0 6.350705 3.342855 1000022 13 1 114.7663 1.27958 1000022 13 1 100 423
1 1.164201 1.711426 0.8059074 1 32.04683 1.144489 1000022 13 0 20.08169 4.437027 1000022 13 1 103 196
1 1.055133 1.104334 0.9975671 1 67.11701 1.275457 1000022 13 1 230.9352 1.325098 1000022 13 1 103 478
1 1.057513 1.112379 0.9951048 1 96.05822 1.316502 1000022 13 1 37.57095 1.093075 1000022 13 1 107 408
1 1.106427 1.150534 1.053346 0 311.5473 1.678245 1000022 13 0 29.82872 1.076531 1000022 13 1 108 61
1 1.050919 0.8056091 1.198818 1 19.08456 1.149695 1000022 13 1 24.82371 1.143718 1000022 13 1 108 315
1 0.06482654 0.01276116 0.2218368 1 39.81202 1.445436 1000022 13 1 27.2096 1.053404 1000022 13 1 111 357
1 0.5762256 0.2893137 0.9113798 1 37.54392 1.585227 1000022 13 1 24.03058 1.119135 1000022 13 1 113 224
1 1.183608 1.169262 1.159476 0 6.528709 1.793804 1000022 13 1 55.00864 1.138704 1000022 13 1 114 305
1 0.009710893 0.001441682 0.05238557 1 57.36216 1.173733 1000022 13 1 39.22718 1.317327 1000022 13 1 114 456
1 1.227292 1.202911 1.205555 1 37.31589 1.199723 1000022 13 1 40.61403 2.605056 1000022 13 1 120 218
1 1.1849 1.214892 1.148506 1 5.122187 1.205664 1000022 13 1 30.50945 1.27243 1000022 13 1 120 422
1 1.26516 1.422013 1.117256 1 34.5049 1.093546 1000022 13 1 37.14345 1.038666 1000022 13 1 122 115
1 1.174602 1.053046 1.204645 0 87.8034 1.131247 1000022 13 1 16.20149 1.011994 1000022 13 1 124 304
1 1.183608 1.169262 1.159476 1 95.70461 1.116725 1000022 13 0 21.54712 2.317623 1000022 13 1 125 308
1 1.206555 1.21522 1.17542 1 41.37433 1.486433 1000022 13 1 30.26258 1.037004 1000022 13 1 126 474
1 1.033406 1.101364 0.958024 1 28.58326 1.224942 1000022 13 1 119.3307 3.17154 1000022 13 1 127 347
1 1.142868 1.177299 1.103399 1 5.800593 1.454275 1000022 13 1 42.39268 1.08392 1000022 13 1 129 367
1 1.298986 1.452146 1.156092 1 62.17524 1.039081 1000022 13 1 10.19565 1.029634 1000022 13 1 129 422
1 1.017868 0.7662661 1.176325 1 51.74485 1.144503 1000022 13 0 56.03265 1.915467 1000022 13 1 129 439
1 1.147959 1.183877 1.106546 1 49.76497 1.141125 1000022 13 0 27.82286 2.153199 1000022 13 1 131 489
