1 0.1080031 0.02598027 0.3057024 1 10.91063 2.252031 6001113 11 1 34.17565 1.354117 6001113 13 1 768 176
1 1.054444 1.13827 0.9640688 1 16.93319 1.631364 6001113 11 1 49.22045 1.374293 6001113 13 1 788 581
1 1.054444 1.13827 0.9640688 0 26.01182 11.04765 6001113 11 1 62.18006 1.152501 6001113 13 1 833 994
1 1.199401 1.201198 1.170168 1 48.37981 2.033121 6001113 13 0 40.10295 1.842407 6001113 11 1 840 358
1 1.191782 1.185832 1.16486 0 1066.94 2.220085 6003113 11 1 53.55626 1.281628 6003113 13 1 840 630
1 1.0427 1.134261 0.9473373 0 75.20353 1.299655 6001113 13 0 7.686322 2.271742 6001113 11 1 349 572
1 0.08964617 0.01972916 0.2750357 1 53.43736 1.453506 6002113 13 0 340.7733 3.198424 6002113 11 1 350 121
1 1.053247 1.09991 0.9980844 1 102.1604 1.156374 6001113 13 0 22.18299 2.959158 6001113 11 1 359 17
1 1.1849 1.214892 1.148506 0 103.2256 1.218759 6002113 13 0 710.4634 1.87421 6002113 11 1 364 225
1 0.4205023 0.1819855 0.7484848 0 1.005348 5.804289 6001113 11 1 28.98356 1.491076 6001113 13 1 364 489
1 1.298986 1.452146 1.156092 1 31.30376 1.703396 6001113 13 0 37.92619 3.864809 6001113 11 1 378 91
1 1.106427 1.150534 1.053346 1 31.36187 1.568153 6002113 13 0 57.84896 2.815598 6002113 11 1 856 199
1 0.4094664 0.1680855 0.7591912 1 93.02103 1.724069 6001113 13 0 73.82339 8.147357 6001113 11 1 859 334
1 1.058012 1.115802 0.9930252 1 23.58843 1.100198 6001113 13 0 15.79664 2.347471 6001113 11 1 869 173
1 1.289688 1.878288 0.892531 1 57.95697 2.002018 6002113 13 0 466.214 7.498755 6002113 11 1 875 737
1 1.46424 1.680344 1.235249 0 596.7514 1.311796 6002113 11 1 57.14045 1.249854 6002113 13 1 879 580
1 0.4442115 0.1872741 0.8068974 0 6.330198 4.202084 6001113 11 0 51.64697 2.186296 6001113 13 1 1171 908
1 1.526225 2.04983 1.080738 0 46.215 1.944847 6001113 11 1 34.98644 1.180045 6001113 13 1 1179 73
1 1.314649 1.46568 1.173482 1 48.10112 1.638648 6001113 13 1 23.24871 2.744319 6001113 11 1 1179 963
1 0.0005685629 0.0001319998 0.002645407 0 52.46806 1.602681 6001113 13 0 126.95 1.736775 6001113 11 1 1185 680
1 1.033406 1.101364 0.958024 1 40.02353 1.228529 6001113 13 0 9.339121 1.44591 6001113 11 1 1186 949
1 1.056557 1.108524 0.9965968 1 27.48377 2.119287 6001113 13 0 8.714879 2.042458 6001113 11 1 894 932
1 0.1991887 0.05938704 0.4717879 1 24.07975 1.891421 6002113 13 0 803.5417 3.941394 6002113 11 1 916 99
1 1.15499 1.021547 1.194574 0 470.6977 2.17458 6002113 11 0 124.5906 1.90928 6002113 13 1 2025 239
1 1.123647 1.241142 1.010512 0 14.83964 1.834539 6001113 11 1 52.92162 1.137719 6001113 13 1 1738 529
1 1.034916 1.100018 0.9626585 0 326.2637 5.906452 6001113 11 1 35.98215 1.470614 6001113 13 1 1745 148
1 0.7242169 1.085561 0.4754195 1 40.8244 1.212919 6002113 13 0 691.7449 2.088328 6002113 11 1 1745 261
1 1.142868 1.177299 1.103399 0 1.635437 2.319407 6001113 11 1 103.7861 1.11499 6001113 13 1 1412 454
1 1.151918 0.9752633 1.225726 0 444.7321 2.272952 6002113 11 1 31.2999 1.241779 6002113 13 1 1412 995
1 0.3170899 0.1198369 0.6261138 0 47.05838 1.438207 6001113 13 0 40.48261 1.350689 6001113 11 1 1421 818
1 1.017868 0.7662661 1.176325 1 146.8152 1.471516 6001113 13 0 3.07723 1.115342 6001113 11 1 1427 983
1 1.106427 1.150534 1.053346 1 62.26934 1.98196 6002113 13 0 1709.334 9.988957 6002113 11 1 1429 945
1 0.5179346 0.9281273 0.2807825 0 6.267449 1.160311 6001113 11 1 64.26363 1.296818 6001113 13 1 1437 834
1 1.099519 1.139476 1.051563 0 1747.793 1.120739 6002113 11 1 59.89187 1.26125 6002113 13 1 1750 821
1 0.9894024 0.7036328 1.19152 0 38.04198 3.234974 6001113 11 1 36.98788 1.465286 6001113 13 1 1751 381
1 0.04323696 0.007888732 0.160549 0 104.7512 1.247407 6001113 11 1 33.19775 1.105571 6001113 13 1 1751 504
1 1.405111 1.934095 0.9833891 1 75.63214 1.133663 6001113 13 0 122.6002 1.162487 6001113 11 1 1753 38
1 1.099519 1.139476 1.051563 0 25.30811 2.155673 6001113 11 1 22.92647 1.259632 6001113 13 1 1758 735
1 0.2539062 0.08544197 0.5475258 0 26.41509 2.274764 6001113 11 0 60.88674 1.389985 6001113 13 1 1760 884
1 1.058012 1.115802 0.9930252 1 85.22587 1.479763 6001113 13 0 41.70927 3.359421 6001113 11 1 2050 621
1 1.143675 1.253919 1.033471 1 35.05549 1.09021 6001113 13 0 134.3587 1.644046 6001113 11 1 1443 361
1 1.056557 1.108524 0.9965968 0 361.4168 7.982091 6002113 11 0 86.33005 2.279826 6002113 13 1 1454 930
1 1.017868 0.7662661 1.176325 1 77.76574 1.220587 6002113 13 0 3080.137 3.430751 6002113 11 1 1456 320
1 1.26516 1.422013 1.117256 1 30.24132 2.478629 6001113 13 0 117.738 6.135598 6001113 11 1 1464 945
1 0.2208223 0.06788179 0.510611 0 205.2724 4.2651 6002113 11 1 34.49701 1.481496 6002113 13 1 2055 412
1 1.0427 1.134261 0.9473373 0 49.19642 3.948883 6001113 13 0 158.3638 4.745732 6001113 11 1 2057 108
1 0.4442115 0.1872741 0.8068974 1 103.5039 1.822963 6002113 13 0 37.59435 1.615857 6002113 11 1 2058 737
1 1.143675 1.253919 1.033471 0 842.0081 4.515544 6003113 11 1 92.53851 1.298915 6003113 13 1 1326 596
1 1.147959 1.183877 1.106546 0 874.6479 1.881551 6002113 11 1 65.46185 1.271623 6002113 13 1 1763 603
1 0.9517445 0.6636014 1.162862 0 32.52488 1.099972 6001113 11 0 58.42255 1.188546 6001113 13 1 1474 378
1 1.031225 1.102163 0.9526981 0 56.21136 2.087693 6001113 11 1 46.32021 1.167636 6001113 13 1 1474 871
1 0.5226254 0.8798594 0.3137767 1 31.71881 1.086561 6001113 13 0 57.43409 1.323724 6001113 11 1 1478 685
1 1.152501 1.258655 1.04415 0 54.11854 5.973474 6001113 11 0 40.72591 3.361054 6001113 13 1 1478 882
1 0.277155 0.4798076 0.1597663 0 30.52901 3.482959 6001113 11 1 26.76562 2.321898 6001113 13 1 1483 51
1 0.0004125298 9.763451e-05 0.001758298 0 331.8978 2.67122 6002113 11 1 130.4925 1.316855 6002113 13 1 1490 940
1 1.048997 1.136673 0.9559695 0 95.94043 2.358729 6001113 13 0 78.29513 1.588756 6001113 11 1 1493 814
1 1.112575 1.233052 0.9981722 0 501.6567 1.727224 6002113 11 1 47.55441 2.080016 6002113 13 1 1496 68
1 1.114777 0.884905 1.24054 0 202.7215 2.193954 6001113 11 1 154.2627 1.336802 6001113 13 1 1498 126
1 0.6159488 0.3166172 0.9557644 1 52.89563 1.725099 6001113 13 0 4.646737 3.141876 6001113 11 1 1769 109
1 1.034916 1.100018 0.9626585 0 3.747632 2.572884 6001113 11 0 64.05166 1.359055 6001113 13 1 1780 474
1 0.6998869 0.3767799 1.045889 1 64.32843 1.872957 6001113 13 1 16.42118 1.578158 6001113 11 1 1785 168
1 1.026751 0.7444853 1.219196 0 13.80246 1.778243 6001113 11 1 82.71198 2.419503 6001113 13 1 1785 709
1 1.157728 1.196465 1.111764 0 155.0738 1.183092 6002113 11 1 64.00234 1.239477 6002113 13 1 1785 827
1 0.114587 0.02674881 0.3330998 0 36.15525 1.515823 6002113 13 0 91.29273 2.57222 6002113 11 1 1498 710
1 1.173319 1.196671 1.139395 0 60.34181 2.110005 6002113 13 0 1050.341 2.239866 6002113 11 1 1093 229
1 1.329532 1.478061 1.189894 1 61.08284 1.82451 6002113 13 0 151.0771 3.347462 6002113 11 1 1098 394
1 1.46424 1.680344 1.235249 0 29.45598 1.935386 6001113 11 0 80.38513 1.537765 6001113 13 1 1509 661
1 1.055133 1.104334 0.9975671 1 74.1097 1.134556 6001113 13 0 36.22387 2.085371 6001113 11 1 1511 243
1 1.46424 1.680344 1.235249 0 40.27703 4.80243 6001113 11 0 86.6369 2.621037 6001113 13 1 1518 870
1 0.003659205 0.00058146 0.02178344 0 23.74504 2.714739 6001113 11 0 36.94605 3.564462 6001113 13 1 2091 322
1 0.0400028 0.006971349 0.1567229 0 126.0971 1.584068 6001113 13 0 28.2248 1.820001 6001113 11 1 2093 641
1 1.095596 1.133769 1.050051 0 132.2171 1.461988 6002113 11 1 68.60291 1.213093 6002113 13 1 2100 783
1 1.641128 1.972201 1.285192 1 37.50335 1.125406 6001113 13 0 87.09197 2.598483 6001113 11 1 2101 130
1 1.10316 1.145079 1.05266 1 48.86171 3.245177 6001113 13 0 21.26637 3.173801 6001113 11 1 1329 56
1 0.1991887 0.05938704 0.4717879 0 5819.901 1.440684 6003113 11 0 109.0611 1.361571 6003113 13 1 1332 616
1 1.057513 1.112379 0.9951048 1 22.06298 2.208439 6002113 13 1 17.40805 2.203176 6002113 11 1 2246 63
1 1.298986 1.452146 1.156092 0 62.63704 1.482746 6001113 13 0 0.09286992 2.432323 6001113 11 1 224 633
1 1.15499 1.021547 1.194574 0 83.34859 1.478591 6001113 11 0 121.7253 2.265884 6001113 13 1 224 792
1 1.10316 1.145079 1.05266 1 71.21526 1.078588 6001113 13 1 37.98555 1.288949 6001113 11 1 234 262
1 1.179161 1.206147 1.144075 0 11.43481 7.391418 6001113 11 1 47.24532 2.690234 6001113 13 1 247 183
1 1.812285 2.096335 1.505211 1 121.7201 1.240093 6002113 11 1 53.92364 1.077609 6002113 13 1 249 21
1 1.217313 1.182622 1.199648 1 30.46258 1.083994 6002113 13 0 1145.755 1.373483 6002113 11 1 250 636
1 1.157728 1.196465 1.111764 0 75.31653 1.56317 6001113 13 0 110.3899 2.050208 6001113 11 1 254 595
1 1.033406 1.101364 0.958024 1 40.17631 3.2809 6001113 13 0 66.13737 8.429667 6001113 11 1 1106 229
1 0.6571895 0.3457574 1.000641 1 166.7682 2.042945 6002113 13 0 886.8528 3.352328 6002113 11 1 1106 281
1 0.9138955 0.6245104 1.1333 0 143.8463 4.438099 6001113 11 1 33.60585 3.130998 6001113 13 1 1107 796
1 1.03119 1.524041 0.7057037 0 0.1003826 3.576875 6001113 11 0 65.45461 1.434837 6001113 13 1 1110 647
1 1.217313 1.182622 1.199648 0 37.98278 1.336154 6001113 11 1 25.39049 1.126688 6001113 13 1 1110 784
1 1.1849 1.214892 1.148506 0 62.9662 2.622414 6001113 11 1 50.08434 1.500411 6001113 13 1 1111 508
1 1.314649 1.46568 1.173482 0 11.25172 4.697243 6001113 11 1 55.16657 3.155267 6001113 13 1 1113 297
1 0.1991887 0.05938704 0.4717879 1 63.67426 1.428748 6002113 13 0 255.2735 31.00071 6002113 11 1 627 893
1 1.048836 1.548763 0.7254791 0 948.6815 6.212865 6002113 11 0 115.0863 2.319772 6002113 13 1 1124 51
1 1.10316 1.145079 1.05266 0 33.63597 1.455146 6001113 11 0 78.92332 3.463973 6001113 13 1 277 861
1 1.176288 1.010978 1.239274 0 32.20429 1.660047 6001113 11 1 71.10117 1.672859 6001113 13 1 305 233
1 1.099519 1.139476 1.051563 0 100.5864 1.765362 6002113 13 0 1609.254 1.552621 6002113 11 1 328 662
1 0.5292084 0.8493549 0.3262614 1 48.05492 2.576855 6001113 13 0 60.77358 3.773603 6001113 11 1 346 135
1 1.314649 1.46568 1.173482 1 61.91322 1.956076 6002113 13 0 393.7815 13.15388 6002113 11 1 685 653
1 1.053247 1.09991 0.9980844 1 63.7396 1.452245 6001113 13 0 148.8671 2.060799 6001113 11 1 1309 718
1 1.053247 1.09991 0.9980844 0 153.7673 1.965513 6001113 13 0 76.69326 2.705833 6001113 11 1 1312 552
1 1.059052 1.139164 0.9715886 0 11.40507 2.753899 6001113 11 1 41.55936 3.580279 6001113 13 1 1313 291
1 0.2792014 0.09677438 0.588659 0 90.21923 1.861416 6001113 11 0 72.96796 1.7007 6001113 13 1 1317 200
1 1.147959 1.183877 1.106546 0 77.95822 1.301048 6001113 13 0 13.21425 2.683207 6001113 11 1 1318 11
1 0.3355998 0.123277 0.6770892 1 40.72361 1.09607 6002113 11 1 57.77773 1.456762 6002113 13 1 347 539
1 1.56971 1.920896 1.202337 0 44.65821 1.417958 6001113 11 0 54.6497 2.108358 6001113 13 1 347 999
1 1.126364 0.9389989 1.211138 1 38.09275 1.170198 6001113 13 0 183.4052 1.845078 6001113 11 1 1127 629
1 0.2792014 0.09677438 0.588659 0 89.10023 2.267186 6001113 13 0 78.9858 2.139408 6001113 11 1 1138 455
1 1.575265 1.775696 1.383444 0 348.3329 3.596022 6002113 11 1 37.13023 3.458801 6002113 13 1 1141 864
1 0.4442115 0.1872741 0.8068974 1 37.15844 1.88028 6001113 11 1 47.69122 1.104326 6001113 13 1 1141 906
1 0.3459568 0.1344595 0.6687537 0 6.612398 1.498874 6001113 11 0 180.4162 2.288929 6001113 13 1 1151 379
1 1.143675 1.253919 1.033471 1 77.72034 1.548383 6002113 13 0 454.3634 2.516949 6002113 11 1 1155 592
1 1.0427 1.134261 0.9473373 0 33.34729 2.962934 6001113 13 0 25.67973 2.822333 6001113 11 1 1159 583
1 1.866054 2.331325 1.3979 1 59.93577 1.166707 6001113 13 1 33.62393 1.030569 6001113 11 1 1165 322
1 0.9574994 0.6410515 1.205563 0 25.82796 2.316508 6001113 11 1 43.42286 2.189206 6001113 13 1 1320 415
1 1.1849 1.214892 1.148506 1 93.4263 1.209744 6001113 13 0 44.25373 1.410873 6001113 11 1 742 678
1 1.114777 0.884905 1.24054 0 80.90044 1.384899 6001113 13 0 63.41288 2.193126 6001113 11 1 937 998
1 1.123647 1.241142 1.010512 0 40.52908 1.554786 6002113 13 0 968.6614 4.278548 6002113 11 1 947 633
1 1.134034 1.248093 1.022271 0 73.01367 2.851071 6001113 11 1 74.6911 1.573277 6001113 13 1 947 970
1 1.164201 1.711426 0.8059074 0 493.8396 1.200786 6002113 11 1 32.38734 1.057976 6002113 13 1 951 251
1 1.641128 1.972201 1.285192 1 45.28806 1.36202 6001113 13 0 6.276564 2.135414 6001113 11 1 1193 247
1 1.761918 2.058838 1.43754 1 62.10593 1.672376 6001113 13 0 52.57999 2.365136 6001113 11 1 380 386
1 1.099519 1.139476 1.051563 0 62.19991 4.878276 6002113 11 1 40.2568 1.338178 6002113 13 1 393 489
1 1.705086 2.017803 1.363962 0 49.28404 1.741326 6001113 13 0 95.8038 1.847797 6001113 11 1 396 258
1 1.152971 1.190243 1.109341 1 28.43613 1.968356 6001113 13 0 0.1310754 5.090627 6001113 11 1 430 724
1 1.524498 1.73059 1.317664 0 53.12983 3.110814 6001113 11 1 42.98967 1.236832 6001113 13 1 434 689
1 1.182032 1.113501 1.180358 0 75.1451 3.258708 6002113 11 1 85.55267 1.171963 6002113 13 1 1 702
1 0.5226254 0.8798594 0.3137767 0 73.73891 1.958025 6001113 11 0 56.94765 2.13005 6001113 13 1 2 191
1 0.5179346 0.9281273 0.2807825 1 56.02499 1.52762 6001113 13 0 4.241532 20.99432 6001113 11 1 960 886
1 1.059052 1.139164 0.9715886 0 47.54699 2.868836 6001113 13 1 26.93979 1.646031 6001113 11 1 961 7
1 0.3355998 0.123277 0.6770892 0 6.694795 2.54555 6001113 11 1 83.63345 1.489979 6001113 13 1 962 47
1 1.112575 1.233052 0.9981722 0 240.9991 3.488288 6002113 11 1 73.58862 1.215002 6002113 13 1 982 542
1 1.134034 1.248093 1.022271 0 48.03965 1.792842 6001113 11 1 31.88167 1.234018 6001113 13 1 985 599
1 1.314649 1.46568 1.173482 0 95.17777 1.36588 6002113 13 0 336.4825 2.527488 6002113 11 1 985 661
1 0.3064061 0.1093534 0.631845 1 144.9189 1.714429 6002113 13 0 1488.961 2.790051 6002113 11 1 987 800
1 1.149237 1.698801 0.7921503 0 43.40717 1.887924 6001113 11 1 50.2838 1.400974 6001113 13 1 435 896
1 1.050919 0.8056091 1.198818 0 0.6735033 2.032393 6001113 11 1 28.42316 1.295566 6001113 13 1 1213 394
1 1.550791 1.753763 1.352368 1 37.69875 1.077891 6002113 13 0 387.6393 2.61634 6002113 11 1 1216 762
1 1.173319 1.196671 1.139395 0 12.26523 1.721962 6001113 11 0 30.03818 1.842427 6001113 13 1 1218 950
1 1.145385 0.9245803 1.259718 0 95.85406 5.831695 6001113 11 1 42.16756 1.642691 6001113 13 1 1219 21
1 1.167323 1.186361 1.134647 0 87.83258 2.527344 6002113 13 0 430.4353 2.736484 6002113 11 1 1220 627
1 1.095596 1.133769 1.050051 1 61.4409 1.180874 6001113 13 0 51.80386 1.100591 6001113 11 1 1222 529
1 1.147959 1.183877 1.106546 0 90.86196 1.191951 6001113 11 1 107.6745 1.15098 6001113 13 1 1223 441
1 1.217313 1.182622 1.199648 0 5.755043 6.213807 6001113 11 1 78.27007 1.578759 6001113 13 1 1225 32
1 1.033406 1.101364 0.958024 1 64.70565 1.19878 6002113 13 0 65.61597 12.21353 6002113 11 1 992 435
1 1.035838 1.098122 0.9666125 1 98.33163 1.653652 6002113 13 0 34.45636 1.881026 6002113 11 1 993 112
1 1.137649 1.170432 1.099925 1 6.485807 1.818453 6001113 11 1 67.04337 1.234836 6001113 13 1 15 214
1 0.5179346 0.9281273 0.2807825 0 345.1545 2.812845 6002113 11 1 41.59881 2.093348 6002113 13 1 22 484
1 1.048836 1.548763 0.7254791 1 57.90359 1.196513 6001113 13 0 4.619484 7.322033 6001113 11 1 29 624
1 1.167323 1.186361 1.134647 0 1595.644 23.73332 6002113 11 1 61.95177 2.189354 6002113 13 1 37 640
1 1.036252 1.095703 0.9699052 0 113.2621 3.352379 6002113 13 0 932.1467 2.16261 6002113 11 1 436 265
1 1.26516 1.422013 1.117256 1 40.16459 1.620396 6002113 13 0 362.4298 3.219809 6002113 11 1 439 663
1 1.641128 1.972201 1.285192 0 106.8141 1.672209 6001113 13 0 12.57569 1.643916 6001113 11 1 452 866
1 0.8339615 0.5241884 1.101491 1 46.95706 1.477114 6001113 13 0 8.958859 1.369996 6001113 11 1 456 73
1 1.053247 1.09991 0.9980844 1 36.541 1.695771 6001113 13 1 103.4692 2.551192 6001113 11 1 457 277
1 0.07905591 0.01690496 0.2492307 1 100.4104 1.81892 6001113 13 0 53.21721 8.050756 6001113 11 1 999 870
1 1.75908 2.248522 1.290011 0 721.3184 1.187591 6002113 11 1 86.96864 1.150425 6002113 13 1 1004 440
1 1.112575 1.233052 0.9981722 0 197.2684 2.049849 6002113 13 0 583.5697 2.438288 6002113 11 1 1004 712
1 1.035838 1.098122 0.9666125 0 27.58377 3.884067 6001113 13 0 18.10079 11.01505 6001113 11 1 1231 473
1 0.6998869 0.3767799 1.045889 0 3.783799 2.673438 6001113 11 0 112.7906 1.564219 6001113 13 1 1234 522
1 1.109295 1.155893 1.053631 1 52.02789 2.038435 6002113 13 0 985.3113 4.882545 6002113 11 1 133 382
1 1.048997 1.136673 0.9559695 1 60.44706 1.429322 6001113 13 0 3.576827 1.827024 6001113 11 1 135 222
1 1.055133 1.104334 0.9975671 0 230.7101 2.736566 6003113 11 1 51.48722 1.142443 6003113 13 1 135 339
1 1.055133 1.104334 0.9975671 0 31.87306 3.654154 6001113 11 1 68.16827 1.71872 6001113 13 1 136 250
1 0.1080031 0.02598027 0.3057024 1 65.06207 1.284643 6002113 13 0 588.8069 1.092097 6002113 11 1 1055 321
1 1.123647 1.241142 1.010512 1 21.50083 2.697728 6001113 13 0 71.07829 3.385212 6001113 11 1 1056 134
1 1.056557 1.108524 0.9965968 0 50.2851 2.091866 6001113 11 1 40.76242 1.194039 6001113 13 1 1061 597
1 1.142868 1.177299 1.103399 0 28.0906 1.552079 6001113 11 1 67.80257 1.597249 6001113 13 1 1063 556
1 1.123647 1.241142 1.010512 0 35.37188 1.962816 6001113 11 1 25.08216 1.416787 6001113 13 1 1065 340
1 1.083255 0.8452013 1.220206 0 1741.384 2.809366 6003113 11 1 35.713 1.252509 6003113 13 1 1072 389
1 1.179161 1.206147 1.144075 0 46.83401 2.533778 6001113 11 0 106.2532 1.441473 6001113 13 1 1278 328
1 1.157728 1.196465 1.111764 1 162.8486 1.221403 6002113 11 1 57.63266 1.679653 6002113 13 1 1236 308
1 1.017868 0.7662661 1.176325 0 30.91158 1.420754 6001113 11 1 50.28228 1.060816 6001113 13 1 1240 173
1 0.04601344 0.008200601 0.1755223 0 147.9474 1.73593 6002113 13 0 728.9155 2.847811 6002113 11 1 1244 553
1 1.206555 1.21522 1.17542 0 174.9234 2.198836 6002113 13 0 154.2581 2.051964 6002113 11 1 1011 479
1 1.164201 1.711426 0.8059074 0 3.914479 2.366545 6001113 11 0 46.24962 5.552042 6001113 13 1 1017 314
1 1.057513 1.112379 0.9951048 1 42.11943 2.206784 6001113 13 0 53.33125 7.775922 6001113 11 1 65 50
1 0.3064061 0.1093534 0.631845 0 186.8916 2.122565 6002113 13 0 868.005 1.857988 6002113 11 1 471 470
1 1.031225 1.102163 0.9526981 0 303.2632 3.478237 6002113 11 1 143.8222 1.260551 6002113 13 1 475 285
1 1.062846 1.139449 0.9784784 1 89.08735 1.24801 6002113 13 0 172.174 1.427413 6002113 11 1 479 545
1 0.1080031 0.02598027 0.3057024 1 47.24954 1.691672 6001113 13 1 16.84719 3.061791 6001113 11 1 491 439
1 0.9894024 0.7036328 1.19152 0 63.80724 1.842991 6001113 13 0 71.18128 2.824045 6001113 11 1 494 262
1 1.15499 1.021547 1.194574 1 279.7261 1.182582 6002113 11 1 130.4785 1.168864 6002113 13 1 499 691
1 0.789787 0.4650854 1.097808 0 28.76695 1.206026 6001113 11 1 73.83849 1.156061 6001113 13 1 90 871
1 1.183608 1.169262 1.159476 1 99.87403 1.786641 6002113 13 0 1399.404 2.240426 6002113 11 1 1019 210
1 1.199401 1.201198 1.170168 1 5.227248 1.367881 6001113 11 1 42.06764 1.507537 6001113 13 1 1043 46
1 0.114587 0.02674881 0.3330998 1 91.64968 1.488942 6003113 13 0 6788.267 3.225548 6003113 11 1 1047 556
1 1.149237 1.698801 0.7921503 1 20.561 1.160675 6001113 13 0 102.3707 3.594917 6001113 11 1 1262 361
1 1.028816 2.178673 0.4767559 0 865.0689 8.234879 6002113 11 1 33.14789 1.306114 6002113 13 1 1263 331
1 1.053247 1.09991 0.9980844 1 56.96846 1.890791 6001113 13 0 2.226464 3.375238 6001113 11 1 1267 963
1 0.3355998 0.123277 0.6770892 0 59.95214 1.474451 6002113 13 0 487.0161 3.490966 6002113 11 1 1274 484
1 1.526225 2.04983 1.080738 1 141.3145 2.904616 6001113 11 1 26.19016 2.29586 6001113 13 1 1275 945
1 1.575265 1.775696 1.383444 1 53.55262 1.584027 6002113 13 0 1754.772 2.490773 6002113 11 1 1049 75
1 1.099519 1.139476 1.051563 0 662.9565 3.323382 6002113 11 1 29.59002 1.15218 6002113 13 1 1054 912
1 1.036252 1.095703 0.9699052 0 20.88753 1.917735 6001113 11 0 75.61223 4.678231 6001113 13 1 94 608
1 1.151918 0.9752633 1.225726 1 14.24804 1.19461 6001113 11 0 115.6604 1.390312 6001113 13 1 120 393
1 1.123647 1.241142 1.010512 1 40.9035 3.136769 6001113 13 0 52.91086 2.724446 6001113 11 1 126 534
1 1.176288 1.010978 1.239274 1 66.0285 1.550269 6001113 13 0 1.845799 2.176796 6001113 11 1 534 128
1 1.055133 1.104334 0.9975671 0 48.21498 1.751824 6001113 11 0 66.47967 1.65241 6001113 13 1 547 648
1 1.055133 1.104334 0.9975671 0 36.45004 3.385691 6001113 11 1 89.01447 1.239906 6001113 13 1 558 942
1 1.053247 1.09991 0.9980844 1 41.86802 2.955966 6001113 13 0 13.90347 2.481102 6001113 11 1 603 162
1 1.050919 0.8056091 1.198818 0 31.50431 4.000651 6001113 11 1 63.05221 1.389916 6001113 13 1 1527 16
1 1.059052 1.139164 0.9715886 1 37.80489 1.055859 6001113 11 1 26.97907 1.055467 6001113 13 1 1532 537
1 1.054444 1.13827 0.9640688 0 33.79448 4.717172 6001113 11 1 48.05318 1.818067 6001113 13 1 1543 286
1 1.1849 1.214892 1.148506 0 33.20412 2.677956 6001113 11 1 79.20821 1.761333 6001113 13 1 1544 670
1 1.145385 0.9245803 1.259718 0 222.0662 3.352941 6002113 11 1 26.27242 1.450294 6002113 13 1 1546 189
1 1.329532 1.478061 1.189894 1 57.00437 2.511326 6001113 13 1 31.89918 1.733338 6001113 11 1 1551 683
1 0.747205 0.4303799 1.057145 1 49.83395 1.158717 6002113 13 0 939.4625 1.442551 6002113 11 1 1551 980
1 0.9517445 0.6636014 1.162862 1 121.627 2.013958 6001113 13 0 20.14394 3.491732 6001113 11 1 1555 850
1 1.057513 1.112379 0.9951048 1 1.329073 1.447334 6001113 11 1 67.45353 1.130985 6001113 13 1 1555 888
1 1.1849 1.214892 1.148506 1 31.24182 1.157248 6001113 13 1 41.75816 1.124578 6001113 11 1 1338 216
1 1.054444 1.13827 0.9640688 1 29.3393 1.318036 6001113 13 0 8.476807 4.170394 6001113 11 1 1346 181
1 1.126364 0.9389989 1.211138 0 33.08968 6.870399 6001113 11 1 43.61508 2.15332 6001113 13 1 1350 504
1 1.575265 1.775696 1.383444 0 575.6605 3.826088 6002113 11 1 91.45287 1.334765 6002113 13 1 1790 156
1 1.035838 1.098122 0.9666125 0 118.3852 2.371467 6002113 11 1 126.0625 1.580661 6002113 13 1 1794 184
1 1.42456 2.044705 0.9864829 0 75.26023 1.414615 6002113 13 0 244.0211 2.143971 6002113 11 1 1794 602
1 1.147959 1.183877 1.106546 0 58.14667 2.277412 6001113 11 1 69.497 1.546312 6001113 13 1 1562 372
1 1.191782 1.185832 1.16486 1 57.36106 1.409551 6001113 13 0 55.09436 3.276984 6001113 11 1 1562 525
1 1.137649 1.170432 1.099925 0 64.57758 2.9398 6001113 11 1 60.6738 1.850957 6001113 13 1 1566 140
1 0.6342273 1.05356 0.3835326 1 90.04472 1.062068 6001113 13 0 16.946 1.147098 6001113 11 1 1574 519
1 0.9894024 0.7036328 1.19152 0 21.13242 3.810268 6001113 11 1 51.21725 2.545469 6001113 13 1 1596 834
1 1.56971 1.920896 1.202337 1 106.7728 1.516015 6001113 13 0 60.64541 1.468498 6001113 11 1 1281 163
1 1.812285 2.096335 1.505211 0 51.73769 1.595462 6001113 13 0 16.82757 1.973352 6001113 11 1 1287 829
1 1.095596 1.133769 1.050051 1 67.60375 1.428193 6001113 13 1 21.94857 1.276297 6001113 11 1 1291 651
1 1.56971 1.920896 1.202337 1 65.12524 1.455348 6002113 13 0 300.9832 2.26844 6002113 11 1 1294 482
1 1.152971 1.190243 1.109341 0 77.69479 1.519483 6001113 11 0 61.70663 1.46085 6001113 13 1 1295 382
1 1.062846 1.139449 0.9784784 0 48.20029 3.288117 6001113 11 1 99.99403 1.411451 6001113 13 1 1301 688
1 1.034916 1.100018 0.9626585 0 26.70685 1.988779 6001113 11 1 51.02122 1.316857 6001113 13 1 1303 838
1 1.151918 0.9752633 1.225726 0 12.23271 1.82596 6001113 11 0 48.91957 2.306816 6001113 13 1 1303 900
1 0.04957241 0.009268439 0.1791508 0 80.25729 5.603436 6003113 13 0 4638.181 10.84034 6003113 11 1 1080 328
1 1.099519 1.139476 1.051563 0 22.67151 7.190413 6001113 11 0 89.89162 1.427025 6001113 13 1 1082 274
1 1.143675 1.253919 1.033471 0 58.70379 1.991439 6001113 11 1 93.34046 1.521508 6001113 13 1 1082 538
1 1.114777 0.884905 1.24054 0 12.64521 3.186913 6001113 11 1 26.27722 2.581702 6001113 13 1 1082 822
1 0.2304392 0.07526134 0.508429 1 7.374439 1.399736 6001113 11 1 51.69074 1.683105 6001113 13 1 149 877
1 1.054444 1.13827 0.9640688 1 53.44502 1.592889 6002113 13 1 0.5611348 1.106794 6002113 11 1 1604 887
1 1.056557 1.108524 0.9965968 0 54.13923 1.125391 6002113 11 1 89.11295 1.486622 6002113 13 1 1606 376
1 1.227292 1.202911 1.205555 0 70.95714 1.559891 6001113 13 0 111.7153 2.447876 6001113 11 1 1621 471
1 1.176288 1.010978 1.239274 1 45.96896 1.688138 6001113 13 0 41.27636 4.590806 6001113 11 1 1805 251
1 1.137649 1.170432 1.099925 1 71.26852 1.655816 6001113 13 0 16.30857 5.071559 6001113 11 1 1806 279
1 1.123647 1.241142 1.010512 1 60.27953 1.336954 6001113 13 0 43.56475 1.748804 6001113 11 1 1807 418
1 1.15499 1.021547 1.194574 1 16.37789 1.401177 6001113 11 0 40.07627 1.430505 6001113 13 1 1809 918
1 1.645109 2.1548 1.183545 0 693.0397 2.730194 6002113 11 0 102.6023 1.688658 6002113 13 1 1811 158
1 1.137649 1.170432 1.099925 0 38.69211 6.350441 6001113 11 1 62.16449 1.593992 6001113 13 1 1812 146
1 0.5675248 0.271593 0.9330701 0 1.488544 1.179612 6001113 11 1 32.02651 1.286825 6001113 13 1 2110 756
1 0.114587 0.02674881 0.3330998 0 5.321679 1.43144 6002113 11 0 119.9693 3.189346 6002113 13 1 2111 459
1 1.298986 1.452146 1.156092 0 65.31033 2.443103 6001113 11 1 65.7635 1.999821 6001113 13 1 2111 777
1 1.026751 0.7444853 1.219196 0 7.049423 5.751946 6001113 11 1 78.79427 1.435422 6001113 13 1 1869 663
1 0.8748782 0.5617447 1.136825 0 12.73159 10.95645 6001113 11 1 57.15398 1.666772 6001113 13 1 1870 729
1 1.035838 1.098122 0.9666125 0 11.9605 2.125176 6001113 11 1 96.93919 1.936979 6001113 13 1 1871 51
1 0.6235333 0.981489 0.3895437 1 26.53623 1.334502 6001113 11 1 53.66692 1.301547 6001113 13 1 1623 724
1 0.6159488 0.3166172 0.9557644 1 96.19495 1.137258 6002113 13 0 97.6646 1.388742 6002113 11 1 1629 675
1 1.75908 2.248522 1.290011 0 204.114 4.376932 6001113 11 0 61.4955 1.32942 6001113 13 1 1629 716
1 1.56971 1.920896 1.202337 0 7911.044 1.835608 6003113 11 0 81.83053 1.650868 6003113 13 1 2117 44
1 1.054444 1.13827 0.9640688 0 257.8467 1.18055 6002113 11 1 68.77007 1.124599 6002113 13 1 2124 204
1 1.10316 1.145079 1.05266 0 94.69089 3.28287 6001113 11 1 54.04537 1.415159 6001113 13 1 2127 629
1 1.174602 1.053046 1.204645 0 465.2137 5.10814 6002113 11 1 67.29408 1.440725 6002113 13 1 2133 105
1 1.176288 1.010978 1.239274 0 0.9332822 1.789011 6001113 11 1 89.70734 1.378382 6001113 13 1 2137 889
1 1.15499 1.021547 1.194574 0 73.87562 1.620464 6001113 13 0 21.94816 1.894809 6001113 11 1 2239 491
1 1.056557 1.108524 0.9965968 0 27.79643 1.728099 6001113 11 0 79.84864 2.228298 6001113 13 1 2239 598
1 0.5762256 0.2893137 0.9113798 0 186.1797 1.678829 6002113 13 0 816.2635 2.160083 6002113 11 1 2240 185
1 1.314649 1.46568 1.173482 0 109.1817 4.108518 6001113 11 0 49.58952 2.948417 6001113 13 1 2240 238
1 1.550791 1.753763 1.352368 0 94.75446 2.287583 6002113 13 0 57.94693 2.008765 6002113 11 1 1639 204
1 1.055133 1.104334 0.9975671 0 2.834504 2.152072 6001113 11 1 168.3631 2.058232 6001113 13 1 1651 69
1 1.095596 1.133769 1.050051 1 94.67414 1.152997 6002113 13 0 276.5141 3.287805 6002113 11 1 1653 847
1 1.705086 2.017803 1.363962 0 64.2069 1.332525 6001113 11 1 24.18135 1.206667 6001113 13 1 1883 148
1 1.550791 1.753763 1.352368 1 77.38507 2.279193 6001113 13 0 32.0092 3.572732 6001113 11 1 1883 159
1 1.213336 1.227995 1.180605 0 7.932984 4.780566 6001113 11 1 48.49668 1.248312 6001113 13 1 1883 575
1 1.183608 1.169262 1.159476 0 18.79201 1.793471 6001113 11 1 47.84929 1.197731 6001113 13 1 1890 143
1 0.3170899 0.1198369 0.6261138 0 50.18266 3.260501 6001113 13 0 30.50439 2.736862 6001113 11 1 1897 404
1 1.866054 2.331325 1.3979 0 6.445976 1.490959 6001113 11 0 85.03979 1.38849 6001113 13 1 1659 104
1 0.8748782 0.5617447 1.136825 1 72.69923 1.519778 6001113 13 0 5.919654 1.76478 6001113 11 1 1659 869
1 1.199428 1.046014 1.251733 0 4030.977 2.486978 6003113 11 1 66.52003 1.522353 6003113 13 1 1663 263
1 1.053247 1.09991 0.9980844 1 42.42699 1.957181 6001113 13 0 31.75737 9.472787 6001113 11 1 1663 787
1 0.8332192 0.5015442 1.138243 0 45.27961 1.196605 6001113 13 0 46.38972 1.968866 6001113 11 1 1664 165
1 1.062846 1.139449 0.9784784 0 76.28042 1.809637 6001113 13 1 36.40722 1.358121 6001113 11 1 1669 837
1 1.095596 1.133769 1.050051 1 96.6395 1.717598 6001113 13 0 106.8428 3.897059 6001113 11 1 1669 884
1 1.126364 0.9389989 1.211138 1 33.27423 1.750245 6001113 13 0 13.02471 2.622395 6001113 11 1 1671 554
1 1.0427 1.134261 0.9473373 0 9.363762 3.054469 6001113 11 1 53.05599 1.112198 6001113 13 1 1672 188
1 1.056557 1.108524 0.9965968 0 84.38953 3.356682 6001113 11 1 88.56529 1.867738 6001113 13 1 1673 136
1 0.02402195 0.003812468 0.1069883 1 34.78028 1.704992 6001113 13 0 62.21213 9.542209 6001113 11 1 1674 640
1 0.665028 0.3662483 0.9755856 0 5.974364 4.477071 6001113 11 0 50.2104 1.492482 6001113 13 1 1937 876
1 1.055133 1.104334 0.9975671 0 899.3458 2.436985 6002113 11 1 114.8565 1.542171 6002113 13 1 1939 880
1 1.182032 1.113501 1.180358 0 91.67483 1.342456 6002113 13 0 220.5335 4.305437 6002113 11 1 1360 712
1 1.099696 0.9023142 1.195627 0 15.37481 3.238077 6001113 11 1 55.2372 2.183388 6001113 13 1 1363 89
1 0.8339615 0.5241884 1.101491 1 61.7891 1.561822 6002113 13 1 13.06611 1.221241 6002113 11 1 1943 648
1 1.053247 1.09991 0.9980844 0 5.172738 2.369312 6001113 11 0 69.41986 2.692433 6001113 13 1 1944 51
1 1.190567 1.223018 1.152597 1 84.74989 1.404196 6001113 13 0 25.32334 3.002942 6001113 11 1 1947 56
1 1.0427 1.134261 0.9473373 1 81.51078 1.382048 6001113 13 0 37.51788 1.926579 6001113 11 1 1947 971
1 1.058012 1.115802 0.9930252 0 4798.287 3.403982 6003113 11 1 66.72964 1.719874 6003113 13 1 1950 897
1 1.062846 1.139449 0.9784784 0 159.1187 1.718265 6002113 13 0 95.69592 1.653506 6002113 11 1 1950 933
1 0.3170899 0.1198369 0.6261138 1 32.29888 2.929467 6001113 13 0 66.24752 6.485484 6001113 11 1 1963 666
1 1.213336 1.227995 1.180605 1 128.7477 1.518148 6003113 13 0 1183.997 1.705453 6003113 11 1 1688 205
1 1.812285 2.096335 1.505211 0 635.8054 14.53901 6003113 11 0 55.49778 1.925895 6003113 13 1 1690 41
1 1.137649 1.170432 1.099925 0 636.0144 2.06937 6002113 11 1 126.1482 1.472829 6002113 13 1 1693 354
1 1.054444 1.13827 0.9640688 0 45.30576 1.758963 6001113 11 0 59.6301 1.6539 6001113 13 1 1378 885
1 0.02071812 0.003240969 0.0945363 0 413.0135 1.625946 6002113 11 0 236.7393 2.005534 6002113 13 1 1818 717
1 0.01785031 0.00275673 0.0833977 1 58.33453 1.506232 6001113 13 0 33.4043 5.255922 6001113 11 1 1819 864
1 0.8339615 0.5241884 1.101491 0 18.96643 19.13403 6001113 11 1 41.8518 2.612781 6001113 13 1 1821 125
1 1.109295 1.155893 1.053631 1 50.84117 2.198282 6001113 13 1 23.39108 1.563411 6001113 11 1 1821 924
1 1.213336 1.227995 1.180605 1 31.32362 2.060766 6001113 13 0 72.8549 2.592165 6001113 11 1 1825 529
1 1.190567 1.223018 1.152597 0 54.8683 2.11764 6001113 11 0 49.27237 1.410466 6001113 13 1 1826 353
1 1.114777 0.884905 1.24054 0 14.03352 2.083205 6001113 11 1 72.06451 1.525374 6001113 13 1 1828 20
1 1.641128 1.972201 1.285192 1 38.40173 2.090044 6001113 13 0 0.243903 3.57867 6001113 11 1 1694 579
1 1.048997 1.136673 0.9559695 0 4861.387 1.174462 6003113 11 1 76.409 1.104658 6003113 13 1 1982 280
1 1.062846 1.139449 0.9784784 0 2.227741 1.335854 6001113 11 1 42.16805 1.18869 6001113 13 1 1989 353
1 1.054444 1.13827 0.9640688 1 140.7802 1.174729 6001113 11 1 40.61296 1.085297 6001113 13 1 2147 120
1 1.137649 1.170432 1.099925 0 94.24128 2.836445 6001113 11 1 116.8217 2.31179 6001113 13 1 2154 603
1 0.2792014 0.09677438 0.588659 0 66.0998 1.115865 6001113 11 1 50.75812 1.15725 6001113 13 1 2155 85
1 1.126364 0.9389989 1.211138 0 1870.571 4.668363 6002113 11 1 49.64276 2.443315 6002113 13 1 2158 362
1 1.194803 1.137859 1.187115 0 48.39388 1.960697 6001113 11 1 42.60818 1.545863 6001113 13 1 1990 226
1 1.550791 1.753763 1.352368 0 51.73817 12.77835 6001113 11 0 28.89864 4.08912 6001113 13 1 159 34
1 0.7934737 0.4881172 1.065644 1 55.66331 1.054907 6001113 13 1 49.55102 1.139583 6001113 11 1 159 511
1 1.182032 1.113501 1.180358 0 110.6415 1.558476 6001113 13 0 50.41206 2.358812 6001113 11 1 163 547
1 1.761918 2.058838 1.43754 1 86.43596 1.827208 6002113 13 1 51.99952 1.445995 6002113 11 1 163 792
1 0.06958118 0.01446482 0.2254303 0 33.06653 4.070432 6001113 13 0 24.2794 3.305728 6001113 11 1 167 346
1 1.123647 1.241142 1.010512 0 197.3354 1.070654 6002113 11 1 62.74537 1.049434 6002113 13 1 187 309
1 0.3170899 0.1198369 0.6261138 1 60.86433 1.289949 6001113 13 0 2.761846 1.626663 6001113 11 1 188 142
1 1.134034 1.248093 1.022271 0 3533.829 2.264374 6003113 11 0 105.6337 1.720897 6003113 13 1 191 829
1 1.167323 1.186361 1.134647 1 77.64416 1.303004 6001113 11 1 28.76537 1.295642 6001113 13 1 1351 895
1 1.20651 1.16088 1.193521 1 76.40236 1.515646 6001113 13 0 5.078499 5.622813 6001113 11 1 1992 363
1 1.705086 2.017803 1.363962 0 2.195345 1.303518 6001113 11 0 35.77888 1.297591 6001113 13 1 1992 780
1 1.062846 1.139449 0.9784784 1 190.7351 1.508801 6001113 11 1 49.55004 1.169501 6001113 13 1 1993 809
1 0.04957241 0.009268439 0.1791508 0 11.24898 1.71877 6001113 11 0 79.03017 1.663178 6001113 13 1 2000 264
1 1.42456 2.044705 0.9864829 0 70.85619 5.231425 6001113 11 1 46.20837 1.846385 6001113 13 1 2000 296
1 1.151918 0.9752633 1.225726 0 12.83231 1.273984 6001113 11 1 44.58055 1.150481 6001113 13 1 2000 683
1 1.192805 1.083559 1.213989 0 216.8737 1.723374 6001113 11 1 41.31041 1.099192 6001113 13 1 1714 491
1 1.705086 2.017803 1.363962 1 56.3299 1.091382 6001113 13 0 5.161723 2.0247 6001113 11 1 1715 918
1 1.055133 1.104334 0.9975671 1 3.456065 1.640931 6001113 11 1 86.30434 1.425681 6001113 13 1 1386 36
1 0.7242169 1.085561 0.4754195 0 180.0195 2.251444 6002113 11 1 87.44472 1.382432 6002113 13 1 1387 556
1 0.1527629 0.0402692 0.399808 0 49.63809 2.066203 6001113 11 0 69.06535 7.03093 6001113 13 1 1400 750
1 1.048997 1.136673 0.9559695 0 36.53592 3.289672 6001113 11 1 81.65405 2.042053 6001113 13 1 1403 110
1 1.194803 1.137859 1.187115 1 57.9697 1.301514 6001113 13 0 81.83537 3.903958 6001113 11 1 1403 247
1 1.151918 0.9752633 1.225726 1 27.89748 1.313976 6001113 13 0 36.39585 1.261338 6001113 11 1 1405 171
1 1.114777 0.884905 1.24054 1 67.92938 1.184372 6001113 13 0 46.44611 1.76196 6001113 11 1 1722 882
1 1.152501 1.258655 1.04415 1 30.21031 1.662765 6001113 13 0 3.92527 2.078509 6001113 11 1 1727 149
1 0.789787 0.4650854 1.097808 0 340.498 7.129592 6002113 11 1 37.93002 2.428656 6002113 13 1 1727 985
1 0.2539062 0.08544197 0.5475258 0 43.88136 2.422536 6001113 13 0 31.47783 3.519511 6001113 11 1 1729 338
1 0.1793033 0.05184105 0.4351809 1 404.7813 3.515049 6002113 11 0 57.28116 2.50171 6002113 13 1 2003 473
1 0.665028 0.3662483 0.9755856 1 113.8361 1.660068 6001113 13 0 44.46492 1.862644 6001113 11 1 2003 583
1 1.329532 1.478061 1.189894 1 42.3511 1.515998 6001113 11 1 100.1431 1.31301 6001113 13 1 2007 390
1 0.2792014 0.09677438 0.588659 0 674.5236 3.48025 6002113 11 0 92.01142 1.409995 6002113 13 1 1842 945
1 1.063672 0.7860307 1.245813 1 40.03114 1.449928 6001113 13 1 17.9822 1.310783 6001113 11 1 1851 122
1 1.217313 1.182622 1.199648 0 44.00385 1.792509 6001113 13 1 42.4566 1.664041 6001113 11 1 1851 757
1 1.149237 1.698801 0.7921503 0 10.85159 2.18537 6001113 11 1 48.30219 1.43641 6001113 13 1 1854 560
1 1.036252 1.095703 0.9699052 0 41.51368 4.59038 6001113 13 0 75.11837 4.339001 6001113 11 1 1856 997
1 0.665028 0.3662483 0.9755856 0 74.17099 11.13521 6001113 11 1 74.05936 1.216827 6001113 13 1 1858 50
1 0.6235333 0.981489 0.3895437 0 1899.429 2.064093 6002113 11 1 81.93207 1.670841 6002113 13 1 1858 284
1 1.329532 1.478061 1.189894 0 15.42094 2.649573 6001113 11 1 53.12529 2.284465 6001113 13 1 1858 699
1 1.227292 1.202911 1.205555 0 220.6858 2.351644 6002113 11 1 67.39835 1.915896 6002113 13 1 1859 889
1 1.063672 0.7860307 1.245813 0 450.673 2.008052 6002113 11 1 77.92774 1.455825 6002113 13 1 2012 278
1 1.179161 1.206147 1.144075 1 22.69018 1.113387 6001113 13 0 2.192184 1.558862 6001113 11 1 2012 779
1 0.5279956 0.2465533 0.8852676 0 54.40772 1.276655 6001113 11 1 51.90275 1.137274 6001113 13 1 2013 637
