1 0.6998869 0.3767799 1.045889 1 31.68388 1.14939 6002113 13 1 25.28474 1.352055 6002113 13 1 168 235
1 1.298986 1.452146 1.156092 1 2.770286 2.031084 6002113 13 1 9.522023 1.12084 6002113 13 1 168 444
1 1.134034 1.248093 1.022271 0 100.1399 3.118395 6002113 13 1 37.24641 2.316838 6002113 13 1 169 45
1 1.192805 1.083559 1.213989 1 4.048374 3.292165 6002113 13 1 20.10217 1.171925 6002113 13 1 170 114
1 1.017868 0.7662661 1.176325 1 24.67049 1.061086 6002113 13 0 89.06447 1.006998 6002113 13 1 171 475
1 1.42456 2.044705 0.9864829 1 16.02159 1.016471 6002113 13 1 13.90022 1.0144 6002113 13 1 173 50
1 1.314649 1.46568 1.173482 1 21.88151 1.247855 6002113 13 0 119.0754 2.377857 6002113 13 1 173 498
1 1.147959 1.183877 1.106546 1 5.448223 1.278691 6001113 13 1 11.59919 1.011887 6001113 13 1 248 299
1 1.173319 1.196671 1.139395 1 37.67675 1.241351 6002113 13 0 166.3666 1.457314 6002113 13 1 248 498
1 1.048997 1.136673 0.9559695 1 26.25868 1.243265 6002113 13 0 62.57213 1.957865 6002113 13 1 249 220
1 1.099519 1.139476 1.051563 0 1.572413 2.9429 6002113 13 1 49.0581 1.252442 6002113 13 1 250 118
1 1.314649 1.46568 1.173482 0 835.0311 1.701773 6003113 13 1 31.56761 1.134665 6003113 13 1 251 384
1 1.152971 1.190243 1.109341 1 3.717798 1.286314 6002113 13 1 19.74242 1.09454 6002113 13 1 376 266
1 1.142868 1.177299 1.103399 1 10.77087 1.01784 6001113 13 1 0.4248177 2.407496 6001113 13 1 378 272
1 1.126364 0.9389989 1.211138 1 9.049557 1.281489 6001113 13 1 1.021122 1.142115 6001113 13 1 378 453
1 1.109295 1.155893 1.053631 1 58.05344 1.02942 6002113 13 0 33.16632 1.073913 6002113 13 1 380 150
1 0.06482654 0.01276116 0.2218368 1 31.31883 1.428052 6002113 13 1 7.456249 2.151709 6002113 13 1 382 14
1 1.192805 1.083559 1.213989 1 17.23925 1.290608 6002113 13 1 7.520486 1.017081 6002113 13 1 382 118
1 0.3064061 0.1093534 0.631845 1 17.62572 1.59698 6002113 13 1 22.3518 1.102952 6002113 13 1 18 43
1 0.8200224 1.218482 0.5472287 1 22.57186 1.334676 6002113 13 0 161.9858 1.658323 6002113 13 1 20 187
1 1.036252 1.095703 0.9699052 1 33.28976 1.013778 6002113 13 1 10.68725 2.439315 6002113 13 1 20 255
1 1.173319 1.196671 1.139395 0 29.28051 3.712502 6002113 13 1 34.59486 1.01958 6002113 13 1 21 145
1 1.059052 1.139164 0.9715886 1 40.36199 1.025998 6003113 13 0 80.48616 1.600467 6003113 13 1 255 431
1 1.109295 1.155893 1.053631 1 23.49049 1.040169 6002113 13 1 28.31549 1.102491 6002113 13 1 256 33
1 1.26516 1.422013 1.117256 1 36.26536 1.922324 6002113 13 1 16.09215 2.18985 6002113 13 1 256 83
1 0.665028 0.3662483 0.9755856 1 7.668857 1.207903 6001113 13 1 18.47503 1.129447 6001113 13 1 257 432
1 1.059052 1.139164 0.9715886 0 33.04502 7.230598 6002113 13 1 14.77673 1.557818 6002113 13 1 176 80
1 0.1014541 0.02299071 0.3029553 1 15.19673 1.126701 6002113 13 1 82.26326 2.833549 6002113 13 1 178 37
1 0.1363718 0.034862 0.3662451 1 23.12313 1.005496 6003113 13 0 504.8433 1.207148 6003113 13 1 178 496
1 0.4094664 0.1680855 0.7591912 1 62.5401 1.021999 6002113 13 1 38.41214 2.124754 6002113 13 1 180 203
1 1.099519 1.139476 1.051563 1 15.40521 2.21126 6003113 13 0 617.5778 10.94309 6003113 13 1 180 231
1 1.0427 1.134261 0.9473373 1 42.73203 2.423066 6002113 13 1 17.96609 1.017504 6002113 13 1 182 121
1 1.192805 1.083559 1.213989 1 18.11247 1.235566 6003113 13 0 236.2595 1.926973 6003113 13 1 183 10
1 1.056557 1.108524 0.9965968 1 10.76846 1.120763 6001113 13 1 0.4968866 1.318809 6001113 13 1 184 484
1 1.1849 1.214892 1.148506 1 29.19671 1.420118 6001113 13 1 1.700242 2.127198 6001113 13 1 185 66
1 0.005758415 0.0008804548 0.03337169 1 14.8213 1.25388 6001113 13 1 1.216137 1.00837 6001113 13 1 185 201
1 1.20651 1.16088 1.193521 1 46.47097 2.972721 6002113 13 1 36.31711 1.221828 6002113 13 1 28 458
1 1.206555 1.21522 1.17542 1 37.89632 3.459544 6002113 13 1 37.29531 1.270128 6002113 13 1 31 391
1 1.645109 2.1548 1.183545 1 26.04088 1.00889 6002113 13 1 15.70247 2.134134 6002113 13 1 31 473
1 1.106427 1.150534 1.053346 1 7.107032 1.134293 6002113 13 1 7.928886 1.121807 6002113 13 1 386 383
1 1.053247 1.09991 0.9980844 0 153.0563 1.659317 6002113 13 1 14.17745 1.239469 6002113 13 1 388 123
1 1.183608 1.169262 1.159476 1 40.66488 1.261579 6002113 13 1 28.81679 3.031384 6002113 13 1 388 136
1 0.2208223 0.06788179 0.510611 1 0.3837861 1.018449 6001113 13 1 8.201884 1.149588 6001113 13 1 388 178
1 1.126364 0.9389989 1.211138 1 15.76999 1.053893 6002113 13 1 49.29881 2.116076 6002113 13 1 388 207
1 1.054444 1.13827 0.9640688 0 73.65157 1.206433 6002113 13 1 35.23027 1.006195 6002113 13 1 389 279
1 0.5380682 0.2637946 0.8676014 1 10.51982 1.136161 6001113 13 1 3.514601 2.220879 6001113 13 1 389 358
1 1.134034 1.248093 1.022271 1 44.35926 1.357659 6002113 13 0 72.61618 1.138046 6002113 13 1 390 353
1 1.199428 1.046014 1.251733 1 37.10167 2.68395 6002113 13 1 36.53221 1.9232 6002113 13 1 391 475
1 0.4544891 0.2018274 0.792879 1 50.23806 1.201931 6002113 13 1 81.85138 2.392778 6002113 13 1 393 369
1 1.062846 1.139449 0.9784784 1 9.801724 1.033822 6001113 13 1 0.6804451 1.128491 6001113 13 1 394 411
1 0.2443026 0.07741789 0.5517042 1 5.64585 1.045402 6002113 13 1 32.73485 2.088929 6002113 13 1 190 60
1 0.8332192 0.5015442 1.138243 1 59.13208 2.807275 6002113 13 1 47.18393 1.255696 6002113 13 1 190 279
1 1.026751 0.7444853 1.219196 0 28.12055 6.094513 6002113 13 1 30.25711 1.562657 6002113 13 1 190 490
1 0.8332192 0.5015442 1.138243 1 10.88745 1.02499 6002113 13 1 27.5544 1.269495 6002113 13 1 191 55
1 0.8748782 0.5617447 1.136825 1 9.416675 1.010038 6002113 13 1 7.108088 1.308996 6002113 13 1 191 476
1 1.183608 1.169262 1.159476 1 37.93915 2.260087 6002113 13 1 12.01996 1.237354 6002113 13 1 192 225
1 1.063672 0.7860307 1.245813 1 30.06301 3.078845 6002113 13 1 27.49475 2.585032 6002113 13 1 193 147
1 1.405111 1.934095 0.9833891 1 23.64459 2.098269 6002113 13 1 8.253055 1.016964 6002113 13 1 193 417
1 1.109295 1.155893 1.053631 0 99.41431 3.910877 6002113 13 1 58.61029 1.029673 6002113 13 1 193 441
1 1.199401 1.201198 1.170168 0 141.218 1.65871 6003113 13 1 34.92335 1.008259 6003113 13 1 261 450
1 0.7242169 1.085561 0.4754195 1 34.43649 1.013561 6002113 13 0 28.60735 3.734153 6002113 13 1 262 301
1 1.054444 1.13827 0.9640688 1 1.727254 1.244246 6002113 13 1 45.78686 1.028084 6002113 13 1 262 347
1 1.063672 0.7860307 1.245813 0 60.88911 1.552715 6002113 13 1 17.11379 1.133238 6002113 13 1 263 179
1 0.5226254 0.8798594 0.3137767 0 90.89679 2.058825 6002113 13 1 9.125231 1.014907 6002113 13 1 264 376
1 1.225386 1.141194 1.230719 1 23.64452 2.409368 6002113 13 1 18.83996 1.220071 6002113 13 1 120 385
1 0.3064061 0.1093534 0.631845 1 14.23623 1.108537 6002113 13 1 22.55749 1.494258 6002113 13 1 476 55
1 1.059052 1.139164 0.9715886 1 17.4237 1.365643 6002113 13 1 33.47371 2.238503 6002113 13 1 476 456
1 1.26516 1.422013 1.117256 0 154.0649 1.51524 6002113 13 1 15.0089 1.093819 6002113 13 1 477 23
1 1.314649 1.46568 1.173482 0 88.01257 2.945001 6002113 13 0 15.70453 1.054118 6002113 13 1 477 57
1 1.329532 1.478061 1.189894 1 44.40421 1.303904 6002113 13 1 12.83966 1.308063 6002113 13 1 480 334
1 0.5226254 0.8798594 0.3137767 1 17.20571 1.01673 6002113 13 1 27.13283 1.016415 6002113 13 1 480 393
1 1.183608 1.169262 1.159476 1 72.2016 2.707004 6002113 13 1 18.16128 1.283238 6002113 13 1 481 447
1 1.151918 0.9752633 1.225726 0 95.89923 1.00834 6002113 13 1 29.92051 1.099121 6002113 13 1 482 391
1 1.227292 1.202911 1.205555 1 24.14357 1.296701 6002113 13 1 82.83626 2.546216 6002113 13 1 483 218
1 1.112575 1.233052 0.9981722 1 14.52077 1.013395 6002113 13 1 8.620783 1.748017 6002113 13 1 486 330
1 1.143675 1.253919 1.033471 0 345.7239 1.060438 6003113 13 1 22.72044 1.169708 6003113 13 1 487 62
1 1.190567 1.223018 1.152597 1 0.7566131 1.391832 6002113 13 1 19.14035 1.116231 6002113 13 1 237 181
1 0.8383967 1.273376 0.5409222 0 51.42694 7.206163 6002113 13 1 24.63103 1.138605 6002113 13 1 237 344
1 0.4445066 0.7265916 0.2710897 1 5.270613 1.007845 6002113 13 1 18.74598 1.00937 6002113 13 1 240 271
1 0.06482654 0.01276116 0.2218368 0 102.9109 1.025985 6002113 13 1 25.55757 1.901979 6002113 13 1 241 114
1 1.199401 1.201198 1.170168 1 4.237067 1.020182 6001113 13 1 16.01357 1.99841 6001113 13 1 241 177
1 0.3064061 0.1093534 0.631845 1 70.78127 2.415506 6002113 13 1 36.45422 1.028369 6002113 13 1 242 334
1 1.227292 1.202911 1.205555 1 5.970874 1.032532 6002113 13 1 22.66744 1.117762 6002113 13 1 242 335
1 1.059052 1.139164 0.9715886 1 48.77477 2.068687 6003113 13 0 107.0889 1.263304 6003113 13 1 244 379
1 0.8748782 0.5617447 1.136825 1 10.7845 1.00746 6002113 13 1 14.93753 1.02988 6002113 13 1 246 152
1 1.225386 1.141194 1.230719 1 21.1905 1.007475 6002113 13 1 41.48373 1.013964 6002113 13 1 246 226
1 0.4544891 0.2018274 0.792879 1 25.80455 1.28859 6002113 13 1 25.25791 2.023473 6002113 13 1 247 392
1 1.289688 1.878288 0.892531 1 55.97699 1.294338 6003113 13 0 402.8033 12.76862 6003113 13 1 314 177
1 1.137649 1.170432 1.099925 1 44.86594 2.692216 6002113 13 1 39.40156 1.017323 6002113 13 1 314 424
1 1.176288 1.010978 1.239274 1 11.09375 1.149202 6001113 13 1 9.021382 1.007346 6001113 13 1 315 87
1 1.176288 1.010978 1.239274 1 11.09375 1.149202 6001113 13 1 9.021382 1.007346 6001113 13 1 315 87
1 1.183608 1.169262 1.159476 1 25.09215 2.173607 6002113 13 1 1.050475 1.556642 6002113 13 1 315 262
1 1.053247 1.09991 0.9980844 1 26.8708 2.027589 6002113 13 1 15.21892 1.007892 6002113 13 1 315 422
1 1.095596 1.133769 1.050051 1 35.50267 1.322979 6002113 13 1 18.24753 2.526301 6002113 13 1 317 250
1 1.26516 1.422013 1.117256 0 111.6769 1.842724 6002113 13 1 34.78969 1.357713 6002113 13 1 317 302
1 1.145385 0.9245803 1.259718 1 41.45312 1.054155 6002113 13 0 34.90596 2.657049 6002113 13 1 319 157
1 1.550791 1.753763 1.352368 1 21.14565 1.019406 6002113 13 1 0.1196049 1.092605 6002113 13 1 489 186
1 1.26516 1.422013 1.117256 1 15.62855 1.00534 6002113 13 1 32.4345 1.171107 6002113 13 1 492 138
1 1.42456 2.044705 0.9864829 1 4.127932 1.010006 6001113 13 1 13.64905 1.553384 6001113 13 1 493 69
1 1.143675 1.253919 1.033471 1 36.20156 1.361969 6002113 13 0 70.65607 2.472205 6002113 13 1 493 245
1 0.6998869 0.3767799 1.045889 1 14.85332 1.013839 6002113 13 1 30.43334 2.219402 6002113 13 1 493 451
1 1.179161 1.206147 1.144075 1 17.23331 1.087913 6003113 13 1 16.03971 1.182259 6003113 13 1 122 240
1 1.206555 1.21522 1.17542 1 18.55448 1.017457 6002113 13 1 27.34961 2.072162 6002113 13 1 122 495
1 1.213336 1.227995 1.180605 1 19.25978 1.006739 6002113 13 1 17.74114 1.150415 6002113 13 1 122 499
1 1.213336 1.227995 1.180605 1 19.25978 1.006739 6002113 13 1 17.74114 1.150415 6002113 13 1 122 499
1 0.6998869 0.3767799 1.045889 1 1.659113 1.253649 6001113 13 1 17.98475 1.11067 6001113 13 1 125 303
1 1.099696 0.9023142 1.195627 0 111.4274 4.664095 6002113 13 1 27.95409 1.018313 6002113 13 1 125 394
1 1.206555 1.21522 1.17542 1 19.0729 1.172363 6002113 13 1 45.99794 2.02273 6002113 13 1 127 227
1 1.641128 1.972201 1.285192 1 21.17011 1.189655 6002113 13 0 43.54412 1.009855 6002113 13 1 127 278
1 1.048997 1.136673 0.9559695 1 38.94013 1.229389 6002113 13 1 20.99223 1.779617 6002113 13 1 130 84
1 0.1363718 0.034862 0.3662451 1 47.96171 1.104789 6002113 13 1 19.09881 2.064978 6002113 13 1 130 178
1 1.095596 1.133769 1.050051 1 17.72551 1.124853 6001113 13 1 1.660569 1.272857 6001113 13 1 130 469
1 1.174602 1.053046 1.204645 0 61.70155 1.275602 6002113 13 1 21.18773 1.210284 6002113 13 1 131 337
1 1.099519 1.139476 1.051563 1 68.52532 1.495535 6002113 13 0 17.93865 19.09335 6002113 13 1 131 405
1 0.9574994 0.6410515 1.205563 1 26.04228 1.317214 6002113 13 0 62.37483 7.653555 6002113 13 1 321 62
1 1.099696 0.9023142 1.195627 1 10.01155 1.069388 6001113 13 1 14.82168 1.16534 6001113 13 1 321 199
1 1.054444 1.13827 0.9640688 1 35.11425 2.410403 6002113 13 1 65.41041 2.973697 6002113 13 1 322 168
1 1.1849 1.214892 1.148506 1 15.93235 1.003926 6002113 13 1 37.87749 1.582772 6002113 13 1 322 428
1 1.057513 1.112379 0.9951048 1 45.36828 1.871025 6002113 13 1 29.42474 1.110588 6002113 13 1 323 225
1 0.665028 0.3662483 0.9755856 1 10.77089 3.566794 6002113 13 1 42.06796 1.330927 6002113 13 1 324 165
1 1.109295 1.155893 1.053631 1 33.47507 1.009965 6003113 13 0 339.4116 1.18549 6003113 13 1 325 283
1 0.4094664 0.1680855 0.7591912 1 12.18047 1.26372 6001113 13 1 7.262631 2.039264 6001113 13 1 327 33
1 1.152971 1.190243 1.109341 1 9.999146 1.31516 6002113 13 1 23.58984 1.037389 6002113 13 1 332 44
1 1.183608 1.169262 1.159476 1 25.5595 1.905996 6003113 13 0 74.35468 4.336666 6003113 13 1 332 184
1 1.157728 1.196465 1.111764 1 22.39578 1.501155 6002113 13 0 99.04585 1.512454 6002113 13 1 332 468
1 1.017868 0.7662661 1.176325 1 36.44767 1.472849 6003113 13 1 25.50521 1.075378 6003113 13 1 333 310
1 1.329532 1.478061 1.189894 0 21.38037 5.314297 6002113 13 1 48.32989 1.104808 6002113 13 1 333 461
1 1.46424 1.680344 1.235249 0 91.56435 3.73035 6002113 13 1 40.4869 1.040635 6002113 13 1 335 338
1 1.099519 1.139476 1.051563 0 131.7808 9.706904 6002113 13 1 20.54202 1.081993 6002113 13 1 335 398
1 1.033406 1.101364 0.958024 1 58.45376 1.102237 6002113 13 0 43.12601 3.334219 6002113 13 1 336 438
1 1.036252 1.095703 0.9699052 1 2.019138 2.141153 6001113 13 1 16.86818 1.208287 6001113 13 1 337 142
1 0.5675248 0.271593 0.9330701 1 16.2928 1.111269 6001113 13 1 1.473227 1.200075 6001113 13 1 136 276
1 1.152501 1.258655 1.04415 1 21.96839 1.07959 6002113 13 1 9.843411 1.113662 6002113 13 1 136 403
1 0.9894024 0.7036328 1.19152 1 10.65326 2.415057 6001113 13 1 5.593104 1.16126 6001113 13 1 137 107
1 1.152971 1.190243 1.109341 0 78.44681 1.032482 6002113 13 1 30.26753 2.33953 6002113 13 1 137 462
1 1.179161 1.206147 1.144075 1 12.99032 1.034823 6001113 13 0 9.77643 3.514099 6001113 13 1 496 178
1 1.083255 0.8452013 1.220206 1 28.87319 2.380494 6002113 13 1 56.3919 1.088709 6002113 13 1 496 191
1 1.213336 1.227995 1.180605 1 27.17446 1.008864 6002113 13 1 52.84446 1.62769 6002113 13 1 497 174
1 1.157728 1.196465 1.111764 1 8.247799 1.027539 6001113 13 1 3.768837 2.555065 6001113 13 1 500 197
1 1.182032 1.113501 1.180358 1 8.207338 1.577606 6002113 13 1 49.83187 2.606396 6002113 13 1 970 350
1 1.062846 1.139449 0.9784784 1 11.17453 1.080322 6002113 13 1 22.18468 1.012316 6002113 13 1 933 472
1 1.298986 1.452146 1.156092 0 92.79881 2.915793 6002113 13 1 15.81054 1.028997 6002113 13 1 646 72
1 1.057513 1.112379 0.9951048 1 32.07028 1.105478 6002113 13 0 30.71399 1.08275 6002113 13 1 647 173
1 0.4544891 0.2018274 0.792879 1 1.151376 1.295222 6001113 13 1 16.06084 1.058647 6001113 13 1 648 132
1 1.055133 1.104334 0.9975671 1 6.709841 2.153013 6001113 13 1 11.63671 1.007061 6001113 13 1 648 432
1 0.4269872 0.7264097 0.2541938 0 60.42183 3.83872 6002113 13 1 22.58952 1.012454 6002113 13 1 650 200
1 0.0400028 0.006971349 0.1567229 1 2.383441 1.207311 6001113 13 1 10.3441 1.069808 6001113 13 1 651 8
1 0.9894024 0.7036328 1.19152 0 26.02906 1.110452 6002113 13 1 21.8988 1.991408 6002113 13 1 651 149
1 1.1849 1.214892 1.148506 1 7.65475 1.164603 6002113 13 1 25.80722 1.503324 6002113 13 1 654 325
1 1.575265 1.775696 1.383444 1 10.03794 2.745475 6002113 13 1 41.70469 1.330131 6002113 13 1 655 21
1 0.2539062 0.08544197 0.5475258 1 20.39326 2.297446 6002113 13 1 36.87383 1.356112 6002113 13 1 658 349
1 1.058012 1.115802 0.9930252 0 556.4902 1.198564 6003113 13 1 17.00863 1.005142 6003113 13 1 659 141
1 1.20651 1.16088 1.193521 1 10.4606 1.037382 6001113 13 1 2.435414 1.066981 6001113 13 1 659 202
1 1.035838 1.098122 0.9666125 1 26.24262 1.039751 6002113 13 0 70.34506 5.785809 6002113 13 1 971 343
1 1.56971 1.920896 1.202337 1 12.69503 1.117858 6001113 13 1 4.531782 1.005705 6001113 13 1 972 343
1 1.42456 2.044705 0.9864829 1 31.93676 1.005834 6003113 13 0 179.8322 1.159952 6003113 13 1 557 455
1 1.176288 1.010978 1.239274 1 33.6826 1.005795 6002113 13 1 6.652462 1.078943 6002113 13 1 558 339
1 1.099519 1.139476 1.051563 1 40.15869 1.942678 6002113 13 1 12.56103 1.305349 6002113 13 1 559 440
1 1.033406 1.101364 0.958024 0 16.41286 10.91976 6002113 13 1 17.22681 1.04301 6002113 13 1 561 72
1 1.199401 1.201198 1.170168 1 16.78129 2.135232 6002113 13 1 28.99659 1.574584 6002113 13 1 561 166
1 0.4269872 0.7264097 0.2541938 1 48.04704 2.011031 6002113 13 1 12.60094 1.037504 6002113 13 1 562 405
1 1.213336 1.227995 1.180605 1 24.06768 1.059996 6002113 13 0 113.3509 1.00468 6002113 13 1 563 407
1 1.106427 1.150534 1.053346 1 35.54589 1.985517 6003113 13 0 265.2206 1.801542 6003113 13 1 564 253
1 1.174602 1.053046 1.204645 0 129.1953 1.452652 6003113 13 1 15.44743 2.082534 6003113 13 1 567 21
1 1.017868 0.7662661 1.176325 1 1.861183 1.234731 6002113 13 1 11.26898 1.080877 6002113 13 1 567 344
1 0.5279956 0.2465533 0.8852676 1 49.79004 1.156865 6002113 13 0 89.66604 2.28296 6002113 13 1 569 194
1 1.134034 1.248093 1.022271 0 225.3858 1.724726 6003113 13 1 35.66937 1.199979 6003113 13 1 666 19
1 1.20651 1.16088 1.193521 1 28.60119 2.292661 6002113 13 1 38.69927 1.03116 6002113 13 1 666 410
1 1.20651 1.16088 1.193521 0 86.30254 2.331677 6002113 13 1 31.16807 1.107481 6002113 13 1 667 137
1 1.550791 1.753763 1.352368 1 40.1125 1.013507 6003113 13 0 539.7059 4.235292 6003113 13 1 667 284
1 1.062846 1.139449 0.9784784 1 68.73067 1.526069 6002113 13 0 3.438152 6.311998 6002113 13 1 668 341
1 0.5762256 0.2893137 0.9113798 1 22.10086 1.582847 6002113 13 1 8.810748 3.142585 6002113 13 1 675 82
1 0.2792014 0.09677438 0.588659 1 14.37538 1.254912 6002113 13 1 1.048485 1.030877 6002113 13 1 676 2
1 0.9517445 0.6636014 1.162862 1 15.8851 1.115233 6003113 13 0 217.1248 1.02945 6003113 13 1 677 227
1 0.9894024 0.7036328 1.19152 1 21.415 1.292955 6002113 13 1 40.0559 1.516718 6002113 13 1 677 455
1 0.7055845 0.3974356 1.016366 1 0.8039177 1.083982 6001113 13 1 13.23208 1.138871 6001113 13 1 678 106
1 1.134034 1.248093 1.022271 1 27.53897 1.009135 6002113 13 1 41.42715 2.419321 6002113 13 1 678 470
1 0.1610681 0.04515641 0.4007308 1 31.36659 1.070954 6002113 13 1 14.68014 1.254523 6002113 13 1 679 185
1 0.7934737 0.4881172 1.065644 1 18.16677 1.2886 6002113 13 0 41.38111 3.87491 6002113 13 1 679 474
1 1.190567 1.223018 1.152597 0 73.47188 1.676564 6002113 13 1 23.42581 1.068713 6002113 13 1 572 336
1 0.8332192 0.5015442 1.138243 1 7.856725 1.057239 6001113 13 1 8.147055 1.01188 6001113 13 1 846 20
1 0.9517445 0.6636014 1.162862 1 36.8817 1.172082 6002113 13 0 110.8066 1.177394 6002113 13 1 846 217
1 0.747205 0.4303799 1.057145 1 4.009438 1.032004 6001113 13 1 17.18734 1.86656 6001113 13 1 849 69
1 1.109295 1.155893 1.053631 1 25.66879 2.229158 6002113 13 1 0.3458531 1.108441 6002113 13 1 850 199
1 1.134034 1.248093 1.022271 1 3.425438 1.145961 6002113 13 1 19.65797 1.248647 6002113 13 1 850 229
1 1.056557 1.108524 0.9965968 0 378.0257 1.631026 6003113 13 1 45.31532 1.103662 6003113 13 1 850 314
1 1.099696 0.9023142 1.195627 1 12.40829 1.008535 6003113 13 1 34.60091 1.301952 6003113 13 1 852 384
1 1.566869 2.206142 1.088645 1 29.52996 2.346525 6002113 13 1 35.65706 1.154419 6002113 13 1 852 449
1 1.550791 1.753763 1.352368 1 0.675395 1.447868 6002113 13 1 23.05242 1.150573 6002113 13 1 854 60
1 1.058012 1.115802 0.9930252 1 28.71623 1.012037 6002113 13 1 1.350968 1.784312 6002113 13 1 854 243
1 1.405111 1.934095 0.9833891 1 5.527433 1.177297 6001113 13 1 6.692282 1.187826 6001113 13 1 856 362
1 1.575265 1.775696 1.383444 1 29.2999 1.075965 6002113 13 0 10.10053 1.201644 6002113 13 1 682 139
1 1.227292 1.202911 1.205555 1 29.39333 1.026464 6002113 13 1 15.3217 1.166379 6002113 13 1 683 449
1 1.112575 1.233052 0.9981722 0 20.33031 1.041695 6002113 13 1 18.39936 1.005572 6002113 13 1 684 426
1 1.199428 1.046014 1.251733 1 41.75218 1.072922 6002113 13 0 13.86919 10.05595 6002113 13 1 685 48
1 1.151918 0.9752633 1.225726 1 36.21713 1.101674 6002113 13 0 16.6085 3.719726 6002113 13 1 685 361
1 1.062846 1.139449 0.9784784 1 24.11518 1.37752 6002113 13 1 9.571479 2.430398 6002113 13 1 686 455
1 0.9574994 0.6410515 1.205563 1 31.37436 1.104365 6001113 13 1 1.830389 1.020337 6001113 13 1 687 62
1 1.173319 1.196671 1.139395 1 21.9098 1.15911 6002113 13 1 12.45454 1.153846 6002113 13 1 687 241
1 1.147959 1.183877 1.106546 0 33.65854 1.084151 6002113 13 1 2.065734 1.660573 6002113 13 1 898 488
1 1.26516 1.422013 1.117256 1 2.446495 3.282948 6002113 13 1 13.8161 1.040999 6002113 13 1 901 106
1 0.8748782 0.5617447 1.136825 1 10.86648 1.009063 6001113 13 1 1.767794 1.025593 6001113 13 1 901 277
1 1.10316 1.145079 1.05266 0 69.74851 1.04772 6002113 13 1 26.61211 1.019738 6002113 13 1 902 340
1 1.0427 1.134261 0.9473373 1 16.48569 1.117108 6002113 13 0 128.1792 1.033291 6002113 13 1 903 54
1 1.526225 2.04983 1.080738 1 0.9885125 1.09077 6002113 13 1 31.33902 1.242635 6002113 13 1 903 288
1 0.5279956 0.2465533 0.8852676 1 27.35479 1.071196 6002113 13 1 49.85592 1.005956 6002113 13 1 903 478
1 1.173319 1.196671 1.139395 1 62.91327 1.65323 6002113 13 1 35.37469 1.968369 6002113 13 1 908 222
1 0.2792014 0.09677438 0.588659 1 43.72367 2.061762 6002113 13 0 73.08396 3.828721 6002113 13 1 911 135
1 1.152501 1.258655 1.04415 1 26.74383 1.950663 6002113 13 1 41.96273 1.44436 6002113 13 1 912 269
1 0.003019196 0.0005044267 0.01820843 0 88.78952 1.983825 6002113 13 1 41.00395 1.042546 6002113 13 1 955 278
1 1.314649 1.46568 1.173482 1 18.89846 2.455163 6002113 13 1 9.860532 1.289588 6002113 13 1 538 167
1 0.5380682 0.2637946 0.8676014 0 56.04112 1.051942 6002113 13 1 13.69001 1.011522 6002113 13 1 142 415
1 1.190567 1.223018 1.152597 1 31.89834 1.005754 6002113 13 1 10.22511 1.321138 6002113 13 1 143 327
1 0.8339615 0.5241884 1.101491 1 15.01103 1.007504 6002113 13 0 7.750665 1.404243 6002113 13 1 144 104
1 0.5675248 0.271593 0.9330701 1 8.153556 1.146433 6001113 13 1 8.374595 1.476027 6001113 13 1 144 333
1 1.058012 1.115802 0.9930252 1 36.4186 1.234774 6002113 13 1 13.11643 1.004425 6002113 13 1 340 1
1 1.157728 1.196465 1.111764 1 2.899026 1.350806 6001113 13 0 41.95681 1.671618 6001113 13 1 340 380
1 1.033406 1.101364 0.958024 1 28.46255 1.005265 6003113 13 1 34.88773 1.856158 6003113 13 1 342 328
1 0.8339615 0.5241884 1.101491 1 37.52993 1.954759 6002113 13 1 24.12275 1.222426 6002113 13 1 342 466
1 0.8339615 0.5241884 1.101491 1 37.52993 1.954759 6002113 13 1 24.12275 1.222426 6002113 13 1 342 466
1 1.062846 1.139449 0.9784784 1 13.06413 1.131724 6003113 13 0 105.1099 1.007798 6003113 13 1 343 207
1 0.1991887 0.05938704 0.4717879 1 1.378824 1.367367 6001113 13 1 13.80792 1.118203 6001113 13 1 344 26
1 0.2878669 0.552692 0.143025 1 36.14525 1.165954 6003113 13 0 106.9902 1.634185 6003113 13 1 344 388
1 0.3170899 0.1198369 0.6261138 1 7.735235 1.106098 6001113 13 1 4.908918 2.643561 6001113 13 1 345 357
1 1.164201 1.711426 0.8059074 0 110.8057 2.493046 6002113 13 1 27.94519 1.263587 6002113 13 1 346 427
1 0.2792014 0.09677438 0.588659 1 32.4651 1.014809 6003113 13 0 112.2126 1.935225 6003113 13 1 351 64
1 0.9138955 0.6245104 1.1333 1 18.54836 1.227456 6002113 13 1 67.86049 2.001398 6002113 13 1 357 43
1 1.298986 1.452146 1.156092 1 6.86143 1.176704 6001113 13 1 0.6544657 1.013626 6001113 13 1 357 57
1 0.06958118 0.01446482 0.2254303 1 15.13772 1.012479 6002113 13 1 7.064329 1.006227 6002113 13 1 146 245
1 1.109295 1.155893 1.053631 1 12.85216 1.304406 6001113 13 1 10.55097 1.099562 6001113 13 1 147 386
1 1.26516 1.422013 1.117256 1 7.452377 1.042574 6001113 13 1 9.55626 1.10067 6001113 13 1 148 35
1 1.059052 1.139164 0.9715886 1 24.48345 1.278335 6003113 13 0 708.4731 2.833112 6003113 13 1 149 127
1 0.009710893 0.001441682 0.05238557 0 73.33474 2.050912 6002113 13 1 19.67187 1.140791 6002113 13 1 150 253
1 0.8748782 0.5617447 1.136825 1 11.10975 1.019052 6002113 13 1 25.93811 1.766837 6002113 13 1 152 408
1 1.812285 2.096335 1.505211 1 10.40967 1.19376 6003113 13 0 799.6757 1.031242 6003113 13 1 153 183
1 0.3767309 0.1505117 0.7131262 1 0.2156211 2.416288 6001113 13 1 9.47817 1.086932 6001113 13 1 154 249
1 1.152971 1.190243 1.109341 0 189.5368 1.27748 6002113 13 1 32.30125 1.008208 6002113 13 1 154 275
1 0.3355998 0.123277 0.6770892 0 1.937177 1.299221 6001113 13 1 9.486464 1.239969 6001113 13 1 156 25
1 1.142868 1.177299 1.103399 1 33.68623 2.341357 6002113 13 1 8.603831 1.015274 6002113 13 1 158 116
1 1.035838 1.098122 0.9666125 1 13.89485 1.057272 6002113 13 0 90.56763 1.485323 6002113 13 1 160 328
1 0.9894024 0.7036328 1.19152 0 502.576 3.084941 6003113 13 1 44.14917 1.173446 6003113 13 1 161 344
1 1.053247 1.09991 0.9980844 1 17.82863 1.114625 6002113 13 0 49.39539 1.347817 6002113 13 1 161 461
1 1.083255 0.8452013 1.220206 1 29.72576 1.988904 6002113 13 1 34.79579 1.791883 6002113 13 1 162 204
1 1.282494 1.437562 1.137462 1 37.35013 1.00566 6002113 13 1 6.856316 1.153095 6002113 13 1 359 63
1 0.7242169 1.085561 0.4754195 0 22.77382 8.613669 6003113 13 1 23.34867 1.457672 6003113 13 1 359 216
1 1.053247 1.09991 0.9980844 1 31.9908 1.008107 6002113 13 1 31.37091 2.302812 6002113 13 1 360 312
1 1.182032 1.113501 1.180358 1 17.08081 1.250654 6002113 13 1 20.07793 1.139097 6002113 13 1 360 499
1 1.152501 1.258655 1.04415 0 93.51162 2.624542 6002113 13 1 40.05122 1.017126 6002113 13 1 361 170
1 1.036252 1.095703 0.9699052 1 27.32844 1.10142 6002113 13 1 29.15648 1.110315 6002113 13 1 361 248
1 1.095596 1.133769 1.050051 1 38.98399 1.956932 6002113 13 1 1.454052 1.56918 6002113 13 1 361 258
1 0.9160994 0.6007248 1.171549 1 10.22981 2.134556 6002113 13 1 22.34001 1.174015 6002113 13 1 362 359
1 1.142868 1.177299 1.103399 1 29.15067 1.07878 6002113 13 1 20.56359 1.483928 6002113 13 1 363 286
1 1.106427 1.150534 1.053346 1 35.9762 1.071511 6002113 13 0 125.1336 1.094304 6002113 13 1 364 398
1 1.46424 1.680344 1.235249 0 36.90039 1.022732 6002113 13 1 13.04443 1.312776 6002113 13 1 364 420
1 0.5675248 0.271593 0.9330701 1 31.81669 1.445349 6002113 13 1 6.351697 1.489484 6002113 13 1 365 230
1 1.192805 1.083559 1.213989 0 3.642839 2.81408 6002113 13 1 16.02126 1.088065 6002113 13 1 366 37
1 1.282494 1.437562 1.137462 1 9.487021 2.548334 6002113 13 1 43.04108 2.685991 6002113 13 1 367 137
1 0.8339615 0.5241884 1.101491 1 19.22637 1.016418 6002113 13 1 18.17425 1.929093 6002113 13 1 367 420
1 0.8200224 1.218482 0.5472287 1 28.55514 1.990606 6002113 13 1 18.80342 1.031447 6002113 13 1 374 48
1 1.017868 0.7662661 1.176325 1 18.35345 1.067542 6003113 13 0 582.9247 1.254236 6003113 13 1 374 328
1 1.055133 1.104334 0.9975671 1 42.30542 1.120148 6003113 13 0 357.9484 2.264771 6003113 13 1 374 434
1 1.126364 0.9389989 1.211138 1 22.50902 1.058448 6002113 13 0 11.6758 2.344728 6002113 13 1 374 453
1 1.034916 1.100018 0.9626585 1 56.65345 1.156382 6002113 13 1 26.52064 1.980126 6002113 13 1 165 387
1 1.199401 1.201198 1.170168 0 43.30139 3.821179 6002113 13 1 15.19105 1.100789 6002113 13 1 165 427
1 1.298986 1.452146 1.156092 1 24.90656 1.331028 6002113 13 0 81.33703 1.044177 6002113 13 1 518 341
1 0.04957241 0.009268439 0.1791508 1 10.72535 1.011334 6002113 13 1 11.51071 1.258307 6002113 13 1 519 147
1 1.705086 2.017803 1.363962 0 124.3164 1.013183 6002113 13 1 16.04755 1.090722 6002113 13 1 519 258
1 1.1849 1.214892 1.148506 1 32.72338 1.062737 6002113 13 1 3.457879 1.34292 6002113 13 1 519 310
1 1.035838 1.098122 0.9666125 0 443.0633 5.399091 6003113 13 1 41.57356 1.089542 6003113 13 1 996 301
1 1.10316 1.145079 1.05266 0 46.32234 5.475271 6002113 13 1 33.80783 1.529745 6002113 13 1 998 111
1 1.157728 1.196465 1.111764 0 36.88183 1.131977 6002113 13 0 69.60334 8.254519 6002113 13 1 790 99
1 1.550791 1.753763 1.352368 1 10.91934 1.005045 6002113 13 1 28.58838 1.061264 6002113 13 1 791 263
1 1.550791 1.753763 1.352368 1 10.91934 1.005045 6002113 13 1 28.58838 1.061264 6002113 13 1 791 263
1 1.099519 1.139476 1.051563 0 34.11753 5.467949 6002113 13 1 37.17727 1.105553 6002113 13 1 791 470
1 1.056557 1.108524 0.9965968 0 161.6991 3.761883 6002113 13 1 25.55415 1.184863 6002113 13 1 792 69
1 0.3170899 0.1198369 0.6261138 1 22.70407 1.97167 6003113 13 0 561.8423 1.283804 6003113 13 1 793 281
1 1.866054 2.331325 1.3979 1 40.35323 1.939899 6002113 13 1 0.02470541 1.008399 6002113 13 1 794 381
1 1.059052 1.139164 0.9715886 1 26.93509 1.075836 6002113 13 1 32.42445 1.292911 6002113 13 1 795 400
1 1.059052 1.139164 0.9715886 1 13.91785 2.278302 6002113 13 0 157.6821 1.14462 6002113 13 1 797 342
1 1.055133 1.104334 0.9975671 1 39.28947 1.165922 6002113 13 0 223.4944 1.252524 6002113 13 1 799 172
1 0.04957241 0.009268439 0.1791508 1 22.12867 1.004958 6002113 13 1 30.16086 1.071655 6002113 13 1 800 275
1 1.083255 0.8452013 1.220206 1 23.56812 1.951238 6002113 13 1 19.82665 1.010449 6002113 13 1 800 374
1 1.152501 1.258655 1.04415 1 34.15216 1.701901 6002113 13 1 36.8224 1.009027 6002113 13 1 800 405
1 1.183608 1.169262 1.159476 0 200.2829 3.460051 6003113 13 1 29.53417 1.330209 6003113 13 1 802 227
1 1.134034 1.248093 1.022271 1 21.47148 1.105501 6002113 13 1 27.08394 1.122015 6002113 13 1 804 38
1 0.1363718 0.034862 0.3662451 1 10.66115 2.517137 6002113 13 1 25.33046 1.011419 6002113 13 1 804 68
1 0.7268606 1.122648 0.4611204 1 13.27696 1.011891 6002113 13 1 12.04992 1.003481 6002113 13 1 804 69
1 1.190567 1.223018 1.152597 0 1.576126 12.70547 6001113 13 1 20.6513 3.014524 6001113 13 1 805 14
1 1.405111 1.934095 0.9833891 0 261.6908 1.064929 6003113 13 1 37.48156 1.052972 6003113 13 1 805 304
1 0.1786235 0.3910689 0.1030457 1 39.38095 1.207567 6002113 13 1 7.062113 1.371658 6002113 13 1 998 369
1 1.157728 1.196465 1.111764 1 20.51044 1.031746 6002113 13 0 64.05567 1.006296 6002113 13 1 999 197
1 1.134034 1.248093 1.022271 1 20.97177 1.005587 6002113 13 0 131.7384 1.004861 6002113 13 1 593 202
1 0.1793033 0.05184105 0.4351809 1 38.5937 1.086133 6003113 13 0 631.2969 2.581525 6003113 13 1 593 262
1 1.063672 0.7860307 1.245813 1 11.91493 1.01331 6001113 13 1 4.125326 1.423131 6001113 13 1 594 206
1 1.575265 1.775696 1.383444 1 39.11641 1.237527 6002113 13 1 25.46524 1.160302 6002113 13 1 594 226
1 0.8383967 1.273376 0.5409222 1 19.36256 1.017674 6002113 13 1 22.93594 1.159755 6002113 13 1 594 466
1 1.641128 1.972201 1.285192 1 45.8828 1.071839 6002113 13 1 20.0353 2.027358 6002113 13 1 595 90
1 1.182032 1.113501 1.180358 1 19.25501 1.055989 6002113 13 0 79.53222 1.025909 6002113 13 1 596 83
1 1.46424 1.680344 1.235249 1 28.35603 1.031999 6002113 13 0 1.025632 5.005804 6002113 13 1 598 79
1 1.033406 1.101364 0.958024 1 9.630671 1.10602 6002113 13 0 83.03011 1.572117 6002113 13 1 598 362
1 0.2539062 0.08544197 0.5475258 1 17.37038 1.018798 6002113 13 1 4.736971 1.005527 6002113 13 1 599 121
1 1.566869 2.206142 1.088645 1 20.26423 1.915506 6002113 13 1 20.68242 1.057552 6002113 13 1 601 496
1 1.575265 1.775696 1.383444 1 19.47993 1.112026 6002113 13 0 122.7014 3.224267 6002113 13 1 604 121
1 1.048836 1.548763 0.7254791 1 36.55618 1.064628 6002113 13 1 15.19559 2.328421 6002113 13 1 604 452
1 0.6342273 1.05356 0.3835326 1 20.66828 1.052933 6002113 13 1 31.97578 3.211796 6002113 13 1 607 354
1 0.8332192 0.5015442 1.138243 1 1.056749 1.025081 6002113 13 1 19.08814 2.044908 6002113 13 1 934 13
1 1.0427 1.134261 0.9473373 1 8.429626 1.181342 6002113 13 0 93.41885 2.161123 6002113 13 1 936 498
1 1.157728 1.196465 1.111764 1 33.51304 1.006839 6002113 13 0 77.79207 1.065088 6002113 13 1 520 165
1 1.866054 2.331325 1.3979 1 15.96033 2.243919 6002113 13 1 33.47415 1.013795 6002113 13 1 521 181
1 0.5675248 0.271593 0.9330701 1 25.23104 1.29474 6003113 13 1 38.15774 1.972386 6003113 13 1 522 348
1 0.5675248 0.271593 0.9330701 1 25.23104 1.29474 6003113 13 1 38.15774 1.972386 6003113 13 1 522 348
1 0.1527629 0.0402692 0.399808 0 122.2701 1.347113 6003113 13 1 8.318567 1.016509 6003113 13 1 525 166
1 1.329532 1.478061 1.189894 0 907.9243 1.18142 6003113 13 1 24.95503 1.083081 6003113 13 1 525 492
1 0.9517445 0.6636014 1.162862 1 31.69099 1.013765 6002113 13 0 6.283179 4.61672 6002113 13 1 526 348
1 0.8339615 0.5241884 1.101491 0 25.72679 1.104114 6002113 13 1 17.98554 1.892042 6002113 13 1 527 81
1 1.059052 1.139164 0.9715886 1 19.86452 1.006723 6002113 13 0 23.64414 2.756813 6002113 13 1 528 69
1 1.10316 1.145079 1.05266 1 27.58528 1.930641 6002113 13 0 79.40021 1.086336 6002113 13 1 529 155
1 1.152501 1.258655 1.04415 1 25.63503 1.013021 6002113 13 0 2.49275 3.844761 6002113 13 1 529 461
1 0.5279956 0.2465533 0.8852676 1 53.41622 1.922222 6002113 13 0 146.9732 2.55571 6002113 13 1 530 389
1 1.329532 1.478061 1.189894 0 492.3895 1.336795 6003113 13 1 34.44858 1.101549 6003113 13 1 532 296
1 1.289688 1.878288 0.892531 1 26.53518 2.017525 6003113 13 0 214.7165 1.434589 6003113 13 1 533 79
1 1.289688 1.878288 0.892531 1 26.53518 2.017525 6003113 13 0 214.7165 1.434589 6003113 13 1 533 79
1 0.5279956 0.2465533 0.8852676 1 1.222277 1.718663 6001113 13 1 18.04329 1.285581 6001113 13 1 533 152
1 1.031225 1.102163 0.9526981 1 21.48147 1.12796 6002113 13 1 58.45478 2.266667 6002113 13 1 533 250
1 1.10316 1.145079 1.05266 1 31.34707 1.027397 6002113 13 1 28.65227 2.682538 6002113 13 1 609 64
1 1.099519 1.139476 1.051563 0 69.82001 2.022742 6002113 13 1 21.34623 1.10761 6002113 13 1 880 32
1 1.126364 0.9389989 1.211138 1 32.10638 1.069647 6002113 13 1 27.33223 1.015514 6002113 13 1 884 263
1 0.1610681 0.04515641 0.4007308 1 35.68305 2.08742 6002113 13 0 50.23097 3.290228 6002113 13 1 884 346
1 0.04957241 0.009268439 0.1791508 1 42.17852 1.126699 6002113 13 0 48.58008 2.977114 6002113 13 1 885 190
1 1.812285 2.096335 1.505211 0 17.52303 1.854263 6002113 13 1 36.31931 1.01087 6002113 13 1 887 200
1 1.182032 1.113501 1.180358 0 4.823143 1.390213 6002113 13 1 17.20406 1.006148 6002113 13 1 887 343
1 1.199428 1.046014 1.251733 0 477.9905 1.094564 6003113 13 1 55.05986 1.106454 6003113 13 1 889 69
1 1.054444 1.13827 0.9640688 1 20.16728 1.282384 6002113 13 0 120.5723 1.88028 6002113 13 1 58 328
1 1.206555 1.21522 1.17542 0 64.05223 1.008123 6002113 13 1 21.31863 2.118983 6002113 13 1 582 436
1 1.033406 1.101364 0.958024 1 22.20376 1.01004 6002113 13 0 43.37757 1.233328 6002113 13 1 583 444
1 1.42456 2.044705 0.9864829 1 18.64181 1.078738 6002113 13 0 45.67668 1.119117 6002113 13 1 584 325
1 1.176288 1.010978 1.239274 1 10.36553 1.01229 6001113 13 1 1.612457 1.595716 6001113 13 1 588 241
1 0.7242169 1.085561 0.4754195 1 10.23011 1.059018 6002113 13 1 15.94508 2.377516 6002113 13 1 589 285
1 1.179161 1.206147 1.144075 1 31.40067 1.104178 6002113 13 1 16.54411 1.230212 6002113 13 1 862 64
1 1.524498 1.73059 1.317664 0 21.09092 8.670222 6002113 13 1 13.61486 1.100499 6002113 13 1 914 416
1 0.7055845 0.3974356 1.016366 1 15.3368 1.031255 6002113 13 0 74.03545 1.626433 6002113 13 1 914 480
1 1.176288 1.010978 1.239274 1 33.39325 2.080307 6002113 13 1 10.54112 1.91906 6002113 13 1 915 4
1 0.004252809 0.0006661682 0.02512871 1 10.94796 1.007088 6002113 13 1 6.806777 1.130218 6002113 13 1 628 20
1 1.206555 1.21522 1.17542 1 5.220531 1.262684 6002113 13 0 20.81705 1.288395 6002113 13 1 631 416
1 1.209625 1.112975 1.222657 1 30.94506 1.400699 6002113 13 1 27.25736 1.274722 6002113 13 1 632 478
1 0.6998869 0.3767799 1.045889 1 3.043369 1.00826 6001113 13 1 15.55741 1.010265 6001113 13 1 633 321
1 0.6235333 0.981489 0.3895437 1 47.71047 1.797827 6002113 13 1 20.96915 1.148026 6002113 13 1 634 73
1 1.15499 1.021547 1.194574 1 2.214237 1.140321 6001113 13 1 15.91117 1.171562 6001113 13 1 634 231
1 1.031225 1.102163 0.9526981 1 12.17886 1.006871 6002113 13 1 17.3805 1.007004 6002113 13 1 635 366
1 1.213336 1.227995 1.180605 1 11.98316 1.156365 6001113 13 1 3.798991 1.052817 6001113 13 1 637 24
1 1.26516 1.422013 1.117256 1 27.52972 1.192048 6002113 13 1 9.714667 1.260968 6002113 13 1 637 358
1 0.4544891 0.2018274 0.792879 1 63.93368 2.824628 6002113 13 1 34.28822 1.555716 6002113 13 1 637 397
1 1.641128 1.972201 1.285192 1 20.59862 1.009053 6003113 13 0 236.9762 1.065508 6003113 13 1 640 34
1 1.15499 1.021547 1.194574 1 27.94955 1.266183 6002113 13 1 10.80856 1.755749 6002113 13 1 642 207
1 1.812285 2.096335 1.505211 1 14.07988 1.16562 6001113 13 1 0.7245196 1.029153 6001113 13 1 643 199
1 1.282494 1.437562 1.137462 1 25.9363 1.116774 6002113 13 1 3.44576 1.206767 6002113 13 1 554 171
1 0.07905591 0.01690496 0.2492307 1 12.86574 1.272446 6002113 13 1 29.92986 1.235033 6002113 13 1 555 469
1 1.329532 1.478061 1.189894 1 22.22169 1.010991 6002113 13 1 41.75694 2.483697 6002113 13 1 826 234
1 0.1080031 0.02598027 0.3057024 0 68.55479 1.237268 6002113 13 1 18.13573 2.205323 6002113 13 1 826 262
1 0.8748782 0.5617447 1.136825 1 36.44387 2.465871 6002113 13 1 30.14655 1.523177 6002113 13 1 828 275
1 1.213336 1.227995 1.180605 1 10.74735 1.096827 6002113 13 0 76.92466 1.507595 6002113 13 1 828 305
1 1.191782 1.185832 1.16486 0 455.1106 3.389724 6003113 13 1 84.39247 1.318343 6003113 13 1 828 369
1 0.004946925 0.0007649757 0.02896901 1 47.84723 1.259418 6002113 13 0 69.6636 2.04647 6002113 13 1 828 418
1 1.031225 1.102163 0.9526981 1 27.87539 1.535107 6002113 13 0 139.632 5.630529 6002113 13 1 829 347
1 1.057513 1.112379 0.9951048 0 98.04536 1.022956 6002113 13 1 21.7618 2.015028 6002113 13 1 830 235
1 1.055133 1.104334 0.9975671 1 12.09085 1.356354 6002113 13 1 17.38098 1.134589 6002113 13 1 832 109
1 0.4544891 0.2018274 0.792879 1 9.40019 1.058769 6002113 13 0 190.8116 1.663348 6002113 13 1 834 302
1 1.055133 1.104334 0.9975671 1 33.08316 2.104319 6003113 13 0 334.9885 1.060975 6003113 13 1 836 223
1 0.04323696 0.007888732 0.160549 1 18.63565 1.046265 6002113 13 0 111.3394 1.384835 6002113 13 1 837 174
1 1.641128 1.972201 1.285192 0 5.003167 1.623414 6002113 13 1 42.14479 1.085792 6002113 13 1 838 99
1 1.026751 0.7444853 1.219196 0 350.6783 2.636148 6003113 13 1 47.86134 1.068948 6003113 13 1 838 394
1 0.9160994 0.6007248 1.171549 1 5.396632 1.315041 6002113 13 1 29.61813 1.038365 6002113 13 1 839 212
1 0.6235333 0.981489 0.3895437 1 0.6548036 1.301408 6001113 13 1 10.82575 1.017286 6001113 13 1 864 199
1 1.206555 1.21522 1.17542 1 12.16955 1.14385 6001113 13 0 3.510258 4.574015 6001113 13 1 864 280
1 1.053247 1.09991 0.9980844 0 185.7733 1.007366 6002113 13 1 18.80446 1.005243 6002113 13 1 865 276
1 1.167323 1.186361 1.134647 1 31.55793 1.227132 6002113 13 1 15.92667 1.128764 6002113 13 1 867 230
1 0.01217822 0.001818087 0.06209253 1 11.97651 2.608329 6002113 13 1 24.51653 2.175915 6002113 13 1 868 469
1 0.1527629 0.0402692 0.399808 1 18.18058 2.235332 6002113 13 1 16.7026 1.589276 6002113 13 1 871 121
1 1.053247 1.09991 0.9980844 1 23.35249 1.017644 6001113 13 1 0.2270843 3.222809 6001113 13 1 871 371
1 1.036252 1.095703 0.9699052 1 1.329736 1.076237 6001113 13 1 19.15435 1.123379 6001113 13 1 872 168
1 1.190567 1.223018 1.152597 1 17.54984 1.015277 6002113 13 1 40.72313 1.892035 6002113 13 1 872 499
1 1.1849 1.214892 1.148506 1 22.63293 1.230503 6002113 13 0 66.26449 1.019628 6002113 13 1 873 368
1 1.017868 0.7662661 1.176325 0 54.33145 3.185686 6002113 13 1 11.64076 1.019377 6002113 13 1 876 12
1 1.137649 1.170432 1.099925 0 73.31555 2.708986 6002113 13 1 17.80793 1.142105 6002113 13 1 876 191
1 0.4544891 0.2018274 0.792879 1 18.83342 1.015221 6003113 13 0 1355.699 8.967698 6003113 13 1 876 450
1 1.213336 1.227995 1.180605 1 7.010418 1.092545 6002113 13 1 20.74832 1.230156 6002113 13 1 877 420
1 1.213336 1.227995 1.180605 1 7.010418 1.092545 6002113 13 1 20.74832 1.230156 6002113 13 1 877 420
1 1.142868 1.177299 1.103399 1 15.49032 1.208843 6002113 13 1 35.62222 2.291502 6002113 13 1 878 477
1 1.645109 2.1548 1.183545 1 24.49548 1.290019 6002113 13 1 12.87003 2.308154 6002113 13 1 879 113
1 1.550791 1.753763 1.352368 1 14.52632 1.025543 6002113 13 0 223.2089 1.254791 6002113 13 1 992 227
1 1.550791 1.753763 1.352368 0 163.519 1.718431 6002113 13 1 36.7155 2.018062 6002113 13 1 645 95
1 1.15499 1.021547 1.194574 1 54.87175 1.483095 6002113 13 0 20.4009 7.630394 6002113 13 1 645 192
1 1.866054 2.331325 1.3979 1 17.68286 1.007753 6002113 13 0 77.8528 1.180598 6002113 13 1 645 416
1 1.114777 0.884905 1.24054 1 25.81146 1.73295 6002113 13 1 35.39857 1.336278 6002113 13 1 917 152
1 1.134034 1.248093 1.022271 1 28.66142 1.007205 6002113 13 0 68.61641 1.043708 6002113 13 1 918 383
1 1.147959 1.183877 1.106546 1 9.279889 2.411064 6002113 13 1 33.67058 1.138281 6002113 13 1 919 243
1 1.192805 1.083559 1.213989 1 8.048686 1.012423 6001113 13 1 0.7435433 1.310945 6001113 13 1 919 315
1 1.575265 1.775696 1.383444 1 12.33841 2.136977 6002113 13 1 27.47981 1.17134 6002113 13 1 919 381
1 1.057513 1.112379 0.9951048 1 9.464001 1.372951 6002113 13 0 99.95612 1.026479 6002113 13 1 919 390
1 1.213336 1.227995 1.180605 1 39.32608 1.387972 6002113 13 0 28.5105 1.074438 6002113 13 1 920 200
1 1.062846 1.139449 0.9784784 1 6.52163 1.155286 6002113 13 1 13.49941 1.22798 6002113 13 1 922 436
1 1.048997 1.136673 0.9559695 0 126.6133 1.022587 6002113 13 1 20.01801 1.114579 6002113 13 1 924 267
1 1.199401 1.201198 1.170168 1 37.16285 2.219199 6003113 13 1 3.931107 1.294981 6003113 13 1 925 47
1 0.9894024 0.7036328 1.19152 1 9.036644 1.051817 6001113 13 1 7.699147 1.130825 6001113 13 1 927 41
1 1.405111 1.934095 0.9833891 1 19.76434 1.115946 6001113 13 1 0.2482545 1.448961 6001113 13 1 930 24
1 1.20651 1.16088 1.193521 1 11.02338 1.489979 6002113 13 1 17.39358 1.207701 6002113 13 1 931 147
1 1.099519 1.139476 1.051563 1 1.694574 1.902049 6001113 13 1 11.43414 2.289299 6001113 13 1 842 42
1 1.055133 1.104334 0.9975671 1 38.49639 1.614372 6002113 13 1 20.62679 1.125099 6002113 13 1 956 71
1 1.20651 1.16088 1.193521 1 17.62485 1.177975 6001113 13 1 0.3346748 1.624846 6001113 13 1 959 326
1 1.199401 1.201198 1.170168 1 4.729384 2.467564 6002113 13 1 33.85939 1.034992 6002113 13 1 960 490
1 1.053247 1.09991 0.9980844 1 15.84496 1.007991 6003113 13 0 1851.521 1.633293 6003113 13 1 961 125
1 0.0739324 0.01495082 0.2461688 1 3.938437 1.985148 6002113 13 1 43.93767 1.014748 6002113 13 1 962 178
1 0.9574994 0.6410515 1.205563 1 0.06747621 1.509391 6001113 13 1 11.52598 1.174612 6001113 13 1 962 336
1 1.137649 1.170432 1.099925 1 1.962907 2.254169 6001113 13 1 8.606846 1.022802 6001113 13 1 964 139
1 1.058012 1.115802 0.9930252 1 22.56062 1.232914 6001113 13 1 3.883687 1.016383 6001113 13 1 964 263
1 1.134034 1.248093 1.022271 0 38.67792 1.008547 6002113 13 0 4.215945 2.770209 6002113 13 1 966 100
1 1.03119 1.524041 0.7057037 1 16.356 1.043613 6002113 13 1 30.76793 1.640113 6002113 13 1 966 121
1 1.191782 1.185832 1.16486 1 12.23433 1.126168 6002113 13 1 26.55512 1.134656 6002113 13 1 966 319
1 1.062846 1.139449 0.9784784 0 146.5377 1.649718 6002113 13 1 29.75202 1.259912 6002113 13 1 967 228
1 1.225386 1.141194 1.230719 0 1058.659 1.204749 6003113 13 1 42.58004 1.274915 6003113 13 1 968 438
1 0.277155 0.4798076 0.1597663 0 745.6484 4.411641 6003113 13 1 62.77873 1.210429 6003113 13 1 968 454
1 1.126364 0.9389989 1.211138 1 23.75273 1.077572 6002113 13 1 54.66518 2.220483 6002113 13 1 969 142
1 1.164201 1.711426 0.8059074 1 14.46602 1.071418 6002113 13 0 38.95198 2.781202 6002113 13 1 214 301
1 1.063672 0.7860307 1.245813 1 26.08154 1.20966 6002113 13 0 71.92603 4.004175 6002113 13 1 215 128
1 1.182032 1.113501 1.180358 1 25.19223 1.007613 6002113 13 1 31.59895 1.070994 6002113 13 1 218 122
1 0.2304392 0.07526134 0.508429 0 719.3885 1.084671 6003113 13 1 28.11909 1.428411 6003113 13 1 99 21
1 1.106427 1.150534 1.053346 0 47.65749 13.15256 6002113 13 1 32.62717 1.166193 6002113 13 1 99 96
1 1.114777 0.884905 1.24054 1 31.6779 1.545308 6002113 13 0 62.61972 1.96851 6002113 13 1 99 247
1 1.083255 0.8452013 1.220206 1 41.48039 1.327353 6002113 13 0 91.5892 1.140944 6002113 13 1 99 414
1 1.056557 1.108524 0.9965968 1 53.41004 1.810769 6002113 13 0 23.24397 7.870804 6002113 13 1 101 159
1 0.2304392 0.07526134 0.508429 1 12.39271 1.685577 6002113 13 1 31.81401 1.005925 6002113 13 1 101 255
1 0.7934737 0.4881172 1.065644 0 77.36386 1.584351 6002113 13 1 29.34927 1.609034 6002113 13 1 103 194
1 1.048836 1.548763 0.7254791 0 200.2708 1.428751 6003113 13 1 34.77159 1.106598 6003113 13 1 461 320
1 1.058012 1.115802 0.9930252 1 20.18713 1.939084 6002113 13 1 7.022122 1.222852 6002113 13 1 462 196
1 1.035838 1.098122 0.9666125 1 3.52117 1.338304 6001113 13 1 14.83908 1.204721 6001113 13 1 463 50
1 1.112575 1.233052 0.9981722 0 32.85119 5.69236 6002113 13 1 15.2093 1.015314 6002113 13 1 463 423
1 1.173319 1.196671 1.139395 1 21.23174 1.139415 6002113 13 1 28.77884 2.592792 6002113 13 1 463 448
1 1.109295 1.155893 1.053631 0 134.1259 2.026777 6003113 13 1 42.51645 2.404988 6003113 13 1 465 12
1 1.149237 1.698801 0.7921503 1 48.45697 1.014291 6003113 13 0 768.8486 3.431409 6003113 13 1 465 200
1 1.26516 1.422013 1.117256 1 11.23925 1.133516 6002113 13 0 88.31877 1.158977 6002113 13 1 465 238
1 1.143675 1.253919 1.033471 1 13.30257 2.879299 6002113 13 1 37.90307 1.092377 6002113 13 1 465 241
1 1.282494 1.437562 1.137462 1 20.1516 1.084595 6002113 13 0 73.26657 1.429762 6002113 13 1 218 497
1 1.182032 1.113501 1.180358 1 19.92566 1.010139 6002113 13 1 26.42333 1.881046 6002113 13 1 219 413
1 0.3459568 0.1344595 0.6687537 1 19.78267 1.016818 6002113 13 1 5.173887 1.941364 6002113 13 1 220 381
1 1.036252 1.095703 0.9699052 1 20.23955 2.205383 6002113 13 1 28.12735 1.346492 6002113 13 1 221 207
1 1.191782 1.185832 1.16486 1 22.74352 1.154452 6002113 13 1 56.86054 1.962029 6002113 13 1 223 370
1 0.1991887 0.05938704 0.4717879 1 3.688832 1.286506 6001113 13 1 13.30792 1.041092 6001113 13 1 225 214
1 0.6998869 0.3767799 1.045889 1 22.47875 1.010981 6002113 13 1 31.24641 1.848305 6002113 13 1 225 226
1 1.099519 1.139476 1.051563 1 19.83313 1.010891 6002113 13 0 155.4698 1.442538 6002113 13 1 227 31
1 1.213336 1.227995 1.180605 1 43.85939 1.080628 6003113 13 0 437.9856 1.571627 6003113 13 1 227 261
1 1.761918 2.058838 1.43754 1 26.53351 1.650987 6002113 13 0 33.52094 2.589119 6002113 13 1 227 403
1 1.46424 1.680344 1.235249 1 32.73622 1.078656 6002113 13 0 115.7422 1.568185 6002113 13 1 229 115
1 1.329532 1.478061 1.189894 1 43.8295 1.970131 6002113 13 0 210.6568 1.00497 6002113 13 1 229 185
1 1.227292 1.202911 1.205555 1 1.043416 1.388594 6001113 13 1 12.63211 1.155043 6001113 13 1 297 437
1 1.157728 1.196465 1.111764 0 98.0629 1.595647 6002113 13 1 10.49384 1.175536 6002113 13 1 299 103
1 1.036252 1.095703 0.9699052 1 0.7356586 2.212276 6001113 13 1 12.37871 1.285151 6001113 13 1 301 287
1 1.106427 1.150534 1.053346 1 21.16129 1.007005 6002113 13 1 8.306631 1.153165 6002113 13 1 302 222
1 1.225386 1.141194 1.230719 1 21.18419 1.010974 6003113 13 0 143.2443 1.096506 6003113 13 1 470 98
1 0.7268606 1.122648 0.4611204 1 21.10515 1.013012 6002113 13 1 3.153543 1.66602 6002113 13 1 470 250
1 1.062846 1.139449 0.9784784 0 99.31741 1.945431 6002113 13 1 34.12646 1.110942 6002113 13 1 471 8
1 1.114777 0.884905 1.24054 0 1135.464 3.904766 6003113 13 1 33.99787 1.375581 6003113 13 1 471 129
1 1.106427 1.150534 1.053346 1 44.89283 2.156058 6002113 13 0 23.99368 13.75551 6002113 13 1 471 401
1 1.145385 0.9245803 1.259718 0 8.828403 1.427886 6002113 13 1 40.85499 1.026361 6002113 13 1 472 41
1 1.524498 1.73059 1.317664 1 15.33683 1.136362 6002113 13 1 21.99802 1.172891 6002113 13 1 472 165
1 1.524498 1.73059 1.317664 1 15.33683 1.136362 6002113 13 1 21.99802 1.172891 6002113 13 1 472 165
1 1.49586 1.706142 1.278772 1 24.31314 1.071753 6002113 13 1 4.921012 2.310161 6002113 13 1 475 54
1 1.217313 1.182622 1.199648 0 15.91241 4.479128 6002113 13 1 8.253983 1.013278 6002113 13 1 104 27
1 1.099519 1.139476 1.051563 0 107.4239 1.627546 6002113 13 1 27.66357 2.246865 6002113 13 1 104 424
1 1.645109 2.1548 1.183545 1 30.97658 1.055879 6002113 13 1 26.15686 1.072712 6002113 13 1 105 464
1 1.289688 1.878288 0.892531 1 32.53013 1.200614 6002113 13 1 1.191192 1.051033 6002113 13 1 106 137
1 1.106427 1.150534 1.053346 1 34.35005 1.128446 6002113 13 1 17.61357 1.135382 6002113 13 1 106 419
1 1.057513 1.112379 0.9951048 1 19.74597 1.192081 6002113 13 0 11.35838 6.52339 6002113 13 1 107 459
1 1.147959 1.183877 1.106546 1 16.69871 1.051291 6002113 13 1 20.08684 3.118568 6002113 13 1 108 239
1 0.5675248 0.271593 0.9330701 1 16.14764 1.161981 6001113 13 1 3.320093 1.032871 6001113 13 1 110 39
1 1.152501 1.258655 1.04415 1 7.413718 2.171555 6002113 13 1 27.13302 1.011005 6002113 13 1 110 416
1 0.007146383 0.001067442 0.03981817 0 1028.485 1.165662 6003113 13 1 27.54346 1.869585 6003113 13 1 111 5
1 0.1214868 0.03012302 0.3349064 1 49.00243 1.702606 6002113 13 1 23.71283 1.00886 6002113 13 1 112 365
1 1.329532 1.478061 1.189894 0 94.47932 3.617314 6002113 13 1 34.04198 1.435332 6002113 13 1 114 423
1 0.001146163 0.0002355771 0.006417017 0 52.59246 5.727016 6002113 13 1 22.48864 2.252314 6002113 13 1 114 428
1 1.705086 2.017803 1.363962 1 23.64756 1.087615 6002113 13 1 0.6887069 1.69244 6002113 13 1 303 249
1 1.217313 1.182622 1.199648 1 13.74032 1.206172 6002113 13 1 27.99592 2.256909 6002113 13 1 304 47
1 0.7268606 1.122648 0.4611204 1 42.56103 1.137463 6003113 13 0 119.3272 2.372366 6003113 13 1 305 153
1 1.209625 1.112975 1.222657 1 12.47192 1.073971 6001113 13 0 3.638435 4.127882 6001113 13 1 306 101
1 0.1080031 0.02598027 0.3057024 0 781.9393 1.049133 6003113 13 1 33.29164 1.13278 6003113 13 1 306 115
1 1.151918 0.9752633 1.225726 1 27.09354 1.198645 6002113 13 1 0.9145471 1.234908 6002113 13 1 306 132
1 1.182032 1.113501 1.180358 1 18.32306 1.18422 6002113 13 0 51.2283 5.035689 6002113 13 1 306 230
1 0.1610681 0.04515641 0.4007308 1 40.0693 1.123586 6003113 13 0 1416.384 1.305397 6003113 13 1 307 140
1 0.8332192 0.5015442 1.138243 1 10.04924 1.12201 6002113 13 0 68.46619 1.00602 6002113 13 1 308 254
1 1.152971 1.190243 1.109341 1 25.14877 1.09447 6002113 13 1 16.34399 1.161226 6002113 13 1 310 97
1 1.053247 1.09991 0.9980844 1 46.12233 1.587305 6002113 13 1 7.016009 1.232077 6002113 13 1 311 447
1 1.26516 1.422013 1.117256 1 45.80373 1.855925 6002113 13 1 39.64894 1.015852 6002113 13 1 312 5
1 0.8339615 0.5241884 1.101491 1 14.93696 1.111603 6002113 13 1 11.98635 2.458434 6002113 13 1 312 210
1 0.5675248 0.271593 0.9330701 1 27.93116 1.129474 6002113 13 1 36.42802 1.212975 6002113 13 1 313 153
1 1.575265 1.775696 1.383444 1 23.54433 2.165118 6002113 13 1 2.391687 1.030424 6002113 13 1 313 255
1 1.1849 1.214892 1.148506 1 22.08203 1.091084 6002113 13 0 122.4203 1.662029 6002113 13 1 230 98
1 1.289688 1.878288 0.892531 1 13.01462 1.099733 6002113 13 1 17.0894 1.117481 6002113 13 1 230 437
1 1.289688 1.878288 0.892531 1 13.01462 1.099733 6002113 13 1 17.0894 1.117481 6002113 13 1 230 437
1 1.866054 2.331325 1.3979 1 2.354251 1.949368 6001113 13 1 12.06608 1.016506 6001113 13 1 233 459
1 1.866054 2.331325 1.3979 1 62.58658 2.759787 6002113 13 0 50.26313 5.28272 6002113 13 1 234 231
1 1.033406 1.101364 0.958024 1 41.86224 1.006854 6002113 13 1 48.01368 2.025603 6002113 13 1 746 372
1 1.199401 1.201198 1.170168 1 20.9792 1.105334 6002113 13 0 11.49619 1.010171 6002113 13 1 750 195
1 0.7055845 0.3974356 1.016366 1 13.53708 1.01437 6002113 13 1 18.57016 1.032713 6002113 13 1 750 262
1 1.20651 1.16088 1.193521 1 18.89834 1.023602 6002113 13 0 252.0872 1.435549 6002113 13 1 751 386
1 1.167323 1.186361 1.134647 1 12.88165 1.746742 6002113 13 1 20.15249 1.413512 6002113 13 1 751 453
1 1.167323 1.186361 1.134647 1 12.88165 1.746742 6002113 13 1 20.15249 1.413512 6002113 13 1 751 453
1 1.099519 1.139476 1.051563 1 19.67406 1.165263 6001113 13 0 2.912129 2.876567 6001113 13 1 752 24
1 1.035838 1.098122 0.9666125 1 3.515501 1.33085 6002113 13 1 29.6334 2.322664 6002113 13 1 753 44
1 1.152971 1.190243 1.109341 0 130.3538 1.232163 6003113 13 1 32.02499 1.005652 6003113 13 1 753 74
1 1.173319 1.196671 1.139395 1 17.57743 1.063583 6002113 13 1 10.65776 1.083506 6002113 13 1 756 190
1 1.179161 1.206147 1.144075 0 55.25445 1.340254 6002113 13 1 23.21614 1.104057 6002113 13 1 756 233
1 0.6159488 0.3166172 0.9557644 1 28.30997 1.311402 6003113 13 0 170.9964 2.184265 6003113 13 1 757 153
1 1.225386 1.141194 1.230719 1 38.92029 2.908118 6002113 13 1 10.95762 1.286989 6002113 13 1 757 208
1 1.099519 1.139476 1.051563 1 24.86771 1.908839 6002113 13 1 36.98121 1.006591 6002113 13 1 757 431
1 1.289688 1.878288 0.892531 1 15.1313 1.172958 6002113 13 1 33.40427 1.008974 6002113 13 1 759 87
1 1.329532 1.478061 1.189894 0 494.2853 2.149217 6003113 13 1 32.19906 1.214547 6003113 13 1 759 173
1 1.199401 1.201198 1.170168 1 37.94519 2.365259 6002113 13 1 10.46639 1.007253 6002113 13 1 759 317
1 1.109295 1.155893 1.053631 1 39.57499 1.075159 6002113 13 1 17.74151 1.055449 6002113 13 1 761 73
1 1.705086 2.017803 1.363962 1 48.16598 1.133415 6002113 13 1 22.83935 1.07518 6002113 13 1 763 172
1 1.314649 1.46568 1.173482 1 15.1407 1.111144 6001113 13 1 0.249985 1.512211 6001113 13 1 763 175
1 1.26516 1.422013 1.117256 1 4.583349 1.691183 6002113 13 1 31.29076 1.303324 6002113 13 1 763 476
1 1.151918 0.9752633 1.225726 1 10.92555 1.017397 6003113 13 0 696.7115 1.032025 6003113 13 1 765 424
1 1.15499 1.021547 1.194574 1 33.83735 1.391336 6002113 13 0 70.51142 1.239234 6002113 13 1 768 488
1 1.033406 1.101364 0.958024 1 36.15208 1.030506 6002113 13 0 16.31949 9.445471 6002113 13 1 772 5
1 1.157728 1.196465 1.111764 1 40.81867 1.894525 6002113 13 1 25.78861 1.011287 6002113 13 1 772 287
1 1.114777 0.884905 1.24054 0 19.30276 5.402959 6003113 13 1 54.73181 1.117081 6003113 13 1 772 404
1 1.191782 1.185832 1.16486 0 205.5788 1.030056 6003113 13 1 35.41537 1.122134 6003113 13 1 774 295
1 1.46424 1.680344 1.235249 1 15.27631 1.999505 6002113 13 0 56.84995 1.125527 6002113 13 1 774 308
1 1.174602 1.053046 1.204645 1 27.21271 1.288496 6002113 13 1 37.20018 2.327508 6002113 13 1 776 227
1 1.099519 1.139476 1.051563 1 19.19988 1.214878 6002113 13 0 70.83076 1.035683 6002113 13 1 777 87
1 0.9574994 0.6410515 1.205563 1 27.09891 1.913702 6002113 13 1 17.57564 1.035938 6002113 13 1 777 478
1 1.053247 1.09991 0.9980844 1 7.416258 2.931072 6002113 13 1 27.3344 1.178738 6002113 13 1 778 459
1 1.099519 1.139476 1.051563 1 32.5037 1.006004 6003113 13 0 67.80116 1.812821 6003113 13 1 779 300
1 1.142868 1.177299 1.103399 0 131.5726 1.668887 6002113 13 1 17.952 1.299833 6002113 13 1 780 206
1 1.149237 1.698801 0.7921503 0 67.38522 1.685548 6002113 13 1 18.69088 1.03592 6002113 13 1 780 476
1 1.048997 1.136673 0.9559695 0 295.1592 4.238021 6003113 13 1 30.91592 1.036667 6003113 13 1 781 70
1 0.1793033 0.05184105 0.4351809 0 26.78634 3.830355 6002113 13 1 19.19231 1.017513 6002113 13 1 782 31
1 0.3170899 0.1198369 0.6261138 0 18.43792 1.573683 6002113 13 1 32.71696 1.008446 6002113 13 1 784 340
1 1.10316 1.145079 1.05266 1 34.25176 2.553159 6002113 13 1 26.65154 1.111554 6002113 13 1 784 343
1 1.575265 1.775696 1.383444 1 29.6086 1.005892 6002113 13 0 87.73075 1.160713 6002113 13 1 895 454
1 1.143675 1.253919 1.033471 0 569.0826 1.186027 6003113 13 1 26.58211 1.01773 6003113 13 1 895 498
1 1.053247 1.09991 0.9980844 1 5.576137 1.985711 6001113 13 1 14.73937 1.101704 6001113 13 1 610 182
1 1.176288 1.010978 1.239274 1 21.30654 1.904388 6001113 13 1 6.599342 1.017493 6001113 13 1 610 192
1 0.9219857 1.364073 0.6240806 0 585.3375 2.737954 6003113 13 1 13.37611 1.126419 6003113 13 1 610 499
1 1.190567 1.223018 1.152597 1 30.63389 2.093984 6002113 13 1 28.34944 1.026271 6002113 13 1 613 62
1 0.6159488 0.3166172 0.9557644 1 38.67161 1.119845 6002113 13 0 3.170339 4.810826 6002113 13 1 613 216
1 1.053247 1.09991 0.9980844 0 36.22467 3.5247 6002113 13 1 16.92596 1.020573 6002113 13 1 614 320
1 1.526225 2.04983 1.080738 1 11.72192 1.028246 6001113 13 1 3.779204 1.84977 6001113 13 1 614 457
1 1.0427 1.134261 0.9473373 0 53.85377 1.066807 6002113 13 1 16.70848 1.247038 6002113 13 1 616 336
1 1.10316 1.145079 1.05266 0 14.05388 7.151904 6002113 13 1 26.39259 1.200267 6002113 13 1 616 407
1 0.9894024 0.7036328 1.19152 0 68.49245 1.030152 6002113 13 1 9.671837 1.085861 6002113 13 1 617 458
1 1.114777 0.884905 1.24054 1 2.986613 1.276468 6001113 13 1 9.918527 1.046139 6001113 13 1 619 173
1 1.114777 0.884905 1.24054 1 25.81369 2.91908 6002113 13 1 38.37035 1.084996 6002113 13 1 621 297
1 1.057513 1.112379 0.9951048 1 37.20077 1.072015 6002113 13 1 6.577682 1.197283 6002113 13 1 622 228
1 1.566869 2.206142 1.088645 1 15.77765 1.386243 6001113 13 1 3.516817 2.38129 6001113 13 1 625 112
1 1.75908 2.248522 1.290011 1 8.295826 1.009857 6001113 13 1 0.5098093 1.191506 6001113 13 1 625 426
1 0.9160994 0.6007248 1.171549 0 28.20718 1.821806 6002113 13 1 34.82627 2.242841 6002113 13 1 823 322
1 1.053247 1.09991 0.9980844 1 59.48264 1.047996 6002113 13 1 18.9071 2.385248 6002113 13 1 823 417
1 1.055133 1.104334 0.9975671 1 8.583973 1.004205 6001113 13 1 5.04671 1.009043 6001113 13 1 785 211
1 1.034916 1.100018 0.9626585 1 30.34168 2.006203 6002113 13 0 14.61765 1.221149 6002113 13 1 786 427
1 1.213336 1.227995 1.180605 1 49.05288 1.021746 6003113 13 0 535.0866 4.89493 6003113 13 1 787 397
1 1.147959 1.183877 1.106546 0 2087.334 1.950404 6003113 13 1 24.38362 1.138636 6003113 13 1 789 106
1 1.109295 1.155893 1.053631 1 7.154541 1.093323 6002113 13 1 14.19213 1.006506 6002113 13 1 789 265
1 1.213336 1.227995 1.180605 0 123.6701 1.381203 6002113 13 1 19.89013 1.080489 6002113 13 1 789 403
1 1.109295 1.155893 1.053631 0 112.0189 1.010449 6002113 13 1 28.1396 1.12518 6002113 13 1 789 419
1 0.001480656 0.0002940148 0.00851074 1 27.88489 1.074597 6002113 13 1 8.909389 1.707923 6002113 13 1 789 484
1 1.048836 1.548763 0.7254791 1 30.17523 1.278308 6002113 13 0 38.55474 1.264114 6002113 13 1 502 146
1 1.031225 1.102163 0.9526981 1 36.17286 1.065209 6003113 13 0 281.7444 1.006438 6003113 13 1 502 402
1 1.298986 1.452146 1.156092 1 25.16779 2.025638 6002113 13 0 209.4221 1.007786 6002113 13 1 502 469
1 1.034916 1.100018 0.9626585 1 26.32667 1.242103 6002113 13 1 12.75745 1.639171 6002113 13 1 504 22
1 1.705086 2.017803 1.363962 1 36.31602 2.189291 6002113 13 1 2.179336 1.047079 6002113 13 1 537 302
1 1.194803 1.137859 1.187115 1 47.21668 2.678391 6002113 13 0 21.98909 1.091766 6002113 13 1 808 291
1 0.4544891 0.2018274 0.792879 1 6.43937 1.057512 6002113 13 1 22.87485 1.119273 6002113 13 1 812 217
1 1.167323 1.186361 1.134647 1 4.369222 1.811633 6002113 13 0 22.0709 1.051172 6002113 13 1 813 247
1 1.575265 1.775696 1.383444 0 179.6687 1.694389 6002113 13 1 39.92833 1.223371 6002113 13 1 814 211
1 1.49586 1.706142 1.278772 1 52.87925 3.037015 6002113 13 1 27.19061 1.134981 6002113 13 1 815 148
1 1.055133 1.104334 0.9975671 0 110.0692 4.131829 6003113 13 1 16.42053 1.173248 6003113 13 1 818 276
1 1.10316 1.145079 1.05266 1 33.5309 1.578449 6002113 13 0 59.07536 1.025063 6002113 13 1 819 151
1 1.15499 1.021547 1.194574 1 14.03379 1.22392 6003113 13 0 571.0795 1.699627 6003113 13 1 819 277
1 0.6792043 1.500973 0.3097145 1 24.32047 1.192886 6002113 13 1 38.96164 1.178971 6002113 13 1 821 84
1 0.7934737 0.4881172 1.065644 1 68.13847 1.029742 6002113 13 0 29.76981 7.084188 6002113 13 1 62 98
1 0.1707681 0.04642279 0.4356818 1 37.95012 1.175091 6002113 13 0 132.1078 1.748283 6002113 13 1 62 208
1 0.5292084 0.8493549 0.3262614 1 51.14807 1.871944 6002113 13 1 32.55307 1.013753 6002113 13 1 63 162
1 1.123647 1.241142 1.010512 1 25.7031 1.114844 6002113 13 0 98.8195 4.029078 6002113 13 1 64 69
1 1.106427 1.150534 1.053346 1 37.13915 2.831124 6002113 13 0 88.39866 3.253605 6002113 13 1 64 416
1 1.282494 1.437562 1.137462 1 25.58064 1.321202 6002113 13 1 2.226498 2.172928 6002113 13 1 66 320
1 1.099519 1.139476 1.051563 1 15.75307 1.039684 6002113 13 1 20.18449 2.020881 6002113 13 1 66 390
1 1.282494 1.437562 1.137462 1 28.74174 1.013632 6002113 13 1 3.37375 1.005298 6002113 13 1 423 483
1 1.550791 1.753763 1.352368 1 32.76246 1.92264 6002113 13 1 7.675403 1.159153 6002113 13 1 427 130
1 0.2792014 0.09677438 0.588659 1 27.49194 1.180216 6002113 13 1 14.66862 1.004229 6002113 13 1 428 368
1 1.183608 1.169262 1.159476 1 39.03526 2.316126 6002113 13 1 44.27176 1.097678 6002113 13 1 428 437
1 1.199401 1.201198 1.170168 1 32.91489 1.873701 6002113 13 1 3.878676 1.03456 6002113 13 1 429 214
1 1.031225 1.102163 0.9526981 1 18.01362 1.027812 6002113 13 0 169.3356 9.959661 6002113 13 1 430 132
1 1.213336 1.227995 1.180605 1 1.780384 1.073926 6001113 13 1 8.381316 1.004071 6001113 13 1 431 124
1 0.9138955 0.6245104 1.1333 1 13.63529 1.82214 6001113 13 1 7.770391 1.39022 6001113 13 1 431 366
1 1.575265 1.775696 1.383444 0 162.2313 9.382772 6003113 13 1 38.74899 1.23798 6003113 13 1 434 397
1 1.109295 1.155893 1.053631 1 1.681404 1.005341 6001113 13 1 13.00621 1.008926 6001113 13 1 436 404
1 0.2539062 0.08544197 0.5475258 1 19.75056 1.010177 6002113 13 1 26.69528 3.043546 6002113 13 1 437 43
1 1.055133 1.104334 0.9975671 1 0.6605265 1.011044 6002113 13 1 23.85663 1.006512 6002113 13 1 437 70
1 1.063672 0.7860307 1.245813 1 24.09441 1.0081 6002113 13 1 4.844144 1.018082 6002113 13 1 69 220
1 1.054444 1.13827 0.9640688 1 9.890452 1.090219 6002113 13 1 6.030046 1.08028 6002113 13 1 70 387
1 1.183608 1.169262 1.159476 1 9.756291 1.279178 6002113 13 1 25.28263 1.072725 6002113 13 1 73 135
1 1.26516 1.422013 1.117256 0 50.34426 8.32213 6003113 13 1 82.82517 1.200118 6003113 13 1 74 353
1 1.031225 1.102163 0.9526981 1 7.353597 1.591174 6002113 13 1 16.32387 1.267286 6002113 13 1 77 495
1 1.114777 0.884905 1.24054 1 34.41035 1.163402 6002113 13 0 0.6688704 1.048855 6002113 13 1 198 52
1 0.9517445 0.6636014 1.162862 1 34.37124 2.239422 6002113 13 1 53.08984 1.533097 6002113 13 1 198 345
1 0.4269872 0.7264097 0.2541938 1 14.94636 1.211808 6003113 13 0 574.8054 1.11025 6003113 13 1 199 220
1 0.9574994 0.6410515 1.205563 1 17.67852 1.089241 6002113 13 1 29.95746 1.309706 6002113 13 1 199 432
1 1.206555 1.21522 1.17542 1 36.93596 1.212684 6002113 13 1 15.96691 1.210664 6002113 13 1 202 492
1 1.055133 1.104334 0.9975671 1 18.25713 1.124254 6002113 13 0 106.0368 1.149032 6002113 13 1 203 91
1 0.0739324 0.01495082 0.2461688 1 30.40689 1.029547 6003113 13 0 32.47653 2.561966 6003113 13 1 203 135
1 1.526225 2.04983 1.080738 1 30.0675 1.010692 6002113 13 1 57.15415 1.553298 6002113 13 1 204 101
1 0.6159488 0.3166172 0.9557644 1 52.00607 1.047809 6003113 13 1 16.86979 1.640499 6003113 13 1 206 426
1 1.199401 1.201198 1.170168 1 22.18022 2.158759 6002113 13 1 13.97446 1.041802 6002113 13 1 207 73
1 1.329532 1.478061 1.189894 1 30.57379 1.505524 6002113 13 1 9.408815 1.191759 6002113 13 1 210 474
1 0.747205 0.4303799 1.057145 1 10.33054 1.006364 6001113 13 1 9.744925 1.120512 6001113 13 1 278 246
1 1.46424 1.680344 1.235249 1 30.66634 1.006008 6002113 13 0 280.9066 1.057581 6002113 13 1 280 259
1 1.192805 1.083559 1.213989 0 75.53419 1.085084 6003113 13 1 32.35943 1.103599 6003113 13 1 281 11
1 0.8383967 1.273376 0.5409222 1 9.066344 1.012969 6001113 13 1 10.35484 1.847949 6001113 13 1 79 155
1 0.5380682 0.2637946 0.8676014 0 76.99556 1.660979 6002113 13 1 8.774783 1.095662 6002113 13 1 689 273
1 0.4205023 0.1819855 0.7484848 1 12.5488 1.336435 6002113 13 1 1.01757 1.240886 6002113 13 1 689 476
1 0.01217822 0.001818087 0.06209253 1 49.47593 1.022052 6003113 13 0 660.3149 7.633474 6003113 13 1 694 226
1 0.9894024 0.7036328 1.19152 1 18.78899 3.135266 6002113 13 1 18.46025 1.0128 6002113 13 1 698 34
1 1.017868 0.7662661 1.176325 0 6.232203 7.101545 6002113 13 1 33.52322 1.040557 6002113 13 1 698 115
1 1.050919 0.8056091 1.198818 1 76.18864 1.999297 6002113 13 1 64.57761 2.221851 6002113 13 1 861 289
1 1.050919 0.8056091 1.198818 1 76.18864 1.999297 6002113 13 1 64.57761 2.221851 6002113 13 1 861 289
1 1.145385 0.9245803 1.259718 1 11.72666 1.096051 6002113 13 0 133.2434 2.005414 6002113 13 1 975 248
1 1.298986 1.452146 1.156092 1 23.25657 1.011939 6003113 13 1 41.58099 2.48412 6003113 13 1 977 174
1 0.6679293 1.172073 0.374902 1 34.52868 1.452497 6002113 13 1 22.91838 1.027773 6002113 13 1 979 98
1 1.142868 1.177299 1.103399 1 19.08272 1.121727 6002113 13 1 26.2524 1.251772 6002113 13 1 979 321
1 1.109295 1.155893 1.053631 1 34.6865 1.187358 6002113 13 0 113.2131 1.011293 6002113 13 1 981 418
1 0.6342273 1.05356 0.3835326 1 11.40139 1.008893 6002113 13 1 8.12062 1.405964 6002113 13 1 983 430
1 1.176288 1.010978 1.239274 1 35.03769 1.02036 6002113 13 1 6.790228 2.421035 6002113 13 1 985 440
1 1.056557 1.108524 0.9965968 1 30.19533 1.298764 6002113 13 0 18.46705 1.657038 6002113 13 1 986 13
1 0.789787 0.4650854 1.097808 1 34.55685 1.011081 6002113 13 1 3.049997 1.398417 6002113 13 1 986 300
1 1.036252 1.095703 0.9699052 1 19.75183 1.004953 6002113 13 0 101.9618 1.017613 6002113 13 1 986 464
1 1.106427 1.150534 1.053346 1 34.48415 1.046261 6002113 13 0 66.3729 1.420531 6002113 13 1 701 24
1 0.0004174281 9.874705e-05 0.001721224 1 23.74168 1.124585 6002113 13 0 17.89729 5.223657 6002113 13 1 703 334
1 1.0427 1.134261 0.9473373 1 32.65334 1.150365 6002113 13 1 5.506941 1.098325 6002113 13 1 704 59
1 0.8339615 0.5241884 1.101491 0 69.64473 6.997012 6002113 13 1 40.30566 1.043944 6002113 13 1 704 499
1 0.6159488 0.3166172 0.9557644 1 33.53097 1.102306 6002113 13 0 34.51842 3.316117 6002113 13 1 705 363
1 1.059052 1.139164 0.9715886 1 30.36935 1.322342 6002113 13 0 34.6904 1.005076 6002113 13 1 706 370
1 1.10316 1.145079 1.05266 1 23.94183 1.226315 6002113 13 0 57.00415 1.217774 6002113 13 1 709 435
1 1.034916 1.100018 0.9626585 0 364.8916 1.406485 6003113 13 1 12.98716 1.295156 6003113 13 1 712 76
1 1.058012 1.115802 0.9930252 1 12.88668 1.260744 6002113 13 1 30.08187 1.246967 6002113 13 1 713 193
1 1.182032 1.113501 1.180358 1 24.23142 2.289261 6002113 13 1 9.793315 1.985037 6002113 13 1 713 364
1 0.4445066 0.7265916 0.2710897 0 92.81631 1.103047 6002113 13 1 24.65886 1.349376 6002113 13 1 715 232
1 1.10316 1.145079 1.05266 1 37.60613 1.009353 6002113 13 0 23.62287 2.519661 6002113 13 1 715 479
1 1.059052 1.139164 0.9715886 1 29.15932 1.095585 6002113 13 0 57.25752 1.076278 6002113 13 1 717 292
1 1.056557 1.108524 0.9965968 0 30.91713 6.982285 6002113 13 1 29.87142 1.092912 6002113 13 1 989 35
1 1.191782 1.185832 1.16486 1 11.99279 1.114348 6001113 13 1 26.75249 1.005681 6001113 13 1 194 195
1 1.191782 1.185832 1.16486 1 11.99279 1.114348 6001113 13 1 26.75249 1.005681 6001113 13 1 194 195
1 1.031225 1.102163 0.9526981 1 28.87812 1.070237 6003113 13 0 426.9117 1.272856 6003113 13 1 194 264
1 1.314649 1.46568 1.173482 1 17.6836 1.007666 6002113 13 0 53.32615 1.019687 6002113 13 1 194 410
1 0.02782141 0.00448657 0.1208789 1 26.38114 1.16166 6002113 13 1 33.38306 1.28309 6002113 13 1 195 190
1 1.036252 1.095703 0.9699052 1 7.904164 1.019282 6001113 13 1 7.274734 1.085189 6001113 13 1 197 108
1 1.206555 1.21522 1.17542 1 17.01498 1.294952 6002113 13 0 54.29039 1.127833 6002113 13 1 721 366
1 1.566869 2.206142 1.088645 1 20.83757 1.121939 6002113 13 0 34.92128 1.445373 6002113 13 1 723 146
1 1.0427 1.134261 0.9473373 1 27.49321 1.199872 6002113 13 0 152.2201 1.390496 6002113 13 1 724 159
1 1.055133 1.104334 0.9975671 1 8.140695 1.097733 6002113 13 1 17.05111 1.130588 6002113 13 1 724 328
1 1.183608 1.169262 1.159476 0 62.61065 9.682825 6002113 13 1 18.03732 1.473611 6002113 13 1 726 188
1 1.149237 1.698801 0.7921503 1 18.56978 1.123387 6002113 13 0 5.250634 13.26276 6002113 13 1 726 406
1 1.152501 1.258655 1.04415 1 20.13253 2.232085 6001113 13 1 0.9989766 1.010729 6001113 13 1 726 417
1 0.747205 0.4303799 1.057145 1 34.48164 1.014988 6003113 13 0 366.0989 2.707784 6003113 13 1 728 290
1 1.099519 1.139476 1.051563 0 123.656 1.377133 6003113 13 1 36.97753 1.018552 6003113 13 1 729 280
1 1.054444 1.13827 0.9640688 1 14.83789 1.206682 6002113 13 0 13.12288 1.192876 6002113 13 1 729 408
1 1.126364 0.9389989 1.211138 1 8.908154 1.661552 6002113 13 1 49.69096 1.079497 6002113 13 1 730 195
1 1.036252 1.095703 0.9699052 0 193.2285 2.549952 6002113 13 1 22.48425 1.117429 6002113 13 1 730 406
1 1.213336 1.227995 1.180605 1 32.88205 1.007025 6002113 13 0 44.70684 1.711116 6002113 13 1 730 444
1 1.20651 1.16088 1.193521 1 7.838175 1.012024 6002113 13 1 25.57335 1.116059 6002113 13 1 731 319
1 1.217313 1.182622 1.199648 1 17.75375 1.397166 6002113 13 1 8.474892 1.060086 6002113 13 1 735 7
1 1.179161 1.206147 1.144075 1 19.69273 1.11244 6002113 13 0 56.78834 8.043357 6002113 13 1 736 317
1 0.0008292547 0.0001828615 0.00428265 1 28.88379 1.010655 6003113 13 0 631.9458 1.638238 6003113 13 1 736 351
1 0.7934737 0.4881172 1.065644 1 46.61934 1.096384 6002113 13 1 8.147603 1.15749 6002113 13 1 736 452
1 1.206555 1.21522 1.17542 1 0.2516324 3.071507 6002113 13 1 57.34317 1.104964 6002113 13 1 737 320
1 0.789787 0.4650854 1.097808 1 74.54885 1.438291 6002113 13 0 19.51596 8.625536 6002113 13 1 743 33
1 1.151918 0.9752633 1.225726 1 17.57541 1.036279 6002113 13 1 0.5204655 2.263165 6002113 13 1 743 126
1 1.15499 1.021547 1.194574 0 60.23119 1.634564 6002113 13 1 25.03046 2.313273 6002113 13 1 743 394
1 0.2792014 0.09677438 0.588659 1 35.96664 1.015417 6002113 13 1 8.805358 2.427127 6002113 13 1 745 73
1 1.225386 1.141194 1.230719 1 24.41333 1.15104 6002113 13 1 35.2204 1.185393 6002113 13 1 442 400
1 1.213336 1.227995 1.180605 1 18.71239 1.204768 6002113 13 1 21.76619 1.740968 6002113 13 1 444 13
1 0.002214822 0.0003995872 0.01328278 1 10.48073 1.45113 6002113 13 1 29.70633 1.100695 6002113 13 1 444 464
1 1.15499 1.021547 1.194574 0 88.19621 1.139661 6002113 13 1 31.82766 1.008581 6002113 13 1 445 100
1 1.213336 1.227995 1.180605 1 11.42572 1.006042 6002113 13 1 20.06228 1.114414 6002113 13 1 445 387
1 1.095596 1.133769 1.050051 1 23.50865 1.0656 6002113 13 0 80.07352 1.014975 6002113 13 1 445 410
1 1.137649 1.170432 1.099925 0 443.2666 1.053833 6003113 13 1 28.73574 1.013229 6003113 13 1 448 79
1 1.095596 1.133769 1.050051 1 38.67678 1.124778 6002113 13 0 93.71495 1.712823 6002113 13 1 449 261
1 1.114777 0.884905 1.24054 0 92.51537 2.810157 6002113 13 1 28.46883 1.086482 6002113 13 1 449 467
1 1.26516 1.422013 1.117256 1 31.8669 1.006912 6002113 13 1 33.62167 1.330891 6002113 13 1 450 15
1 1.10316 1.145079 1.05266 1 19.87476 1.016058 6003113 13 0 324.9961 1.065666 6003113 13 1 450 167
1 1.048997 1.136673 0.9559695 1 6.023842 2.088289 6002113 13 1 39.30244 1.00922 6002113 13 1 450 229
1 1.149237 1.698801 0.7921503 1 26.10826 1.59584 6001113 13 1 10.01052 1.114393 6001113 13 1 281 288
1 1.152971 1.190243 1.109341 1 5.546574 1.557019 6002113 13 1 15.55329 1.115028 6002113 13 1 282 4
1 1.282494 1.437562 1.137462 1 15.092 2.335056 6002113 13 0 26.39801 1.026476 6002113 13 1 283 98
1 1.176288 1.010978 1.239274 1 59.55929 3.407837 6002113 13 1 48.66578 1.011072 6002113 13 1 283 177
1 1.035838 1.098122 0.9666125 1 42.48491 2.108604 6003113 13 0 785.6329 1.283319 6003113 13 1 285 43
1 1.26516 1.422013 1.117256 1 34.11311 1.007279 6002113 13 0 51.48837 3.280155 6002113 13 1 288 139
1 0.2208223 0.06788179 0.510611 1 42.11756 2.111348 6002113 13 1 58.62477 1.126158 6002113 13 1 290 147
1 1.329532 1.478061 1.189894 0 499.8868 1.018059 6003113 13 1 20.15156 1.104312 6003113 13 1 938 196
1 1.099519 1.139476 1.051563 1 32.74024 2.205435 6002113 13 1 11.05184 1.008541 6002113 13 1 938 208
1 1.062846 1.139449 0.9784784 0 88.72529 1.008628 6002113 13 1 16.32824 1.009252 6002113 13 1 942 221
1 0.4903168 0.2233237 0.8385035 1 34.22701 1.158188 6002113 13 0 69.42483 4.785717 6002113 13 1 944 431
1 1.761918 2.058838 1.43754 0 64.85246 5.727247 6002113 13 1 17.03744 1.323612 6002113 13 1 945 75
1 0.8383967 1.273376 0.5409222 1 20.60884 1.007007 6002113 13 1 24.69362 1.104578 6002113 13 1 946 90
1 1.524498 1.73059 1.317664 1 13.3242 1.042011 6002113 13 1 22.96428 1.289973 6002113 13 1 946 444
1 1.056557 1.108524 0.9965968 1 32.25219 1.022125 6002113 13 0 73.65132 2.467564 6002113 13 1 949 7
1 1.145385 0.9245803 1.259718 1 2.060773 1.044154 6002113 13 1 26.66394 1.115882 6002113 13 1 951 54
1 1.055133 1.104334 0.9975671 1 1.950833 1.482932 6002113 13 1 22.04538 1.114567 6002113 13 1 951 298
1 1.035838 1.098122 0.9666125 0 80.16759 1.005671 6002113 13 1 30.08318 1.172072 6002113 13 1 575 352
1 1.055133 1.104334 0.9975671 1 0.0007105708 1.227527 6001113 13 1 15.35444 1.008909 6001113 13 1 626 357
1 0.6159488 0.3166172 0.9557644 1 26.13737 1.134215 6001113 13 0 1.745444 3.270311 6001113 13 1 294 152
1 0.3459568 0.1344595 0.6687537 0 420.9392 13.45006 6003113 13 1 30.41846 1.202715 6003113 13 1 294 397
1 1.126364 0.9389989 1.211138 1 15.52164 1.114381 6002113 13 1 30.86399 1.012556 6002113 13 1 295 111
1 1.173319 1.196671 1.139395 1 23.81069 1.220298 6002113 13 1 14.73044 2.24309 6002113 13 1 2 444
1 1.524498 1.73059 1.317664 1 14.04873 1.01075 6002113 13 1 27.50773 1.012526 6002113 13 1 2 474
1 0.01217822 0.001818087 0.06209253 0 0.8384176 8.054127 6002113 13 1 32.13539 1.057397 6002113 13 1 3 177
1 1.575265 1.775696 1.383444 0 465.6403 1.102159 6003113 13 1 10.24504 3.404892 6003113 13 1 452 424
1 1.199401 1.201198 1.170168 1 46.1739 1.04853 6003113 13 0 889.8151 11.98351 6003113 13 1 453 265
1 0.4903168 0.2233237 0.8385035 0 874.8444 1.680302 6003113 13 1 39.74341 1.13297 6003113 13 1 453 357
1 1.054444 1.13827 0.9640688 0 164.3663 1.740569 6002113 13 1 25.13892 1.970529 6002113 13 1 453 491
1 0.114587 0.02674881 0.3330998 0 39.91639 4.010509 6002113 13 1 40.53019 1.155093 6002113 13 1 454 308
1 1.641128 1.972201 1.285192 1 1.177837 2.35952 6002113 13 1 23.86712 1.035939 6002113 13 1 457 38
1 0.1214868 0.03012302 0.3349064 0 276.1064 3.587576 6003113 13 1 33.92003 1.64825 6003113 13 1 457 451
1 0.9517445 0.6636014 1.162862 1 24.75975 1.08469 6003113 13 0 105.097 1.095616 6003113 13 1 86 51
1 0.9517445 0.6636014 1.162862 0 131.0829 1.1991 6003113 13 1 46.35128 1.969741 6003113 13 1 86 288
1 1.033406 1.101364 0.958024 1 39.54507 1.423116 6002113 13 1 35.1055 1.017522 6002113 13 1 89 322
1 1.036252 1.095703 0.9699052 1 1.826396 3.168092 6001113 13 1 16.45011 1.101964 6001113 13 1 90 464
1 1.49586 1.706142 1.278772 1 13.48721 1.198087 6002113 13 1 15.34292 1.010439 6002113 13 1 92 174
1 1.106427 1.150534 1.053346 0 103.3554 1.056366 6002113 13 1 22.17686 1.994175 6002113 13 1 93 431
1 1.49586 1.706142 1.278772 1 18.39135 1.041694 6002113 13 1 17.91252 1.170357 6002113 13 1 94 87
1 1.225386 1.141194 1.230719 1 9.127441 1.01816 6002113 13 1 34.88344 1.013339 6002113 13 1 94 140
1 1.26516 1.422013 1.117256 0 80.08272 1.016621 6002113 13 1 15.6442 1.220016 6002113 13 1 94 407
1 1.524498 1.73059 1.317664 0 116.1822 1.021202 6002113 13 1 13.68646 1.266484 6002113 13 1 4 235
1 1.227292 1.202911 1.205555 1 22.74491 1.048755 6002113 13 1 42.4233 2.858416 6002113 13 1 6 233
1 1.1849 1.214892 1.148506 1 55.33804 1.211806 6002113 13 0 82.96245 1.978905 6002113 13 1 7 224
1 1.095596 1.133769 1.050051 0 435.8104 1.031668 6003113 13 1 34.7532 1.270689 6003113 13 1 7 319
1 1.048997 1.136673 0.9559695 1 29.30322 1.165446 6003113 13 0 424.319 1.008344 6003113 13 1 10 327
1 0.2539062 0.08544197 0.5475258 1 41.37425 1.007472 6002113 13 1 13.36367 1.872761 6002113 13 1 10 401
1 0.1014541 0.02299071 0.3029553 1 11.10376 1.019453 6002113 13 1 7.569235 1.088848 6002113 13 1 11 141
1 1.050919 0.8056091 1.198818 0 94.1849 1.134954 6002113 13 1 20.07948 1.174924 6002113 13 1 13 226
1 1.173319 1.196671 1.139395 1 19.14057 1.490129 6002113 13 0 99.76195 1.311008 6002113 13 1 13 416
1 0.9160994 0.6007248 1.171549 1 37.61746 1.222315 6003113 13 0 99.54121 1.320523 6003113 13 1 14 138
1 0.665028 0.3662483 0.9755856 1 26.40332 1.399263 6002113 13 1 40.32468 1.05065 6002113 13 1 14 344
1 0.01785031 0.00275673 0.0833977 1 1.302999 1.012934 6002113 13 1 23.31844 1.012781 6002113 13 1 265 313
1 0.4094664 0.1680855 0.7591912 1 16.52596 1.013413 6001113 13 1 9.701597 2.502208 6001113 13 1 268 61
1 0.6571895 0.3457574 1.000641 1 21.13181 1.438209 6002113 13 1 18.65237 1.071974 6002113 13 1 268 295
1 1.179161 1.206147 1.144075 1 22.43042 1.576613 6002113 13 1 28.17104 1.174621 6002113 13 1 396 151
1 1.059052 1.139164 0.9715886 0 2232.792 1.024112 6003113 13 1 15.76371 2.065225 6003113 13 1 397 88
1 1.227292 1.202911 1.205555 0 44.41253 3.354306 6002113 13 1 36.45972 1.124946 6002113 13 1 397 480
1 0.4205023 0.1819855 0.7484848 1 2.688554 1.149462 6002113 13 1 32.19751 1.005723 6002113 13 1 399 51
1 1.123647 1.241142 1.010512 1 8.089797 1.207327 6001113 13 1 16.14682 1.027771 6001113 13 1 399 290
1 1.217313 1.182622 1.199648 1 26.21191 1.01216 6002113 13 0 76.68736 1.665562 6002113 13 1 401 273
1 1.176288 1.010978 1.239274 1 15.31178 1.015963 6003113 13 0 342.6429 1.621367 6003113 13 1 402 109
1 0.003151584 0.0005086883 0.01887308 0 95.33276 1.64985 6002113 13 1 16.18139 1.009041 6002113 13 1 32 225
1 1.206555 1.21522 1.17542 1 38.3806 1.634991 6002113 13 1 23.23072 1.413453 6002113 13 1 37 73
1 1.157728 1.196465 1.111764 1 44.07449 1.685375 6002113 13 1 17.38135 1.003871 6002113 13 1 37 102
1 1.083255 0.8452013 1.220206 1 19.3926 1.875326 6002113 13 0 86.02713 3.145691 6002113 13 1 37 120
1 1.054444 1.13827 0.9640688 1 32.40868 2.033089 6002113 13 1 40.98432 1.010315 6002113 13 1 38 334
1 1.866054 2.331325 1.3979 1 17.42502 1.321867 6002113 13 1 13.18003 1.177229 6002113 13 1 41 74
1 1.026751 0.7444853 1.219196 1 51.041 1.866558 6003113 13 1 25.47383 1.139151 6003113 13 1 275 17
1 1.106427 1.150534 1.053346 0 65.83107 1.006221 6002113 13 1 13.85944 1.454042 6002113 13 1 275 63
1 0.114587 0.02674881 0.3330998 1 44.22742 1.083044 6002113 13 0 4.57157 4.252789 6002113 13 1 275 115
1 1.112575 1.233052 0.9981722 1 16.3175 1.378134 6002113 13 1 29.43047 1.019344 6002113 13 1 275 288
1 1.10316 1.145079 1.05266 1 26.13546 1.019153 6002113 13 0 26.89326 2.191461 6002113 13 1 275 384
1 0.8383967 1.273376 0.5409222 0 102.9883 1.013897 6002113 13 1 30.2494 1.098475 6002113 13 1 276 145
1 0.789787 0.4650854 1.097808 1 41.96668 2.155855 6002113 13 1 28.95884 1.070461 6002113 13 1 276 424
1 1.182032 1.113501 1.180358 1 12.73468 1.084764 6001113 13 1 9.452938 1.654557 6001113 13 1 276 475
1 1.176288 1.010978 1.239274 1 12.80806 1.637025 6001113 13 1 2.225676 1.456307 6001113 13 1 277 325
1 1.145385 0.9245803 1.259718 1 13.83394 1.971862 6002113 13 1 18.20555 1.009092 6002113 13 1 44 43
1 1.56971 1.920896 1.202337 1 31.21888 2.274943 6002113 13 1 28.50973 1.008752 6002113 13 1 44 300
1 1.56971 1.920896 1.202337 1 31.21888 2.274943 6002113 13 1 28.50973 1.008752 6002113 13 1 44 300
1 1.15499 1.021547 1.194574 1 20.87115 1.090379 6002113 13 1 48.26378 1.129533 6002113 13 1 44 350
1 1.053247 1.09991 0.9980844 1 13.44363 1.314688 6002113 13 1 22.76569 1.302408 6002113 13 1 47 206
1 1.209625 1.112975 1.222657 1 25.04886 1.044155 6002113 13 0 1.764625 3.246883 6002113 13 1 49 295
1 1.314649 1.46568 1.173482 1 28.57877 3.135912 6002113 13 1 34.18113 1.012458 6002113 13 1 406 102
1 1.217313 1.182622 1.199648 0 33.56438 1.257458 6002113 13 1 3.485589 1.271067 6002113 13 1 406 239
1 0.9219857 1.364073 0.6240806 1 28.45176 1.137764 6001113 13 1 1.258188 1.02299 6001113 13 1 408 126
1 0.2443026 0.07741789 0.5517042 1 9.976259 1.904292 6002113 13 1 52.20458 2.306293 6002113 13 1 409 217
1 0.003497112 0.0005740048 0.02103336 1 26.7919 1.00825 6002113 13 0 147.6374 1.035566 6002113 13 1 412 291
1 1.152971 1.190243 1.109341 0 633.4062 7.893224 6003113 13 0 54.06707 1.321327 6003113 13 1 412 443
1 1.157728 1.196465 1.111764 1 7.790971 1.16581 6001113 13 1 8.802388 1.00623 6001113 13 1 413 74
1 1.191782 1.185832 1.16486 0 38.33722 3.512094 6002113 13 1 21.72516 1.13663 6002113 13 1 413 455
1 1.054444 1.13827 0.9640688 1 34.84417 1.209599 6002113 13 1 23.71161 1.018323 6002113 13 1 414 464
1 1.035838 1.098122 0.9666125 1 35.8144 1.019363 6002113 13 1 16.38455 2.190147 6002113 13 1 416 144
1 1.46424 1.680344 1.235249 1 12.59181 1.111954 6002113 13 1 36.95813 1.458107 6002113 13 1 418 164
1 0.5675248 0.271593 0.9330701 1 13.13608 1.106938 6001113 13 1 1.669021 1.232288 6001113 13 1 419 107
1 0.4205023 0.1819855 0.7484848 1 14.76132 1.0091 6002113 13 1 31.48499 1.089188 6002113 13 1 419 181
1 1.866054 2.331325 1.3979 0 698.2904 1.006886 6003113 13 1 31.11191 1.043512 6003113 13 1 420 8
1 1.227292 1.202911 1.205555 1 39.33703 1.00809 6002113 13 0 133.5089 2.247064 6002113 13 1 52 41
1 1.142868 1.177299 1.103399 1 13.16081 1.970807 6001113 13 1 2.424153 1.033347 6001113 13 1 52 262
1 1.705086 2.017803 1.363962 0 336.6468 1.485456 6003113 13 1 14.80806 1.894997 6003113 13 1 52 407
1 0.4903168 0.2233237 0.8385035 1 8.999529 1.246475 6003113 13 0 708.1479 1.008179 6003113 13 1 539 410
1 1.191782 1.185832 1.16486 1 34.04928 1.083848 6002113 13 1 35.29136 2.046582 6002113 13 1 541 147
1 1.56971 1.920896 1.202337 0 12.15071 1.156192 6002113 13 1 13.64491 2.239815 6002113 13 1 541 376
1 1.20651 1.16088 1.193521 0 19.22724 1.121404 6002113 13 1 19.48026 1.141338 6002113 13 1 542 128
1 0.114587 0.02674881 0.3330998 1 23.28681 1.023309 6002113 13 0 49.66836 1.63779 6002113 13 1 544 496
1 1.173319 1.196671 1.139395 1 20.79454 2.117476 6002113 13 1 97.6703 1.655586 6002113 13 1 545 67
1 1.15499 1.021547 1.194574 1 0.1908581 3.323809 6002113 13 1 52.75274 1.015935 6002113 13 1 545 348
1 1.705086 2.017803 1.363962 0 15.33998 1.076491 6002113 13 1 27.77962 2.081845 6002113 13 1 546 64
1 1.705086 2.017803 1.363962 0 15.33998 1.076491 6002113 13 1 27.77962 2.081845 6002113 13 1 546 64
1 1.048997 1.136673 0.9559695 1 19.06625 1.005335 6002113 13 0 85.00688 1.018825 6002113 13 1 546 154
1 1.173319 1.196671 1.139395 1 28.14808 1.010442 6002113 13 0 59.12185 1.938773 6002113 13 1 546 305
1 1.106427 1.150534 1.053346 1 13.407 1.216652 6003113 13 0 308.6761 1.255249 6003113 13 1 547 237
1 0.5279956 0.2465533 0.8852676 1 33.60849 2.181935 6002113 13 0 47.60796 1.048838 6002113 13 1 549 22
1 0.9160994 0.6007248 1.171549 1 39.12429 1.156474 6003113 13 0 1059.72 2.180309 6003113 13 1 550 208
1 0.9160994 0.6007248 1.171549 1 16.10523 1.146125 6003113 13 0 537.5054 1.047067 6003113 13 1 576 119
1 1.866054 2.331325 1.3979 1 37.5641 1.06718 6002113 13 0 59.24597 1.565858 6002113 13 1 577 382
1 1.157728 1.196465 1.111764 1 23.71735 1.180931 6002113 13 1 23.3828 1.18818 6002113 13 1 578 103
1 1.099696 0.9023142 1.195627 1 16.25968 1.410877 6002113 13 1 18.86519 1.401136 6002113 13 1 580 51
1 1.0427 1.134261 0.9473373 0 145.8908 1.735402 6002113 13 1 16.76065 1.125912 6002113 13 1 580 318
