1 1.152971 1.190243 1.109341 1 62.7369 1.502781 6002113 13 1 48.26764 2.438767 6002113 13 1 68 413
1 1.059052 1.139164 0.9715886 1 46.28854 1.111776 6002113 13 1 36.8954 1.41492 6002113 13 1 173 411
1 0.5380682 0.2637946 0.8676014 1 19.15405 1.04586 6001113 13 1 5.64484 1.141569 6001113 13 1 85 464
1 1.20651 1.16088 1.193521 0 85.35814 1.580277 6003113 13 0 80.88662 1.131758 6003113 13 1 207 195
1 1.26516 1.422013 1.117256 1 35.47326 1.440471 6002113 13 1 115.8775 1.443766 6002113 13 1 265 319
1 1.036252 1.095703 0.9699052 1 18.1806 1.37763 6001113 13 1 23.14854 1.258873 6001113 13 1 336 340
1 0.9894024 0.7036328 1.19152 1 27.07394 1.146935 6001113 13 1 19.73573 1.111755 6001113 13 1 15 93
1 1.575265 1.775696 1.383444 1 63.50686 1.125583 6002113 13 1 54.99138 2.277509 6002113 13 1 561 457
1 1.143675 1.253919 1.033471 1 46.93538 1.267301 6002113 13 1 66.51624 1.073346 6002113 13 1 341 183
1 0.747205 0.4303799 1.057145 1 38.51215 1.052789 6003113 13 1 35.03535 1.046311 6003113 13 1 468 57
1 1.206555 1.21522 1.17542 1 4.140855 1.287694 6002113 13 0 272.9711 1.129327 6002113 13 1 472 349
1 1.209625 1.112975 1.222657 1 13.26467 1.123912 6001113 13 1 13.54128 1.179443 6001113 13 1 425 196
1 1.213336 1.227995 1.180605 1 74.25486 1.166953 6002113 13 1 59.55904 3.463869 6002113 13 1 243 334
1 1.174602 1.053046 1.204645 1 23.82428 2.308707 6002113 13 1 46.33578 1.106914 6002113 13 1 304 325
1 1.213336 1.227995 1.180605 1 95.84105 1.729263 6002113 13 1 77.26421 1.201322 6002113 13 1 593 53
1 1.050919 0.8056091 1.198818 1 19.62281 1.118238 6002113 13 1 32.95205 1.056909 6002113 13 1 735 367
1 1.199401 1.201198 1.170168 1 17.12079 1.167434 6002113 13 1 23.53288 1.261528 6002113 13 1 757 119
1 1.050919 0.8056091 1.198818 1 19.12623 1.075992 6002113 13 1 32.34572 1.104969 6002113 13 1 884 222
1 0.1707681 0.04642279 0.4356818 1 51.56436 1.263957 6002113 13 1 34.07395 1.352827 6002113 13 1 223 369
1 1.314649 1.46568 1.173482 1 26.69015 1.0578 6001113 13 1 47.34688 1.135963 6001113 13 1 224 21
1 1.053247 1.09991 0.9980844 1 57.46628 1.03407 6002113 13 1 37.63392 1.203583 6002113 13 1 226 188
1 1.048836 1.548763 0.7254791 1 50.37287 1.304384 6003113 13 1 10.27534 1.10716 6003113 13 1 226 459
1 1.033406 1.101364 0.958024 1 4.129339 1.072392 6001113 13 1 18.69444 1.078712 6001113 13 1 292 405
1 0.0005685629 0.0001319998 0.002645407 1 29.46177 1.076796 6001113 13 1 25.14401 1.195011 6001113 13 1 526 419
1 0.5279956 0.2465533 0.8852676 1 61.16316 1.171171 6002113 13 1 53.87791 1.190915 6002113 13 1 922 373
1 0.5675248 0.271593 0.9330701 1 30.80689 1.28643 6001113 13 0 8.74102 4.619196 6001113 13 1 821 177
1 1.182032 1.113501 1.180358 1 18.47068 1.384111 6001113 13 1 9.277385 1.312809 6001113 13 1 803 51
1 1.46424 1.680344 1.235249 1 112.9181 1.04584 6002113 13 1 44.05437 1.059716 6002113 13 1 805 127
1 1.109295 1.155893 1.053631 1 23.13917 1.059812 6001113 13 1 11.49469 1.197698 6001113 13 1 707 154
1 1.15499 1.021547 1.194574 1 4.879427 1.22827 6001113 13 1 33.50634 1.056253 6001113 13 1 708 144
1 1.192805 1.083559 1.213989 1 82.65542 1.160039 6002113 13 1 22.8978 1.327824 6002113 13 1 578 492
1 1.217313 1.182622 1.199648 1 24.86246 2.064474 6002113 13 1 36.75822 1.971522 6002113 13 1 868 5
1 1.152501 1.258655 1.04415 1 21.66191 1.162415 6001113 13 1 22.14559 1.168967 6001113 13 1 104 3
1 1.289688 1.878288 0.892531 1 91.39877 1.090599 6002113 13 1 60.47871 1.993452 6002113 13 1 153 250
1 0.3920611 0.7237228 0.2037318 1 68.48863 1.705732 6002113 13 1 48.88235 1.075625 6002113 13 1 775 193
1 1.123647 1.241142 1.010512 1 12.36494 1.278614 6002113 13 1 105.3902 1.632083 6002113 13 1 899 364
1 0.789787 0.4650854 1.097808 1 27.4737 1.753724 6002113 13 0 71.06107 1.068251 6002113 13 1 905 483
