1 1.1849 1.214892 1.148506 1 38.48162 1.115985 1000022 11 0 53.6487 3.625461 1000022 13 1 165 72
1 1.033406 1.101364 0.958024 1 73.31895 1.988518 1000022 13 1 24.84801 2.472376 1000022 11 1 170 157
1 1.199428 1.046014 1.251733 1 28.90277 1.177289 1000022 13 1 22.44371 1.028695 1000022 13 1 9 13
1 1.179161 1.206147 1.144075 1 41.90833 1.436515 1000022 13 1 27.62757 1.00917 1000022 13 1 12 84
1 1.20651 1.16088 1.193521 1 64.39143 1.234934 1000022 13 0 51.13976 1.134699 1000022 13 1 39 3
1 1.194803 1.137859 1.187115 1 15.69021 1.209634 1000022 11 0 46.63657 1.09474 1000022 13 1 42 106
1 1.126364 0.9389989 1.211138 1 92.18298 2.764194 1000022 13 1 9.137894 1.155872 1000022 13 1 48 315
1 1.048997 1.136673 0.9559695 1 18.36966 1.45681 1000022 11 1 55.13508 1.471762 1000022 13 1 59 108
1 1.055133 1.104334 0.9975671 1 70.17171 1.410314 1000022 13 1 35.66264 1.018271 1000022 11 1 107 351
1 0.5762256 0.2893137 0.9113798 1 134.8461 1.087153 1000022 13 1 93.45348 1.210737 1000022 11 1 107 355
1 0.747205 0.4303799 1.057145 1 53.87786 1.116617 1000022 13 1 4.453051 1.119097 1000022 11 1 114 159
