1 1.063672 0.7860307 1.245813 1 346.9511 1.392054 1000022 13 1 118.0594 1.544941 1000022 13 1 176 44
1 0.4269872 0.7264097 0.2541938 1 79.55257 1.221645 1000022 13 0 57.48818 1.321976 1000022 11 1 176 47
1 1.0427 1.134261 0.9473373 1 12.06726 1.623083 1000022 11 0 60.96432 1.783993 1000022 13 1 176 259
1 1.164201 1.711426 0.8059074 1 53.7939 1.410974 1000022 13 1 15.47124 1.134522 1000022 11 1 176 372
1 1.217313 1.182622 1.199648 0 56.24596 2.516388 1000022 13 1 72.95483 1.469649 1000022 13 1 176 445
1 0.3064061 0.1093534 0.631845 0 184.1363 2.117607 1000022 11 1 75.37151 1.91534 1000022 13 1 177 28
1 1.46424 1.680344 1.235249 1 38.71676 1.275912 1000022 13 1 13.02202 1.710775 1000022 11 1 177 290
1 1.298986 1.452146 1.156092 1 78.45049 1.168482 1000022 13 1 238.6483 3.337428 1000022 11 1 177 355
1 1.176288 1.010978 1.239274 1 115.5388 1.225766 1000022 13 0 178.7768 1.910838 1000022 11 1 178 408
1 1.192805 1.083559 1.213989 1 92.61201 1.187458 1000022 13 1 204.0566 3.246114 1000022 11 1 179 120
1 1.048997 1.136673 0.9559695 1 22.24991 14.2576 1000022 11 1 51.61454 1.195152 1000022 13 1 179 322
1 1.142868 1.177299 1.103399 0 19.76062 1.968514 1000022 13 1 172.3912 3.119654 1000022 13 1 180 55
1 1.152501 1.258655 1.04415 1 38.68734 1.19141 1000022 13 0 1055.164 5.506647 1000022 13 1 180 66
1 1.149237 1.698801 0.7921503 1 154.8407 2.430109 1000022 11 1 58.076 1.636412 1000022 13 1 180 152
1 1.0427 1.134261 0.9473373 1 10.09619 1.329593 1000022 11 1 216.2139 1.623868 1000022 13 1 180 377
1 0.5762256 0.2893137 0.9113798 1 623.941 3.758261 1000022 13 1 97.54848 1.361545 1000022 13 1 180 382
1 1.298986 1.452146 1.156092 0 298.2029 1.682961 1000022 11 1 74.10587 1.591409 1000022 13 1 181 84
1 1.048997 1.136673 0.9559695 0 246.5875 4.243118 1000022 11 1 119.6933 1.454158 1000022 13 1 181 169
1 0.1363718 0.034862 0.3662451 0 625.1558 16.04822 1000022 11 1 174.7057 2.839177 1000022 13 1 182 339
1 1.26516 1.422013 1.117256 1 326.5973 1.376022 1000022 11 1 46.70881 1.621521 1000022 13 1 182 481
1 0.9894024 0.7036328 1.19152 1 36.58692 1.154167 1000022 13 1 171.0594 1.16916 1000022 11 1 183 285
1 1.112575 1.233052 0.9981722 0 25.72755 1.544104 1000022 11 1 132.7059 2.411347 1000022 13 1 183 470
1 0.8748782 0.5617447 1.136825 0 366.4851 2.341011 1000022 13 1 155.3306 2.294574 1000022 13 1 184 422
1 0.7055845 0.3974356 1.016366 1 197.6499 1.407573 1000022 13 1 93.96292 2.08433 1000022 13 1 185 202
1 1.059052 1.139164 0.9715886 1 16.74885 1.069495 1000022 11 1 31.28424 1.094823 1000022 13 1 185 409
1 1.526225 2.04983 1.080738 1 240.0978 3.644566 1000022 11 1 58.77773 1.490886 1000022 13 1 185 445
1 1.151918 0.9752633 1.225726 1 350.2566 1.254703 1000022 11 1 206.6713 1.22904 1000022 13 1 186 123
1 1.048997 1.136673 0.9559695 0 189.5782 2.958714 1000022 11 1 38.30702 1.512167 1000022 13 1 186 436
1 1.099696 0.9023142 1.195627 1 176.756 1.096013 1000022 13 1 117.5044 1.119341 1000022 13 1 186 445
1 1.206555 1.21522 1.17542 1 57.66508 2.212759 1000022 11 1 42.36811 1.688637 1000022 13 1 186 459
1 0.9517445 0.6636014 1.162862 1 35.83783 1.271201 1000022 13 0 420.1522 7.675825 1000022 13 1 187 55
1 1.329532 1.478061 1.189894 0 190.7493 1.108841 1000022 11 1 75.09354 2.51461 1000022 13 1 187 204
1 1.761918 2.058838 1.43754 0 21.99722 4.205126 1000022 11 1 54.89165 1.505085 1000022 13 1 187 304
1 1.106427 1.150534 1.053346 1 151.9793 1.600217 1000022 13 0 54.02245 7.572869 1000022 11 1 188 260
1 1.143675 1.253919 1.033471 0 28.52433 4.346548 1000022 11 1 102.893 1.136744 1000022 13 1 189 15
1 1.176288 1.010978 1.239274 0 137.8921 1.053476 1000022 11 1 114.8966 1.081698 1000022 13 1 189 19
1 1.059052 1.139164 0.9715886 0 68.08454 1.727478 1000022 13 1 45.91444 1.386827 1000022 13 1 189 329
1 1.167323 1.186361 1.134647 0 20.08261 4.668779 1000022 11 1 40.51393 1.358516 1000022 13 1 189 336
1 1.055133 1.104334 0.9975671 0 1.600802 1.084148 1000022 11 1 64.31812 2.075982 1000022 13 1 189 406
1 1.142868 1.177299 1.103399 0 124.6404 3.728649 1000022 13 1 259.5968 1.335944 1000022 13 1 190 128
1 1.550791 1.753763 1.352368 1 139.2259 1.272473 1000022 13 0 335.5386 1.245659 1000022 13 1 190 198
1 0.2443026 0.07741789 0.5517042 1 244.9789 1.570834 1000022 13 1 41.26206 4.39627 1000022 13 1 191 345
1 0.1707681 0.04642279 0.4356818 1 411.4085 1.829409 1000022 13 1 68.63845 1.31186 1000022 13 1 191 422
1 1.035838 1.098122 0.9666125 1 9.88196 1.914352 1000022 11 1 34.3095 1.802882 1000022 13 1 191 481
1 0.3458254 0.5933005 0.203245 1 46.28663 1.242732 1000022 13 1 216.2019 1.9753 1000022 11 1 191 494
1 0.2539062 0.08544197 0.5475258 1 72.79438 2.274525 1000022 13 1 78.76034 1.538109 1000022 13 1 192 326
1 0.6792043 1.500973 0.3097145 1 119.8679 1.548839 1000022 13 1 34.35313 1.588683 1000022 13 1 192 329
1 1.10316 1.145079 1.05266 1 74.34793 1.820821 1000022 13 1 108.1685 1.36464 1000022 11 1 192 413
1 1.225386 1.141194 1.230719 0 571.2423 3.797006 1000022 13 1 35.11714 3.8555 1000022 13 1 193 183
1 1.761918 2.058838 1.43754 1 127.2211 2.737707 1000022 11 1 213.151 1.454263 1000022 13 1 193 254
1 1.10316 1.145079 1.05266 1 90.48204 2.414865 1000022 13 1 159.5258 1.797076 1000022 13 1 194 39
1 1.152501 1.258655 1.04415 0 21.40058 3.026913 1000022 11 1 133.0902 2.155015 1000022 13 1 194 339
1 1.217313 1.182622 1.199648 1 98.8183 1.552365 1000022 13 0 1.315917 1.243421 1000022 11 1 195 376
1 1.059052 1.139164 0.9715886 0 328.8736 4.032945 1000022 11 1 55.58335 4.086215 1000022 13 1 196 27
1 1.298986 1.452146 1.156092 1 93.25105 1.303594 1000022 11 1 126.2655 1.213918 1000022 13 1 196 298
1 1.151918 0.9752633 1.225726 0 319.5314 3.275535 1000022 11 1 53.12144 1.377629 1000022 13 1 196 363
1 1.641128 1.972201 1.285192 1 87.67714 1.797143 1000022 13 0 9.015103 2.668557 1000022 13 1 197 171
1 1.126364 0.9389989 1.211138 0 20.73714 3.832691 1000022 11 1 93.70219 1.157587 1000022 13 1 197 211
1 0.001050436 0.0002258736 0.005613349 0 38.73763 1.671625 1000022 11 1 112.1952 2.594348 1000022 13 1 197 282
1 0.747205 0.4303799 1.057145 0 237.705 1.097324 1000022 11 1 113.8771 1.477864 1000022 13 1 197 323
1 1.152971 1.190243 1.109341 0 133.1214 1.285668 1000022 13 1 128.4134 1.476679 1000022 13 1 198 12
1 1.314649 1.46568 1.173482 1 129.5321 1.971661 1000022 13 1 122.5391 2.004625 1000022 11 1 198 302
1 0.5226254 0.8798594 0.3137767 1 114.1175 3.339525 1000022 11 1 69.581 1.704448 1000022 13 1 198 323
1 1.206555 1.21522 1.17542 1 51.52256 1.812513 1000022 13 0 68.49469 6.352361 1000022 11 1 199 80
1 1.142868 1.177299 1.103399 1 89.64103 1.310935 1000022 13 0 16.12073 1.836819 1000022 11 1 200 33
1 1.083255 0.8452013 1.220206 0 46.14149 1.515074 1000022 11 1 55.30714 1.135706 1000022 13 1 200 87
1 0.9574994 0.6410515 1.205563 0 79.40913 1.37527 1000022 13 0 26.22975 3.100391 1000022 11 1 200 263
1 1.123647 1.241142 1.010512 1 134.615 1.220508 1000022 13 1 215.9079 4.353216 1000022 13 1 200 379
1 1.056557 1.108524 0.9965968 1 60.57497 1.093658 1000022 13 1 248.036 1.985215 1000022 11 1 1 266
1 0.9574994 0.6410515 1.205563 0 178.3012 2.235062 1000022 13 1 46.11584 1.376317 1000022 13 1 2 444
1 1.123647 1.241142 1.010512 0 39.35395 6.401098 1000022 13 1 117.9518 1.721383 1000022 13 1 2 488
1 1.058012 1.115802 0.9930252 1 89.20137 1.274503 1000022 11 0 58.24552 1.571202 1000022 13 1 3 59
1 1.134034 1.248093 1.022271 1 86.54671 2.60061 1000022 11 1 123.8062 2.418893 1000022 13 1 3 132
1 1.167323 1.186361 1.134647 1 183.9074 1.185466 1000022 13 1 41.28917 1.495351 1000022 11 1 4 61
1 0.001050436 0.0002258736 0.005613349 1 106.2001 2.164853 1000022 11 1 73.02672 1.352147 1000022 13 1 4 108
1 0.2304392 0.07526134 0.508429 1 78.92034 1.596286 1000022 13 1 155.4558 1.364226 1000022 13 1 4 201
1 1.147959 1.183877 1.106546 0 314.433 4.813649 1000022 11 1 64.42854 2.1489 1000022 13 1 4 290
1 1.191782 1.185832 1.16486 0 439.349 1.24274 1000022 11 1 82.20026 1.653831 1000022 13 1 4 352
1 1.199428 1.046014 1.251733 0 218.4688 1.048655 1000022 13 1 25.42894 1.326639 1000022 13 1 4 369
1 0.003151584 0.0005086883 0.01887308 1 39.34279 1.262658 1000022 13 0 361.5414 1.316768 1000022 11 1 5 300
1 1.194803 1.137859 1.187115 1 67.32704 1.611721 1000022 13 0 253.8923 1.520889 1000022 11 1 5 454
1 1.056557 1.108524 0.9965968 1 166.9555 1.269545 1000022 13 1 240.6345 4.297571 1000022 11 1 7 23
1 1.182032 1.113501 1.180358 1 128.3914 2.116483 1000022 13 0 186.1532 1.826097 1000022 11 1 7 35
1 1.0427 1.134261 0.9473373 1 24.98315 2.018464 1000022 11 1 340.7419 1.902201 1000022 13 1 7 44
1 1.174602 1.053046 1.204645 1 93.22234 1.489422 1000022 13 0 101.0616 4.998634 1000022 11 1 7 129
1 1.147959 1.183877 1.106546 1 60.97759 1.142837 1000022 13 0 11.40809 1.618234 1000022 13 1 7 240
1 1.035838 1.098122 0.9666125 1 12.78554 1.99512 1000022 13 0 208.0175 1.726263 1000022 11 1 8 140
1 1.26516 1.422013 1.117256 1 73.46352 1.341479 1000022 13 0 228.7824 2.832629 1000022 11 1 8 160
1 1.056557 1.108524 0.9965968 1 319.2335 1.359434 1000022 13 1 82.57384 2.711483 1000022 13 1 8 161
1 1.157728 1.196465 1.111764 1 93.55688 1.156551 1000022 13 0 59.40728 1.17304 1000022 11 1 8 187
1 1.524498 1.73059 1.317664 1 73.59184 2.416365 1000022 13 0 5.21533 1.476405 1000022 11 1 8 286
1 1.282494 1.437562 1.137462 1 48.91788 1.706904 1000022 11 1 53.82257 1.28212 1000022 13 1 9 85
1 0.00526219 0.000796892 0.0301381 1 76.78213 1.201977 1000022 13 1 90.84914 1.873379 1000022 11 1 9 342
1 0.9160994 0.6007248 1.171549 1 95.01444 2.393322 1000022 11 1 193.5548 2.199178 1000022 13 1 10 137
1 1.575265 1.775696 1.383444 1 105.1147 1.754648 1000022 13 0 277.4288 1.938796 1000022 13 1 10 326
1 1.099519 1.139476 1.051563 1 63.55836 1.366928 1000022 13 0 48.55961 1.67267 1000022 13 1 10 347
1 0.6998869 0.3767799 1.045889 0 4.278571 4.259994 1000022 13 1 149.68 1.383414 1000022 13 1 12 90
1 1.199428 1.046014 1.251733 0 405.0201 5.576568 1000022 13 1 86.60197 1.53094 1000022 13 1 12 118
1 1.46424 1.680344 1.235249 0 160.705 3.998834 1000022 11 1 139.4392 1.432601 1000022 13 1 12 151
1 1.152501 1.258655 1.04415 1 51.56088 1.245545 1000022 13 0 25.09232 1.247393 1000022 11 1 12 152
1 1.126364 0.9389989 1.211138 0 257.1077 2.098101 1000022 11 1 129.7714 1.468328 1000022 13 1 12 384
1 1.179161 1.206147 1.144075 1 152.2307 3.596341 1000022 11 1 142.2391 1.157193 1000022 13 1 13 225
1 1.46424 1.680344 1.235249 0 530.9187 10.28721 1000022 13 1 92.47319 1.730066 1000022 13 1 14 7
1 1.083255 0.8452013 1.220206 0 82.02052 1.298586 1000022 13 1 229.5112 2.437128 1000022 13 1 14 116
1 0.2208223 0.06788179 0.510611 1 34.26713 2.294112 1000022 11 1 208.5712 1.492583 1000022 13 1 14 276
1 1.059052 1.139164 0.9715886 0 21.13814 7.828333 1000022 13 1 66.82998 1.541359 1000022 13 1 14 281
1 1.058012 1.115802 0.9930252 1 117.3124 1.770211 1000022 13 0 421.2181 11.8235 1000022 13 1 14 315
1 1.099696 0.9023142 1.195627 1 75.60101 2.402854 1000022 11 0 82.75881 1.624899 1000022 13 1 14 434
1 1.217313 1.182622 1.199648 1 98.42969 1.26804 1000022 13 1 142.4958 1.629596 1000022 11 1 15 20
1 1.143675 1.253919 1.033471 0 297.8521 2.779143 1000022 13 1 68.28157 2.046343 1000022 13 1 15 27
1 1.199401 1.201198 1.170168 1 34.99041 2.579744 1000022 11 1 29.29507 3.666019 1000022 13 1 15 461
1 1.048836 1.548763 0.7254791 1 136.0061 2.0791 1000022 13 0 125.4214 4.266225 1000022 11 1 16 25
1 1.152501 1.258655 1.04415 1 33.73387 1.506163 1000022 13 1 23.54341 1.128281 1000022 11 1 16 42
1 0.4544891 0.2018274 0.792879 1 235.7191 1.456 1000022 13 1 67.56242 1.21414 1000022 13 1 16 270
1 1.176288 1.010978 1.239274 1 38.26652 1.806098 1000022 13 1 261.5866 1.502864 1000022 11 1 16 334
1 1.282494 1.437562 1.137462 1 115.12 1.088606 1000022 11 1 99.03471 1.951339 1000022 13 1 16 394
1 1.405111 1.934095 0.9833891 1 54.93909 1.614397 1000022 13 0 188.2208 1.628223 1000022 11 1 16 488
1 1.566869 2.206142 1.088645 1 79.74399 1.300826 1000022 13 0 86.51616 2.55086 1000022 11 1 17 162
1 1.225386 1.141194 1.230719 0 11.41304 6.929188 1000022 11 1 46.37051 1.112873 1000022 13 1 17 452
1 1.099519 1.139476 1.051563 0 11.39675 12.42859 1000022 11 1 134.8997 2.062275 1000022 13 1 17 487
1 1.057513 1.112379 0.9951048 1 52.47963 1.236624 1000022 13 1 103.8031 1.544386 1000022 13 1 18 267
1 1.062846 1.139449 0.9784784 1 118.6712 1.985418 1000022 11 1 144.9634 1.41797 1000022 13 1 18 394
1 1.137649 1.170432 1.099925 1 29.32504 1.19245 1000022 11 1 76.6991 1.923145 1000022 13 1 19 98
1 0.3170899 0.1198369 0.6261138 0 803.3118 1.22093 1000022 11 1 23.33873 1.047089 1000022 13 1 19 393
1 0.03472439 0.005924022 0.1396847 1 59.89588 1.129035 1000022 13 0 515.2122 1.134992 1000022 11 1 19 438
1 1.048997 1.136673 0.9559695 0 385.7012 1.548832 1000022 11 1 39.93092 1.405118 1000022 13 1 20 92
1 0.4544891 0.2018274 0.792879 1 48.07222 1.121192 1000022 13 1 148.5562 1.5525 1000022 13 1 20 179
1 1.112575 1.233052 0.9981722 0 168.8962 3.133117 1000022 11 1 61.79089 1.570283 1000022 13 1 20 471
1 1.314649 1.46568 1.173482 1 103.6393 1.096527 1000022 13 0 439.7707 1.222993 1000022 11 1 21 78
1 0.01536516 0.002346602 0.07345495 1 80.33003 1.385662 1000022 11 1 87.86317 1.399283 1000022 13 1 22 118
1 1.057513 1.112379 0.9951048 1 205.4461 1.341324 1000022 13 0 113.5407 1.353708 1000022 13 1 22 306
1 1.56971 1.920896 1.202337 1 44.27409 1.278344 1000022 13 0 72.57585 7.997139 1000022 11 1 22 478
1 1.151918 0.9752633 1.225726 1 45.2047 1.10121 1000022 13 0 335.429 1.685092 1000022 11 1 23 41
1 1.059052 1.139164 0.9715886 1 22.46229 2.335811 1000022 13 1 149.0923 1.983689 1000022 11 1 23 311
1 1.405111 1.934095 0.9833891 1 77.11399 1.145733 1000022 13 0 48.7636 2.176855 1000022 11 1 23 404
1 0.4445066 0.7265916 0.2710897 1 17.49093 1.166435 1000022 11 1 61.58482 1.404809 1000022 13 1 24 6
1 1.026751 0.7444853 1.219196 0 75.5798 2.78756 1000022 13 0 31.86243 21.79199 1000022 13 1 24 81
1 1.524498 1.73059 1.317664 0 594.4554 1.66937 1000022 11 1 49.86757 1.316659 1000022 13 1 24 280
1 0.9517445 0.6636014 1.162862 0 1.79674 1.846171 1000022 11 1 244.7855 1.347297 1000022 13 1 25 282
1 0.7934737 0.4881172 1.065644 1 29.36865 4.870344 1000022 11 1 113.3313 6.509932 1000022 13 1 27 23
1 1.56971 1.920896 1.202337 1 53.93899 1.496841 1000022 13 1 5.687635 1.096032 1000022 11 1 27 57
1 1.282494 1.437562 1.137462 1 130.8047 1.409926 1000022 13 1 88.79843 1.700608 1000022 13 1 27 109
1 1.123647 1.241142 1.010512 0 182.8439 2.681056 1000022 13 0 401.0428 3.642356 1000022 13 1 27 302
1 1.182032 1.113501 1.180358 0 284.3597 1.113313 1000022 11 1 69.90302 2.878273 1000022 13 1 28 119
1 0.1014541 0.02299071 0.3029553 1 71.18773 1.802663 1000022 13 1 239.4344 1.382464 1000022 13 1 28 133
1 1.75908 2.248522 1.290011 1 140.4657 1.091391 1000022 13 0 92.76264 2.449661 1000022 13 1 28 275
1 1.174602 1.053046 1.204645 0 88.60558 1.462407 1000022 13 1 101.478 1.759966 1000022 13 1 29 277
1 1.056557 1.108524 0.9965968 1 7.295876 3.737973 1000022 13 1 192.1608 1.635841 1000022 13 1 29 281
1 1.099696 0.9023142 1.195627 0 88.67934 1.758462 1000022 11 1 37.20411 1.48673 1000022 13 1 30 10
1 1.524498 1.73059 1.317664 0 11.52479 1.295239 1000022 11 1 210.4693 1.183387 1000022 13 1 31 9
1 0.1707681 0.04642279 0.4356818 0 89.59725 9.201582 1000022 11 1 52.57428 1.808859 1000022 13 1 31 20
1 0.01536516 0.002346602 0.07345495 1 68.6142 1.18947 1000022 13 1 135.0319 1.123126 1000022 11 1 31 38
1 1.206555 1.21522 1.17542 1 335.2525 1.55558 1000022 13 0 53.6797 3.921561 1000022 11 1 31 407
1 1.152501 1.258655 1.04415 1 61.08002 1.677138 1000022 13 0 96.23036 1.404003 1000022 11 1 31 474
1 1.298986 1.452146 1.156092 1 83.34407 1.127387 1000022 13 0 193.0134 1.896762 1000022 11 1 32 255
1 0.4903168 0.2233237 0.8385035 1 42.89016 1.312518 1000022 13 1 273.1027 2.07729 1000022 13 1 32 309
1 1.054444 1.13827 0.9640688 1 53.60143 1.063488 1000022 13 0 77.22157 1.232752 1000022 13 1 32 353
1 1.314649 1.46568 1.173482 0 145.9254 1.32731 1000022 11 1 67.04543 1.369479 1000022 13 1 32 369
1 0.5675248 0.271593 0.9330701 0 6.787681 1.373133 1000022 13 1 97.18884 1.87431 1000022 13 1 32 404
1 1.761918 2.058838 1.43754 1 141.9538 1.300387 1000022 13 0 95.37855 2.76597 1000022 11 1 33 156
1 1.114777 0.884905 1.24054 1 62.63997 1.497421 1000022 13 1 25.28385 1.298397 1000022 13 1 33 171
1 1.095596 1.133769 1.050051 1 62.25861 1.122003 1000022 13 0 288.389 2.075167 1000022 11 1 33 301
1 1.036252 1.095703 0.9699052 0 281.9182 1.728084 1000022 11 1 93.42254 2.603409 1000022 13 1 33 364
1 1.199428 1.046014 1.251733 1 58.50109 1.620967 1000022 11 1 37.97513 1.323117 1000022 13 1 33 430
1 0.3920611 0.7237228 0.2037318 1 59.20484 2.161473 1000022 13 1 9.896318 1.77822 1000022 13 1 33 488
1 1.705086 2.017803 1.363962 1 194.8527 1.935124 1000022 13 1 320.0059 2.068475 1000022 11 1 34 36
1 1.199428 1.046014 1.251733 0 108.616 1.828763 1000022 11 1 79.10055 1.378615 1000022 13 1 34 217
1 1.209625 1.112975 1.222657 1 78.31375 1.422233 1000022 13 1 31.18219 1.359039 1000022 11 1 34 353
1 1.050919 0.8056091 1.198818 1 144.6364 2.014263 1000022 13 0 706.2646 1.088847 1000022 11 1 35 30
1 1.034916 1.100018 0.9626585 0 21.75803 2.334542 1000022 13 1 112.1425 2.466847 1000022 13 1 35 226
1 0.03472439 0.005924022 0.1396847 1 94.28734 2.51122 1000022 13 1 112.504 1.878201 1000022 11 1 35 342
1 1.026751 0.7444853 1.219196 1 150.8236 1.148869 1000022 13 1 263.4769 1.501801 1000022 11 1 36 171
1 0.04601344 0.008200601 0.1755223 1 229.5517 2.357738 1000022 11 1 150.7954 1.976533 1000022 13 1 36 304
1 0.3767309 0.1505117 0.7131262 0 45.40765 1.905916 1000022 11 1 55.03573 1.499347 1000022 13 1 36 486
1 0.665028 0.3662483 0.9755856 1 63.8774 1.419227 1000022 13 0 166.3305 1.973554 1000022 13 1 37 198
1 0.6235333 0.981489 0.3895437 1 497.7762 1.748092 1000022 13 1 135.6759 1.309897 1000022 13 1 37 228
1 1.199428 1.046014 1.251733 1 58.11992 1.12983 1000022 13 0 25.60031 3.803101 1000022 11 1 38 30
1 0.8200224 1.218482 0.5472287 1 336.3196 2.279452 1000022 11 0 57.24733 1.228074 1000022 13 1 38 58
1 1.575265 1.775696 1.383444 1 60.39969 1.341323 1000022 11 1 161.2922 1.509792 1000022 13 1 38 332
1 0.789787 0.4650854 1.097808 0 104.9853 2.082947 1000022 11 1 133.9267 1.751066 1000022 13 1 38 463
1 1.190567 1.223018 1.152597 0 269.4103 2.484303 1000022 11 1 257.8745 1.941518 1000022 13 1 39 364
1 0.04957241 0.009268439 0.1791508 1 274.8977 2.631392 1000022 13 1 90.47733 1.879157 1000022 13 1 39 445
1 1.137649 1.170432 1.099925 1 35.49953 1.298805 1000022 13 0 367.9914 1.307042 1000022 11 1 40 35
1 1.143675 1.253919 1.033471 1 70.2777 1.393775 1000022 13 0 262.1752 2.477458 1000022 13 1 40 41
1 0.03009876 0.005032814 0.1242768 1 210.1189 1.955073 1000022 13 1 166.5597 1.413597 1000022 11 1 40 147
1 1.46424 1.680344 1.235249 1 69.62736 1.814611 1000022 13 1 11.28915 1.319314 1000022 13 1 40 288
1 1.1849 1.214892 1.148506 1 130.2759 1.427981 1000022 13 1 36.77935 1.583914 1000022 13 1 40 365
1 1.183608 1.169262 1.159476 1 237.8096 3.072568 1000022 13 1 129.5646 1.562561 1000022 13 1 41 85
1 0.665028 0.3662483 0.9755856 1 89.36851 1.492869 1000022 13 1 22.76952 4.718079 1000022 13 1 41 199
1 0.4205023 0.1819855 0.7484848 1 96.50756 1.464831 1000022 13 0 178.8873 2.135347 1000022 11 1 42 25
1 1.106427 1.150534 1.053346 1 69.6916 1.439339 1000022 13 1 126.31 1.36983 1000022 11 1 42 261
1 1.054444 1.13827 0.9640688 1 79.29678 1.100945 1000022 13 1 173.5243 84.20715 1000022 11 1 42 264
1 1.10316 1.145079 1.05266 1 166.8615 1.188965 1000022 13 1 53.21449 6.606613 1000022 13 1 42 278
1 1.054444 1.13827 0.9640688 1 92.30443 1.663492 1000022 13 0 214.7118 2.281885 1000022 13 1 42 333
1 1.123647 1.241142 1.010512 1 39.63929 2.933942 1000022 11 1 19.41267 1.177817 1000022 13 1 43 154
1 1.191782 1.185832 1.16486 1 80.38477 1.4417 1000022 13 1 13.91229 1.411236 1000022 13 1 43 382
1 1.575265 1.775696 1.383444 1 77.60897 1.269759 1000022 13 1 21.92952 1.199483 1000022 13 1 44 75
1 1.048836 1.548763 0.7254791 0 12.71798 1.522046 1000022 11 1 132.8251 1.16256 1000022 13 1 44 175
1 1.298986 1.452146 1.156092 1 50.03782 3.521023 1000022 13 1 360.9514 1.671646 1000022 11 1 44 237
1 1.174602 1.053046 1.204645 1 159.8949 1.383539 1000022 11 0 52.42337 1.813687 1000022 13 1 45 208
1 1.314649 1.46568 1.173482 1 47.43583 1.07628 1000022 13 0 46.03887 2.591155 1000022 11 1 45 254
1 1.055133 1.104334 0.9975671 1 157.9053 1.594432 1000022 13 0 558.6223 6.836915 1000022 13 1 45 292
1 0.9160994 0.6007248 1.171549 0 139.6499 2.290421 1000022 11 1 182.0569 1.33782 1000022 13 1 45 403
1 0.2304392 0.07526134 0.508429 1 54.45314 1.344953 1000022 13 0 442.5958 1.359957 1000022 11 1 45 465
1 1.149237 1.698801 0.7921503 1 56.17097 1.168948 1000022 13 0 1115.385 1.192798 1000022 11 1 46 166
1 1.152971 1.190243 1.109341 0 286.2855 2.184631 1000022 11 1 115.2923 1.711892 1000022 13 1 46 338
1 1.059052 1.139164 0.9715886 0 362.3557 1.880722 1000022 11 1 50.97333 2.354085 1000022 13 1 46 374
1 1.152501 1.258655 1.04415 1 41.72324 1.166637 1000022 11 1 221.0969 1.716937 1000022 13 1 47 185
1 0.6571895 0.3457574 1.000641 0 464.3541 1.430648 1000022 11 1 102.67 1.102957 1000022 13 1 48 60
1 1.15499 1.021547 1.194574 0 258.8266 1.897982 1000022 13 1 105.9109 1.935987 1000022 13 1 48 154
1 1.028816 2.178673 0.4767559 0 287.6747 1.282991 1000022 13 1 33.93172 1.469019 1000022 13 1 48 335
1 1.134034 1.248093 1.022271 0 239.8757 1.607843 1000022 13 1 184.695 1.916661 1000022 13 1 48 341
1 1.75908 2.248522 1.290011 1 99.7001 1.697733 1000022 13 1 4.173887 1.518984 1000022 11 1 49 84
1 0.8748782 0.5617447 1.136825 1 27.69096 1.461812 1000022 13 0 287.1298 1.127452 1000022 13 1 49 187
1 1.0427 1.134261 0.9473373 1 50.69868 1.634317 1000022 13 0 135.2378 1.636694 1000022 11 1 49 288
1 1.550791 1.753763 1.352368 0 119.7352 1.791944 1000022 11 0 208.1173 2.632698 1000022 13 1 49 443
1 1.761918 2.058838 1.43754 0 142.2065 3.6426 1000022 11 1 237.4977 2.463422 1000022 13 1 50 227
1 1.190567 1.223018 1.152597 1 68.36171 1.218588 1000022 13 0 26.81273 1.289127 1000022 11 1 50 317
1 1.026751 0.7444853 1.219196 1 73.55949 1.456787 1000022 13 1 101.124 1.8836 1000022 11 1 50 338
1 1.167323 1.186361 1.134647 1 34.78568 1.108794 1000022 13 0 407.8516 2.51035 1000022 11 1 50 376
1 0.5279956 0.2465533 0.8852676 0 53.81667 2.653825 1000022 13 1 95.04021 1.848196 1000022 13 1 51 148
1 0.1786235 0.3910689 0.1030457 1 86.41026 3.354311 1000022 13 0 58.61687 2.741504 1000022 11 1 51 328
1 1.099519 1.139476 1.051563 1 255.7462 4.648308 1000022 11 1 225.727 1.462861 1000022 13 1 51 355
1 1.314649 1.46568 1.173482 1 95.32321 1.26296 1000022 13 0 119.8855 1.821031 1000022 11 1 52 238
1 1.109295 1.155893 1.053631 1 58.83218 1.41063 1000022 13 0 90.89167 1.9034 1000022 13 1 52 383
1 1.106427 1.150534 1.053346 0 98.2278 6.297274 1000022 11 1 70.93861 1.136225 1000022 13 1 53 201
1 1.761918 2.058838 1.43754 1 498.8025 1.724177 1000022 11 1 40.18654 1.148514 1000022 13 1 53 231
1 1.26516 1.422013 1.117256 1 124.2435 1.421347 1000022 13 1 12.23018 1.247137 1000022 11 1 53 321
1 1.217313 1.182622 1.199648 1 82.56091 2.159781 1000022 13 1 1.239988 1.13691 1000022 13 1 54 135
1 1.42456 2.044705 0.9864829 1 60.89949 1.311435 1000022 11 1 89.01631 1.619742 1000022 13 1 54 148
1 1.083255 0.8452013 1.220206 0 291.5377 1.250545 1000022 13 1 81.41275 1.164761 1000022 13 1 54 482
1 1.209625 1.112975 1.222657 1 109.9987 2.058088 1000022 11 1 312.8507 2.799534 1000022 13 1 55 138
1 1.143675 1.253919 1.033471 1 90.09583 1.365559 1000022 13 0 306.6162 1.125713 1000022 11 1 55 381
1 1.035838 1.098122 0.9666125 0 284.6541 1.283657 1000022 13 1 63.67901 1.234432 1000022 13 1 56 116
1 1.034916 1.100018 0.9626585 1 154.7184 1.465003 1000022 13 0 433.8673 2.237274 1000022 13 1 56 222
1 1.017868 0.7662661 1.176325 1 55.00038 1.27369 1000022 13 1 264.0941 1.710679 1000022 11 1 56 243
1 1.550791 1.753763 1.352368 0 18.98103 1.533595 1000022 11 1 64.71806 1.259439 1000022 13 1 56 331
1 0.4094664 0.1680855 0.7591912 1 116.6997 1.46601 1000022 13 0 492.6336 1.705073 1000022 13 1 56 344
1 0.6679293 1.172073 0.374902 1 21.79897 1.220102 1000022 13 0 195.275 1.286389 1000022 11 1 56 477
1 1.225386 1.141194 1.230719 1 98.15662 1.259677 1000022 13 1 10.06466 5.301404 1000022 13 1 57 215
1 1.641128 1.972201 1.285192 1 0.7328519 2.71734 1000022 11 1 60.17072 1.216649 1000022 13 1 57 261
1 1.167323 1.186361 1.134647 0 61.2523 5.84014 1000022 11 1 111.3268 1.526641 1000022 13 1 58 11
1 1.031225 1.102163 0.9526981 1 54.14651 2.098134 1000022 11 1 123.0123 1.181463 1000022 13 1 58 173
1 1.213336 1.227995 1.180605 1 78.81818 1.473279 1000022 13 1 104.3991 2.601172 1000022 13 1 58 300
1 1.112575 1.233052 0.9981722 1 76.3336 1.158221 1000022 11 1 88.10636 1.455384 1000022 13 1 58 301
1 1.048836 1.548763 0.7254791 1 26.9242 1.201679 1000022 11 1 31.21213 1.363371 1000022 13 1 58 306
1 1.199401 1.201198 1.170168 1 110.1938 2.391976 1000022 13 0 255.9283 5.375807 1000022 11 1 59 2
1 1.145385 0.9245803 1.259718 1 279.2816 1.720897 1000022 11 1 41.28303 1.251331 1000022 13 1 59 145
1 0.07905591 0.01690496 0.2492307 1 104.9894 2.136801 1000022 13 1 187.2371 3.758863 1000022 11 1 59 147
1 0.9517445 0.6636014 1.162862 1 62.4819 1.350374 1000022 13 0 218.5163 1.243551 1000022 13 1 59 207
1 1.15499 1.021547 1.194574 1 104.3883 1.216884 1000022 13 0 152.081 2.858474 1000022 11 1 59 225
1 1.106427 1.150534 1.053346 1 215.8245 1.455758 1000022 11 1 105.9754 1.57078 1000022 13 1 59 277
1 0.4903168 0.2233237 0.8385035 1 404.1699 3.788489 1000022 11 1 37.69088 1.214206 1000022 13 1 59 279
1 1.26516 1.422013 1.117256 0 127.1219 1.399488 1000022 11 0 107.409 3.088932 1000022 13 1 59 281
1 0.2208223 0.06788179 0.510611 0 67.25172 2.033683 1000022 11 1 40.85737 1.514156 1000022 13 1 60 134
1 1.329532 1.478061 1.189894 1 177.3628 4.211679 1000022 13 0 267.5723 1.117443 1000022 11 1 60 257
1 1.151918 0.9752633 1.225726 1 65.27068 1.900456 1000022 13 1 246.8248 4.734877 1000022 13 1 60 391
1 1.199401 1.201198 1.170168 0 230.184 1.178783 1000022 11 1 41.12165 1.191171 1000022 13 1 60 413
1 1.083255 0.8452013 1.220206 1 78.29671 1.178264 1000022 13 1 64.66851 2.005435 1000022 11 1 61 27
1 1.055133 1.104334 0.9975671 1 56.02452 7.289402 1000022 11 1 83.10659 1.537001 1000022 13 1 61 47
1 1.033406 1.101364 0.958024 1 92.47218 1.166147 1000022 13 1 48.61986 2.47212 1000022 11 1 61 99
1 0.03472439 0.005924022 0.1396847 0 110.9814 1.537506 1000022 13 0 54.50418 4.262055 1000022 11 1 61 111
1 1.213336 1.227995 1.180605 0 428.3858 2.658763 1000022 13 1 66.1629 1.652023 1000022 13 1 61 253
1 1.137649 1.170432 1.099925 0 122.6073 14.69895 1000022 13 1 90.50641 1.949397 1000022 13 1 62 334
1 1.182032 1.113501 1.180358 1 25.83138 1.457245 1000022 11 1 54.1955 1.200319 1000022 13 1 62 449
1 1.054444 1.13827 0.9640688 1 2.346431 3.706844 1000022 11 1 158.3681 1.228139 1000022 13 1 62 464
1 1.123647 1.241142 1.010512 0 37.12243 4.247033 1000022 11 1 35.87376 1.729518 1000022 13 1 63 67
1 1.062846 1.139449 0.9784784 1 88.49916 1.400779 1000022 13 1 66.94734 1.477203 1000022 11 1 63 130
1 0.1363718 0.034862 0.3662451 1 71.70944 1.091059 1000022 13 0 2.687789 1.904726 1000022 13 1 63 315
1 0.9517445 0.6636014 1.162862 1 271.2952 1.779004 1000022 13 1 107.0067 2.599939 1000022 13 1 63 362
1 1.167323 1.186361 1.134647 1 143.2896 1.69758 1000022 11 1 99.74574 1.503741 1000022 13 1 63 364
1 0.2961935 0.2882266 0.2535532 1 37.68028 1.79841 1000022 11 1 76.34538 1.619067 1000022 13 1 64 66
1 1.063672 0.7860307 1.245813 1 43.078 2.850886 1000022 13 0 183.0154 2.166476 1000022 11 1 64 407
1 0.6998869 0.3767799 1.045889 1 41.74915 1.377111 1000022 13 0 9.318472 1.290652 1000022 13 1 64 464
1 1.761918 2.058838 1.43754 0 55.83425 4.188036 1000022 11 1 151.9194 1.755985 1000022 13 1 65 267
1 1.114777 0.884905 1.24054 0 511.8607 4.49831 1000022 11 1 79.10499 2.229784 1000022 13 1 66 326
1 1.054444 1.13827 0.9640688 0 453.8441 2.210189 1000022 11 1 97.61901 1.191214 1000022 13 1 66 388
1 0.9160994 0.6007248 1.171549 1 141.3461 2.256351 1000022 13 0 73.71618 2.239151 1000022 11 1 66 409
1 1.062846 1.139449 0.9784784 1 49.0799 1.503767 1000022 13 0 75.0676 1.738539 1000022 11 1 67 325
1 1.112575 1.233052 0.9981722 0 439.3477 1.345161 1000022 11 1 99.25398 3.013953 1000022 13 1 67 477
1 1.112575 1.233052 0.9981722 1 297.617 3.194673 1000022 13 1 30.62103 3.86245 1000022 11 1 68 73
1 1.174602 1.053046 1.204645 1 258.966 2.551329 1000022 13 0 0.4538942 1.941887 1000022 11 1 68 443
1 0.1014541 0.02299071 0.3029553 1 14.36357 1.866517 1000022 11 1 42.67628 1.491883 1000022 13 1 69 247
1 1.524498 1.73059 1.317664 0 305.4983 1.969935 1000022 11 1 43.43029 1.237549 1000022 13 1 69 285
1 1.0427 1.134261 0.9473373 1 257.0821 1.665874 1000022 13 1 382.0201 2.061382 1000022 11 1 69 424
1 0.8339615 0.5241884 1.101491 1 45.67537 1.781997 1000022 13 1 19.20611 2.257935 1000022 13 1 69 458
1 1.575265 1.775696 1.383444 1 68.48886 1.213379 1000022 13 0 2.911446 1.27429 1000022 11 1 69 497
1 0.4544891 0.2018274 0.792879 0 379.5414 1.380493 1000022 11 1 55.5749 2.068356 1000022 13 1 70 2
1 1.10316 1.145079 1.05266 1 102.5297 1.85295 1000022 13 1 501.3692 2.543274 1000022 11 1 70 34
1 1.705086 2.017803 1.363962 1 83.87365 1.466956 1000022 13 1 60.01722 1.570077 1000022 11 1 70 226
1 0.1610681 0.04515641 0.4007308 0 475.219 1.014794 1000022 13 1 49.43259 1.448052 1000022 13 1 70 429
1 0.4903168 0.2233237 0.8385035 0 419.4315 6.411069 1000022 11 1 42.00023 1.192544 1000022 13 1 70 449
1 1.026751 0.7444853 1.219196 1 49.81766 1.267853 1000022 11 1 138.5335 1.235083 1000022 13 1 71 311
1 0.8332192 0.5015442 1.138243 1 65.9708 1.336158 1000022 13 1 203.4658 1.404726 1000022 11 1 72 16
1 1.157728 1.196465 1.111764 0 798.3303 2.737883 1000022 11 1 31.81009 1.365652 1000022 13 1 72 184
1 1.056557 1.108524 0.9965968 1 39.78857 1.653631 1000022 13 1 62.69926 3.38173 1000022 11 1 72 232
1 1.048997 1.136673 0.9559695 1 11.27973 1.91686 1000022 13 1 155.0254 1.180823 1000022 13 1 72 265
1 1.152971 1.190243 1.109341 1 137.3026 2.107494 1000022 13 0 118.4913 1.215236 1000022 11 1 72 402
1 1.123647 1.241142 1.010512 1 87.72034 1.362756 1000022 13 0 191.9713 12.53915 1000022 11 1 72 491
1 1.217313 1.182622 1.199648 1 116.5023 1.33457 1000022 13 0 99.85976 2.82926 1000022 11 1 73 45
1 0.008972122 0.001331868 0.04754584 0 230.8774 2.404933 1000022 11 1 100.3658 1.492845 1000022 13 1 73 90
1 1.017868 0.7662661 1.176325 1 53.9362 1.757083 1000022 13 0 567.1342 1.341661 1000022 13 1 73 201
1 1.209625 1.112975 1.222657 1 92.35146 1.650201 1000022 11 1 247.0242 2.064393 1000022 13 1 73 454
1 0.665028 0.3662483 0.9755856 0 58.28045 2.399106 1000022 11 1 212.5172 1.348321 1000022 13 1 74 136
1 1.143675 1.253919 1.033471 1 34.97643 1.75592 1000022 11 1 206.653 1.620869 1000022 13 1 74 215
1 1.167323 1.186361 1.134647 1 77.22763 1.623241 1000022 13 0 419.0052 2.535336 1000022 11 1 74 318
1 1.173319 1.196671 1.139395 1 66.15898 1.420081 1000022 13 0 82.62122 21.50576 1000022 11 1 74 393
1 0.9574994 0.6410515 1.205563 1 68.23331 1.236591 1000022 13 1 12.39236 2.214589 1000022 13 1 74 436
1 0.9219857 1.364073 0.6240806 1 97.96537 1.337984 1000022 13 0 30.57749 10.85047 1000022 11 1 75 164
1 1.182032 1.113501 1.180358 1 26.24748 1.159555 1000022 13 1 147.8027 1.103761 1000022 11 1 75 301
1 0.6342273 1.05356 0.3835326 1 75.48574 1.329771 1000022 13 1 116.6613 1.492993 1000022 13 1 76 9
1 0.02071812 0.003240969 0.0945363 0 270.0725 1.7784 1000022 13 1 70.07216 1.401477 1000022 13 1 76 16
1 1.035838 1.098122 0.9666125 1 55.71856 1.234495 1000022 13 0 121.6707 1.484499 1000022 13 1 77 61
1 0.8200224 1.218482 0.5472287 1 39.2262 1.338782 1000022 13 1 67.64929 1.34144 1000022 13 1 77 100
1 1.048997 1.136673 0.9559695 1 68.28631 1.53808 1000022 13 0 88.84241 2.718957 1000022 11 1 77 129
1 0.789787 0.4650854 1.097808 1 292.4138 4.405648 1000022 13 1 154.2277 3.139783 1000022 13 1 77 150
1 1.083255 0.8452013 1.220206 0 178.0971 1.392046 1000022 11 1 114.5278 1.221358 1000022 13 1 78 472
1 1.123647 1.241142 1.010512 1 193.1243 2.958066 1000022 13 1 90.94344 1.540849 1000022 13 1 79 97
1 0.5380682 0.2637946 0.8676014 1 158.9506 2.179574 1000022 11 1 29.51264 1.057138 1000022 13 1 80 188
1 1.575265 1.775696 1.383444 0 128.5474 11.61341 1000022 13 1 86.02697 2.054756 1000022 13 1 80 205
1 1.109295 1.155893 1.053631 1 69.82015 1.318155 1000022 13 0 146.6176 2.221079 1000022 11 1 81 21
1 1.099519 1.139476 1.051563 1 19.97682 1.376232 1000022 11 1 39.55341 1.355302 1000022 13 1 81 191
1 1.137649 1.170432 1.099925 0 160.9261 1.256889 1000022 11 1 87.4379 2.288489 1000022 13 1 81 251
1 1.179161 1.206147 1.144075 1 75.95338 1.138712 1000022 13 0 201.8739 4.651639 1000022 13 1 82 125
1 0.747205 0.4303799 1.057145 1 127.2261 3.017367 1000022 13 1 56.76711 1.663586 1000022 13 1 82 219
1 1.15499 1.021547 1.194574 1 103.5205 1.081946 1000022 13 1 118.7798 1.7326 1000022 11 1 82 357
1 1.149237 1.698801 0.7921503 0 265.8897 1.06548 1000022 11 1 48.54089 1.020226 1000022 13 1 82 448
1 1.126364 0.9389989 1.211138 1 77.55575 1.087483 1000022 13 0 100.6114 1.106133 1000022 11 1 83 21
1 0.747205 0.4303799 1.057145 1 235.2685 1.275469 1000022 13 1 148.3013 2.653426 1000022 13 1 83 158
1 1.575265 1.775696 1.383444 0 167.4922 2.343947 1000022 11 1 49.8303 2.187986 1000022 13 1 83 223
1 1.42456 2.044705 0.9864829 1 262.7829 1.665224 1000022 13 1 492.6507 2.300934 1000022 11 1 83 417
1 1.566869 2.206142 1.088645 1 78.58187 1.241377 1000022 13 1 178.772 2.446803 1000022 13 1 84 228
1 1.134034 1.248093 1.022271 1 175.3305 5.082102 1000022 13 1 130.7446 3.374392 1000022 13 1 84 378
1 1.058012 1.115802 0.9930252 1 58.36686 1.247105 1000022 13 0 96.45494 1.461816 1000022 11 1 84 497
1 1.095596 1.133769 1.050051 1 131.736 1.543215 1000022 13 1 45.74735 1.245232 1000022 13 1 85 89
1 1.191782 1.185832 1.16486 1 31.17234 1.399375 1000022 13 0 240.2391 2.587913 1000022 11 1 85 141
1 0.277155 0.4798076 0.1597663 0 124.5884 2.525004 1000022 13 0 131.9651 5.723928 1000022 11 1 85 235
1 0.1527629 0.0402692 0.399808 0 107.8517 2.114314 1000022 13 0 180.572 2.821435 1000022 11 1 85 330
1 1.152501 1.258655 1.04415 1 211.4659 1.764404 1000022 13 1 74.77979 1.07073 1000022 13 1 86 462
1 0.2878669 0.552692 0.143025 1 111.8336 2.056845 1000022 13 0 35.70382 1.18653 1000022 13 1 86 493
1 1.524498 1.73059 1.317664 0 217.4805 1.225446 1000022 11 1 97.79097 1.582877 1000022 13 1 87 73
1 0.1363718 0.034862 0.3662451 1 161.9506 1.548215 1000022 13 1 36.78324 1.310158 1000022 13 1 87 136
1 0.9219857 1.364073 0.6240806 1 83.22456 1.09357 1000022 13 1 117.0085 2.139755 1000022 13 1 87 191
1 1.031225 1.102163 0.9526981 0 257.1593 4.694768 1000022 11 1 66.03112 1.248763 1000022 13 1 87 324
1 1.056557 1.108524 0.9965968 1 120.4776 1.180927 1000022 13 0 13.9613 6.218139 1000022 13 1 87 343
1 0.3355998 0.123277 0.6770892 1 85.46264 1.744369 1000022 11 1 159.9718 1.656899 1000022 13 1 87 369
1 1.112575 1.233052 0.9981722 1 51.33592 1.224357 1000022 13 1 15.94328 1.559441 1000022 11 1 87 444
1 1.112575 1.233052 0.9981722 1 254.7257 1.589506 1000022 13 1 111.6875 1.165854 1000022 13 1 88 248
1 1.194803 1.137859 1.187115 0 542.1423 1.451272 1000022 11 1 74.24757 1.424065 1000022 13 1 88 287
1 1.0427 1.134261 0.9473373 1 137.3909 1.423718 1000022 13 1 315.9483 2.340999 1000022 13 1 89 27
1 1.20651 1.16088 1.193521 0 92.22359 1.976954 1000022 13 0 3.88906 1.48183 1000022 13 1 89 205
1 1.109295 1.155893 1.053631 0 67.31009 3.446817 1000022 11 1 190.7163 1.813083 1000022 13 1 89 289
1 0.4205023 0.1819855 0.7484848 1 139.3385 2.00765 1000022 13 1 515.6185 1.789027 1000022 13 1 89 418
1 1.194803 1.137859 1.187115 1 78.22089 4.901334 1000022 11 1 198.5735 1.617874 1000022 13 1 90 207
1 1.109295 1.155893 1.053631 1 105.0429 1.328207 1000022 13 1 280.1387 2.229093 1000022 11 1 90 365
1 1.20651 1.16088 1.193521 0 67.75386 3.462589 1000022 11 1 91.54538 1.335629 1000022 13 1 91 37
1 0.5279956 0.2465533 0.8852676 1 105.2958 1.537916 1000022 13 0 557.3869 1.308529 1000022 11 1 91 57
1 1.174602 1.053046 1.204645 1 35.15038 6.256406 1000022 11 1 59.64379 1.486643 1000022 13 1 91 435
1 0.4094664 0.1680855 0.7591912 1 55.31015 4.791071 1000022 13 0 516.9784 2.304 1000022 11 1 91 479
1 1.109295 1.155893 1.053631 0 113.9138 1.433046 1000022 11 1 100.5767 1.236606 1000022 13 1 92 133
1 1.050919 0.8056091 1.198818 0 74.38914 3.343735 1000022 11 1 162.8655 2.156085 1000022 13 1 92 306
1 1.157728 1.196465 1.111764 0 435.0107 1.846955 1000022 13 1 93.42829 1.28035 1000022 13 1 93 404
1 1.059052 1.139164 0.9715886 1 128.5252 2.823385 1000022 13 0 538.7438 2.502963 1000022 11 1 93 440
1 1.057513 1.112379 0.9951048 1 32.5895 1.366658 1000022 13 1 83.08387 4.015815 1000022 11 1 94 216
1 0.4903168 0.2233237 0.8385035 0 135.0278 1.309054 1000022 11 1 54.4899 1.418191 1000022 13 1 95 83
1 1.227292 1.202911 1.205555 1 128.4906 2.709447 1000022 13 1 135.9069 2.10206 1000022 11 1 95 168
1 1.282494 1.437562 1.137462 1 40.04539 1.136189 1000022 13 0 94.15536 3.675178 1000022 11 1 95 235
1 1.314649 1.46568 1.173482 1 36.66944 1.457334 1000022 13 0 91.63503 1.139204 1000022 11 1 95 271
1 1.329532 1.478061 1.189894 0 112.1768 2.177429 1000022 13 1 42.83221 2.009701 1000022 13 1 96 205
1 1.10316 1.145079 1.05266 0 38.65475 1.355863 1000022 13 0 90.30283 1.30171 1000022 11 1 96 312
1 1.566869 2.206142 1.088645 1 48.54436 1.168073 1000022 13 1 142.8098 1.567905 1000022 13 1 96 356
1 1.055133 1.104334 0.9975671 0 278.7821 1.679298 1000022 13 0 193.7598 2.714763 1000022 13 1 96 462
1 1.524498 1.73059 1.317664 1 211.233 1.604482 1000022 13 0 65.89861 1.658164 1000022 13 1 97 165
1 1.705086 2.017803 1.363962 1 51.31394 1.402175 1000022 13 1 111.1909 2.112555 1000022 11 1 97 259
1 1.062846 1.139449 0.9784784 0 1.569591 2.257523 1000022 11 1 145.8862 1.292112 1000022 13 1 98 61
1 1.059052 1.139164 0.9715886 1 87.11114 1.610123 1000022 11 1 90.25003 1.401551 1000022 13 1 98 157
1 1.055133 1.104334 0.9975671 0 86.03644 3.337873 1000022 11 1 94.4371 1.381411 1000022 13 1 98 299
1 1.106427 1.150534 1.053346 1 44.66507 3.580494 1000022 13 1 311.8707 1.582825 1000022 11 1 98 385
1 1.0427 1.134261 0.9473373 1 270.9494 1.412589 1000022 13 1 0.3586025 4.412676 1000022 11 1 98 441
1 0.8339615 0.5241884 1.101491 1 73.41422 1.366682 1000022 13 1 88.49226 1.96257 1000022 11 1 98 451
1 1.056557 1.108524 0.9965968 1 28.09285 1.080743 1000022 13 1 76.68211 1.054528 1000022 11 1 99 34
1 1.137649 1.170432 1.099925 1 6.450752 4.964033 1000022 11 1 116.3464 1.802872 1000022 13 1 99 432
1 0.5226254 0.8798594 0.3137767 1 59.04416 1.509531 1000022 13 1 90.22738 1.410585 1000022 13 1 99 444
1 0.04601344 0.008200601 0.1755223 1 92.86947 1.100137 1000022 13 1 52.4757 1.536159 1000022 13 1 100 196
1 1.145385 0.9245803 1.259718 0 28.51905 4.959338 1000022 11 1 79.19147 1.279131 1000022 13 1 100 269
1 1.063672 0.7860307 1.245813 1 5.570998 2.559746 1000022 11 1 126.6648 2.352835 1000022 13 1 100 273
1 1.112575 1.233052 0.9981722 1 92.53893 2.079004 1000022 13 1 193.3731 1.312213 1000022 13 1 100 497
1 1.112575 1.233052 0.9981722 1 36.03558 1.947831 1000022 13 1 495.2191 1.932949 1000022 13 1 101 192
1 1.49586 1.706142 1.278772 1 66.41831 1.495898 1000022 13 0 140.8936 2.118099 1000022 11 1 101 380
1 1.062846 1.139449 0.9784784 1 67.35316 1.461242 1000022 13 1 44.72109 1.505794 1000022 13 1 102 205
1 1.1849 1.214892 1.148506 0 335.4373 3.766542 1000022 13 1 131.0776 2.18623 1000022 13 1 102 470
1 1.059052 1.139164 0.9715886 1 76.09727 1.993392 1000022 13 0 28.18147 2.287879 1000022 11 1 103 24
1 0.4269872 0.7264097 0.2541938 1 350.5489 1.487459 1000022 13 1 38.55382 1.470321 1000022 13 1 103 68
1 1.26516 1.422013 1.117256 1 0.7717339 1.129002 1000022 13 1 123.6182 2.049742 1000022 13 1 103 94
1 1.036252 1.095703 0.9699052 1 118.0057 1.56081 1000022 13 1 152.9229 1.403733 1000022 13 1 103 324
1 1.142868 1.177299 1.103399 0 160.9608 1.788938 1000022 13 1 125.7236 1.902619 1000022 13 1 103 398
1 1.112575 1.233052 0.9981722 0 438.6636 7.045244 1000022 11 1 118.1915 1.681783 1000022 13 1 103 448
1 1.49586 1.706142 1.278772 1 197.7354 2.062819 1000022 13 1 106.9045 1.932551 1000022 13 1 103 488
1 1.054444 1.13827 0.9640688 1 88.45088 1.604983 1000022 13 0 299.7267 1.335511 1000022 13 1 105 490
1 1.054444 1.13827 0.9640688 1 122.1111 2.00386 1000022 13 0 111.1117 1.253543 1000022 13 1 106 47
1 1.112575 1.233052 0.9981722 1 66.2567 9.576453 1000022 13 1 122.6589 3.895794 1000022 13 1 106 142
1 1.194803 1.137859 1.187115 0 602.8967 3.223128 1000022 13 1 58.97289 1.236172 1000022 13 1 106 363
1 1.550791 1.753763 1.352368 0 8.288938 1.450198 1000022 11 1 32.13824 1.174504 1000022 13 1 107 277
1 0.6235333 0.981489 0.3895437 1 69.98096 1.324423 1000022 13 0 271.9843 1.098585 1000022 13 1 107 340
1 1.147959 1.183877 1.106546 1 137.7068 1.471127 1000022 13 1 316.5928 1.551009 1000022 11 1 108 25
1 1.106427 1.150534 1.053346 1 55.50519 1.570797 1000022 11 0 75.42053 1.477665 1000022 13 1 108 312
1 1.199401 1.201198 1.170168 1 7.405734 1.515273 1000022 11 1 78.02879 1.507273 1000022 13 1 108 448
1 0.4355545 0.9923941 0.2025623 1 33.02197 2.548098 1000022 11 1 55.93889 1.507718 1000022 13 1 109 7
1 1.26516 1.422013 1.117256 1 36.58845 1.073339 1000022 13 0 1005.775 1.309948 1000022 13 1 109 43
1 1.191782 1.185832 1.16486 1 46.46837 1.089508 1000022 13 0 448.8937 1.16994 1000022 11 1 109 91
1 0.1080031 0.02598027 0.3057024 1 98.07011 1.803544 1000022 13 0 69.85503 1.921894 1000022 11 1 109 162
1 0.4094664 0.1680855 0.7591912 1 110.4044 2.187818 1000022 13 0 153.6893 2.384236 1000022 13 1 109 472
1 1.289688 1.878288 0.892531 1 182.4612 1.20835 1000022 13 1 133.9855 2.354429 1000022 11 1 110 5
1 1.329532 1.478061 1.189894 0 374.8965 1.252991 1000022 11 1 55.29074 1.393303 1000022 13 1 110 246
1 0.04601344 0.008200601 0.1755223 0 105.8165 3.121758 1000022 11 1 40.13061 1.122836 1000022 13 1 110 383
1 1.035838 1.098122 0.9666125 1 211.2672 2.312681 1000022 13 1 85.98852 3.491616 1000022 11 1 111 88
1 0.5675248 0.271593 0.9330701 0 145.6779 1.366707 1000022 13 1 87.56249 1.392116 1000022 13 1 111 338
1 0.06958118 0.01446482 0.2254303 0 283.2018 1.890426 1000022 13 1 98.74694 1.357552 1000022 13 1 111 413
1 0.6571895 0.3457574 1.000641 1 78.28735 2.108763 1000022 13 0 143.5291 2.027226 1000022 13 1 111 439
1 1.705086 2.017803 1.363962 1 183.8856 1.776852 1000022 13 0 442.4215 2.621982 1000022 11 1 111 444
1 1.199401 1.201198 1.170168 1 83.39115 1.48063 1000022 13 1 204.0971 1.163925 1000022 11 1 111 469
1 0.5762256 0.2893137 0.9113798 0 42.74417 2.67198 1000022 11 1 119.5441 1.423912 1000022 13 1 112 64
1 1.524498 1.73059 1.317664 1 124.3939 1.103261 1000022 13 0 70.38734 1.685109 1000022 13 1 112 263
1 1.062846 1.139449 0.9784784 1 193.8955 1.446476 1000022 13 0 438.8712 1.586086 1000022 11 1 112 281
1 0.3355998 0.123277 0.6770892 0 65.52484 1.180013 1000022 13 1 96.76836 1.941238 1000022 13 1 112 312
1 1.194803 1.137859 1.187115 1 37.05728 1.431511 1000022 11 1 89.10532 1.335726 1000022 13 1 113 174
1 1.314649 1.46568 1.173482 1 191.1526 1.285557 1000022 13 1 127.5791 1.313699 1000022 13 1 113 235
1 1.314649 1.46568 1.173482 0 541.8002 1.65029 1000022 11 1 102.4185 1.499205 1000022 13 1 113 325
1 1.183608 1.169262 1.159476 0 324.7056 3.612785 1000022 11 1 36.43885 1.660977 1000022 13 1 114 44
1 1.054444 1.13827 0.9640688 1 159.1761 1.15409 1000022 13 1 45.17678 1.39968 1000022 13 1 114 154
1 1.083255 0.8452013 1.220206 0 190.5312 1.731385 1000022 13 0 39.59962 2.546497 1000022 11 1 114 190
1 1.109295 1.155893 1.053631 1 51.46571 1.308598 1000022 13 1 83.25256 1.897257 1000022 13 1 114 329
1 1.206555 1.21522 1.17542 1 43.97942 1.262385 1000022 13 0 141.2497 4.146541 1000022 13 1 115 187
1 0.9138955 0.6245104 1.1333 0 410.1771 1.234845 1000022 13 1 31.64365 1.12121 1000022 13 1 115 252
1 1.031225 1.102163 0.9526981 0 80.89949 3.796713 1000022 11 1 79.16151 1.652509 1000022 13 1 115 257
1 1.575265 1.775696 1.383444 1 246.6128 1.533498 1000022 13 1 339.5812 5.611956 1000022 11 1 116 18
1 0.04957241 0.009268439 0.1791508 1 153.093 1.377108 1000022 11 1 40.56308 1.362634 1000022 13 1 116 40
1 1.055133 1.104334 0.9975671 1 71.31418 1.270574 1000022 13 0 195.2619 1.978651 1000022 13 1 116 70
1 1.298986 1.452146 1.156092 0 580.0131 1.722065 1000022 11 1 70.68788 1.060498 1000022 13 1 116 141
1 1.112575 1.233052 0.9981722 1 124.6823 2.356811 1000022 11 0 92.3731 2.085584 1000022 13 1 116 188
1 1.550791 1.753763 1.352368 1 396.6097 2.028752 1000022 13 1 77.07463 1.570533 1000022 13 1 117 102
1 0.3355998 0.123277 0.6770892 0 192.6691 1.071156 1000022 11 1 150.1155 1.631735 1000022 13 1 117 212
1 1.048997 1.136673 0.9559695 1 136.1905 1.279893 1000022 13 0 513.1782 1.541791 1000022 13 1 117 279
1 1.062846 1.139449 0.9784784 0 102.3958 1.166332 1000022 13 1 62.68665 5.628483 1000022 11 1 117 391
1 1.083255 0.8452013 1.220206 0 660.7782 4.102622 1000022 13 0 151.8506 51.65145 1000022 11 1 118 415
1 0.01785031 0.00275673 0.0833977 0 500.2753 1.823536 1000022 13 1 80.68478 1.382136 1000022 13 1 118 484
1 1.282494 1.437562 1.137462 1 78.67567 1.365537 1000022 13 1 97.70303 2.414803 1000022 11 1 119 62
1 0.0400028 0.006971349 0.1567229 1 78.35497 2.057127 1000022 13 1 17.63821 2.008885 1000022 11 1 120 22
1 1.298986 1.452146 1.156092 1 22.33966 1.788222 1000022 13 0 101.6628 1.258005 1000022 13 1 120 32
1 1.167323 1.186361 1.134647 1 43.60984 1.124453 1000022 13 0 40.09924 1.263038 1000022 11 1 120 129
1 0.8332192 0.5015442 1.138243 1 1.666479 1.177023 1000022 13 1 92.06288 1.213156 1000022 13 1 120 208
1 1.059052 1.139164 0.9715886 1 356.2069 1.702966 1000022 13 1 117.7309 1.44666 1000022 11 1 120 351
1 1.152971 1.190243 1.109341 1 2.02081 1.922531 1000022 11 0 135.4229 2.542221 1000022 13 1 120 371
1 1.056557 1.108524 0.9965968 1 23.15478 1.608674 1000022 13 0 56.03776 3.940039 1000022 13 1 120 382
1 1.329532 1.478061 1.189894 0 559.2705 1.428788 1000022 11 1 59.97535 1.474788 1000022 13 1 121 178
1 1.56971 1.920896 1.202337 1 19.93806 1.639284 1000022 13 1 341.5923 2.469628 1000022 11 1 121 429
1 0.2304392 0.07526134 0.508429 0 152.4151 2.938695 1000022 13 1 85.92455 1.399296 1000022 13 1 122 36
1 1.298986 1.452146 1.156092 1 137.6043 1.277287 1000022 11 1 63.81987 1.347447 1000022 13 1 122 223
1 0.9574994 0.6410515 1.205563 0 129.1008 1.523874 1000022 13 0 129.3692 3.465161 1000022 13 1 122 366
1 1.183608 1.169262 1.159476 1 211.7243 1.337805 1000022 11 1 99.95943 1.537931 1000022 13 1 123 387
1 1.137649 1.170432 1.099925 1 57.99265 1.557854 1000022 13 1 21.43145 1.401625 1000022 11 1 124 264
1 1.152501 1.258655 1.04415 0 77.54972 8.371782 1000022 11 1 64.72162 1.405688 1000022 13 1 124 289
1 1.173319 1.196671 1.139395 0 25.99025 2.150594 1000022 13 1 158.2668 1.589347 1000022 13 1 124 442
1 1.20651 1.16088 1.193521 1 67.27007 1.234324 1000022 13 1 47.03115 1.256171 1000022 11 1 125 124
1 1.190567 1.223018 1.152597 1 215.1105 3.005857 1000022 13 1 48.93416 1.934738 1000022 11 1 125 417
1 1.106427 1.150534 1.053346 1 81.63191 3.382049 1000022 13 0 42.77131 1.46027 1000022 13 1 126 7
1 1.227292 1.202911 1.205555 1 65.75834 1.569436 1000022 13 0 71.2544 2.259199 1000022 13 1 126 425
1 1.123647 1.241142 1.010512 1 61.69381 1.55999 1000022 13 0 175.5094 2.685681 1000022 13 1 127 349
1 1.866054 2.331325 1.3979 1 230.5542 1.622467 1000022 13 1 17.23083 1.86603 1000022 13 1 127 360
1 0.5279956 0.2465533 0.8852676 1 61.80049 1.412123 1000022 13 1 238.4619 35.92196 1000022 13 1 127 426
1 0.4445066 0.7265916 0.2710897 1 43.73427 2.412262 1000022 13 0 176.4628 9.707213 1000022 11 1 128 35
1 0.4445066 0.7265916 0.2710897 1 153.8395 1.22177 1000022 13 0 142.562 3.006712 1000022 11 1 128 162
1 1.314649 1.46568 1.173482 1 164.1807 1.328685 1000022 13 1 44.43527 1.768214 1000022 11 1 130 150
1 1.10316 1.145079 1.05266 1 94.71856 2.126926 1000022 13 1 327.5721 1.246442 1000022 13 1 130 221
1 1.566869 2.206142 1.088645 1 283.238 15.51267 1000022 11 1 42.00841 1.171175 1000022 13 1 130 500
1 0.7268606 1.122648 0.4611204 1 51.63273 2.405734 1000022 11 1 143.1839 1.254366 1000022 13 1 131 30
1 1.217313 1.182622 1.199648 1 138.4127 1.909665 1000022 13 0 91.98179 2.388684 1000022 11 1 131 70
1 0.114587 0.02674881 0.3330998 1 114.9593 1.371717 1000022 13 1 11.97425 1.471483 1000022 11 1 131 165
1 1.199428 1.046014 1.251733 1 143.7241 1.866303 1000022 13 1 169.4301 1.234953 1000022 13 1 131 211
1 1.298986 1.452146 1.156092 1 73.08097 1.589722 1000022 13 0 47.46991 2.537492 1000022 13 1 131 398
1 1.106427 1.150534 1.053346 1 124.4587 2.105631 1000022 13 1 6.310162 1.646129 1000022 11 1 131 423
1 1.058012 1.115802 0.9930252 0 9.148853 4.021219 1000022 11 1 56.49161 1.471628 1000022 13 1 131 486
1 1.033406 1.101364 0.958024 0 509.7743 1.899593 1000022 11 1 136.6044 1.216824 1000022 13 1 132 2
1 1.137649 1.170432 1.099925 1 52.18478 1.533507 1000022 13 1 62.44321 1.110168 1000022 11 1 132 171
1 1.20651 1.16088 1.193521 0 175.945 5.115493 1000022 11 1 92.43795 1.724358 1000022 13 1 132 330
1 1.641128 1.972201 1.285192 1 82.29448 1.535324 1000022 13 1 63.33902 2.309035 1000022 13 1 133 224
1 1.192805 1.083559 1.213989 1 87.13086 1.444908 1000022 13 1 465.1451 2.441068 1000022 13 1 133 342
1 1.145385 0.9245803 1.259718 1 36.03044 2.120143 1000022 13 0 61.07784 1.301521 1000022 13 1 133 496
1 0.4544891 0.2018274 0.792879 1 125.3843 2.0898 1000022 13 0 887.0832 2.595608 1000022 11 1 134 159
1 0.5762256 0.2893137 0.9113798 1 240.5713 1.686064 1000022 11 1 88.28098 1.16754 1000022 13 1 134 190
1 0.8332192 0.5015442 1.138243 1 139.0843 1.253413 1000022 11 1 40.31197 1.217392 1000022 13 1 134 268
1 1.192805 1.083559 1.213989 1 79.09186 1.237701 1000022 13 0 164.9875 2.465629 1000022 11 1 134 291
1 1.550791 1.753763 1.352368 1 8.268335 1.198527 1000022 13 1 189.1854 1.679666 1000022 13 1 136 129
1 0.06482654 0.01276116 0.2218368 1 126.9599 2.342484 1000022 11 1 125.4571 1.496924 1000022 13 1 136 140
1 0.8339615 0.5241884 1.101491 1 119.9586 1.543758 1000022 13 1 90.93969 1.391486 1000022 11 1 136 269
1 1.812285 2.096335 1.505211 1 87.70822 1.358002 1000022 13 0 327.0301 1.433721 1000022 11 1 137 86
1 1.026751 0.7444853 1.219196 0 217.276 1.034839 1000022 11 1 48.30981 1.413699 1000022 13 1 137 119
1 1.26516 1.422013 1.117256 0 120.9971 3.456104 1000022 13 1 139.9954 1.665608 1000022 13 1 137 377
1 0.9574994 0.6410515 1.205563 1 41.93311 1.366886 1000022 13 1 201.5683 1.099473 1000022 13 1 137 386
1 0.1363718 0.034862 0.3662451 1 142.5516 1.433181 1000022 13 1 329.8596 1.827767 1000022 13 1 137 401
1 1.152501 1.258655 1.04415 1 78.66949 1.267251 1000022 13 1 230.5132 1.610973 1000022 13 1 137 473
1 1.192805 1.083559 1.213989 0 21.26995 1.044444 1000022 11 1 42.39997 2.136319 1000022 13 1 138 109
1 1.114777 0.884905 1.24054 1 214.9116 1.42289 1000022 13 1 97.59068 1.832726 1000022 11 1 139 41
1 0.08964617 0.01972916 0.2750357 0 85.84633 1.283602 1000022 11 1 58.50121 1.297013 1000022 13 1 139 182
1 1.048997 1.136673 0.9559695 0 469.0033 2.468789 1000022 13 1 87.86359 1.620789 1000022 13 1 139 339
1 1.058012 1.115802 0.9930252 1 103.6856 1.656046 1000022 13 1 130.2885 1.459476 1000022 13 1 139 344
1 1.058012 1.115802 0.9930252 1 135.0106 1.467069 1000022 13 0 32.51657 1.621941 1000022 11 1 139 421
1 1.142868 1.177299 1.103399 1 83.27832 5.186987 1000022 13 1 189.1151 1.669748 1000022 13 1 140 27
1 0.03009876 0.005032814 0.1242768 1 79.32388 1.459863 1000022 13 1 323.5117 2.764866 1000022 11 1 140 149
1 1.033406 1.101364 0.958024 1 393.8856 4.851358 1000022 13 0 7.309538 6.047991 1000022 13 1 140 495
1 1.183608 1.169262 1.159476 1 24.20868 1.375191 1000022 13 1 26.37847 4.618339 1000022 11 1 141 254
1 1.031225 1.102163 0.9526981 1 103.0969 2.264136 1000022 13 1 17.74279 1.550638 1000022 13 1 141 338
1 0.6159488 0.3166172 0.9557644 1 54.31239 3.557992 1000022 13 1 53.52692 1.301349 1000022 13 1 141 435
1 1.645109 2.1548 1.183545 1 22.02402 1.044227 1000022 13 0 182.5235 1.101461 1000022 11 1 141 453
1 1.152501 1.258655 1.04415 0 348.4058 4.100632 1000022 11 1 134.0734 1.325048 1000022 13 1 142 299
1 1.42456 2.044705 0.9864829 1 58.10926 1.484651 1000022 13 1 95.09385 1.735158 1000022 11 1 142 423
1 1.147959 1.183877 1.106546 0 13.0823 1.188567 1000022 13 1 70.28475 1.101537 1000022 13 1 143 175
1 0.1214868 0.03012302 0.3349064 1 212.9284 1.232727 1000022 11 1 89.07037 2.125547 1000022 13 1 143 384
1 0.277155 0.4798076 0.1597663 1 27.27161 2.134319 1000022 13 1 201.3151 1.345269 1000022 11 1 143 435
1 1.866054 2.331325 1.3979 1 76.20227 1.947087 1000022 13 1 155.4333 1.316284 1000022 13 1 143 489
1 1.017868 0.7662661 1.176325 1 81.64733 1.164942 1000022 13 0 63.82817 12.83962 1000022 11 1 144 3
1 1.114777 0.884905 1.24054 1 144.5953 1.230982 1000022 13 0 96.87746 2.341848 1000022 11 1 144 269
1 1.199401 1.201198 1.170168 1 93.47819 1.153676 1000022 11 1 428.2021 4.197355 1000022 13 1 144 466
1 0.9574994 0.6410515 1.205563 1 79.78127 1.571661 1000022 13 1 233.1451 1.373272 1000022 11 1 144 494
1 1.017868 0.7662661 1.176325 1 6.579067 2.171719 1000022 11 1 103.2252 1.317318 1000022 13 1 145 147
1 0.9138955 0.6245104 1.1333 1 57.34165 1.188734 1000022 13 0 251.8412 2.777704 1000022 13 1 145 216
1 1.062846 1.139449 0.9784784 1 106.3276 1.157301 1000022 13 1 119.4139 1.212127 1000022 11 1 145 218
1 1.812285 2.096335 1.505211 0 109.2048 1.327867 1000022 11 1 85.57738 1.87709 1000022 13 1 145 299
1 1.083255 0.8452013 1.220206 1 93.9764 1.41284 1000022 13 1 198.8976 6.177891 1000022 11 1 145 324
1 0.0400028 0.006971349 0.1567229 1 230.7891 2.057862 1000022 11 1 130.4048 1.408925 1000022 13 1 146 16
1 1.15499 1.021547 1.194574 1 21.9864 1.952765 1000022 11 1 78.21526 1.250581 1000022 13 1 146 169
1 0.8748782 0.5617447 1.136825 1 91.23608 3.057521 1000022 13 0 74.895 3.557778 1000022 11 1 146 299
1 1.761918 2.058838 1.43754 1 85.55148 2.534185 1000022 13 1 117.2007 3.265314 1000022 13 1 147 47
1 1.123647 1.241142 1.010512 1 107.4794 1.651904 1000022 13 0 298.2752 5.156533 1000022 13 1 147 54
1 0.5380682 0.2637946 0.8676014 0 60.33451 1.360305 1000022 13 0 147.871 1.819938 1000022 13 1 147 87
1 1.217313 1.182622 1.199648 1 55.26694 1.438121 1000022 11 1 109.5821 1.314095 1000022 13 1 147 140
1 1.126364 0.9389989 1.211138 1 63.86905 1.251985 1000022 13 0 415.343 1.543626 1000022 13 1 147 241
1 1.206555 1.21522 1.17542 1 169.7326 2.575111 1000022 13 1 52.67578 1.828683 1000022 11 1 147 307
1 1.705086 2.017803 1.363962 1 148.6513 4.31751 1000022 13 1 41.1298 1.851317 1000022 13 1 147 407
1 0.7934737 0.4881172 1.065644 1 78.13283 1.660023 1000022 13 0 337.5627 1.45985 1000022 11 1 148 185
1 0.02071812 0.003240969 0.0945363 1 29.59743 1.756656 1000022 13 1 6.523569 1.447999 1000022 11 1 148 483
1 0.114587 0.02674881 0.3330998 1 85.22863 1.38093 1000022 13 0 161.6588 2.497431 1000022 13 1 149 214
1 1.190567 1.223018 1.152597 1 28.8312 1.281882 1000022 13 1 87.45436 1.392918 1000022 11 1 149 235
1 1.227292 1.202911 1.205555 1 131.9517 1.421126 1000022 13 1 273.7576 4.417661 1000022 11 1 149 375
1 1.147959 1.183877 1.106546 1 33.5218 2.156996 1000022 13 0 134.5419 1.68527 1000022 11 1 149 387
1 0.8339615 0.5241884 1.101491 1 102.2618 1.786206 1000022 13 1 205.856 1.359123 1000022 13 1 150 88
1 1.26516 1.422013 1.117256 0 843.0759 2.606573 1000022 13 1 239.5536 2.040088 1000022 13 1 150 113
1 1.183608 1.169262 1.159476 1 50.01315 2.466602 1000022 13 1 42.10554 1.788581 1000022 11 1 150 182
1 1.645109 2.1548 1.183545 1 96.34213 1.1895 1000022 13 0 65.76871 1.261178 1000022 11 1 150 188
1 0.6571895 0.3457574 1.000641 1 122.3458 1.732997 1000022 13 1 257.3251 1.472931 1000022 11 1 150 274
1 1.575265 1.775696 1.383444 1 24.67097 1.493816 1000022 13 1 124.4684 1.722983 1000022 13 1 151 73
1 1.062846 1.139449 0.9784784 1 105.8765 1.334508 1000022 13 0 338.2509 3.781384 1000022 11 1 151 231
1 0.3064061 0.1093534 0.631845 1 199.0872 5.973051 1000022 13 0 194.7962 1.775259 1000022 11 1 152 158
1 0.114587 0.02674881 0.3330998 0 92.96579 1.712944 1000022 13 1 11.73129 1.289963 1000022 11 1 152 248
1 1.329532 1.478061 1.189894 0 131.7101 5.451866 1000022 11 1 77.37983 1.240403 1000022 13 1 152 345
1 1.179161 1.206147 1.144075 0 49.48845 2.220777 1000022 11 1 83.13943 1.161735 1000022 13 1 152 375
1 1.405111 1.934095 0.9833891 1 92.65952 2.32825 1000022 13 1 3.332297 1.989925 1000022 13 1 152 382
1 1.213336 1.227995 1.180605 1 44.88235 1.361117 1000022 13 0 565.6848 2.863616 1000022 13 1 153 27
1 1.550791 1.753763 1.352368 1 100.6531 1.405525 1000022 13 1 293.6935 12.89308 1000022 11 1 153 110
1 1.575265 1.775696 1.383444 1 29.50162 1.286746 1000022 11 1 29.58795 1.529528 1000022 13 1 153 179
1 0.5279956 0.2465533 0.8852676 1 2.408218 1.491323 1000022 13 1 51.10772 1.14698 1000022 13 1 153 221
1 0.6235333 0.981489 0.3895437 1 95.62129 1.691279 1000022 11 1 119.145 1.249306 1000022 13 1 154 49
1 1.0427 1.134261 0.9473373 0 6.876135 1.78378 1000022 13 1 170.1004 1.742631 1000022 13 1 154 201
1 1.49586 1.706142 1.278772 1 69.25189 2.244888 1000022 13 0 11.30997 3.234225 1000022 13 1 154 253
1 1.095596 1.133769 1.050051 1 3.081634 1.126591 1000022 11 1 72.22607 1.442401 1000022 13 1 154 481
1 1.099696 0.9023142 1.195627 0 217.8556 1.56677 1000022 13 1 138.8499 1.757608 1000022 13 1 154 494
1 1.0427 1.134261 0.9473373 1 79.40174 4.243357 1000022 13 0 179.6175 1.669746 1000022 13 1 155 35
1 1.550791 1.753763 1.352368 1 262.3846 1.371103 1000022 11 1 38.30468 1.506552 1000022 13 1 155 238
1 1.0427 1.134261 0.9473373 1 67.60591 1.335424 1000022 13 1 110.6054 2.994666 1000022 11 1 155 290
1 0.2443026 0.07741789 0.5517042 1 121.9233 1.443402 1000022 13 0 9.259105 6.88027 1000022 11 1 155 394
1 1.227292 1.202911 1.205555 0 286.4414 11.84153 1000022 13 1 63.61186 2.206551 1000022 13 1 156 331
1 1.017868 0.7662661 1.176325 1 93.71881 1.494464 1000022 11 1 146.3167 3.398372 1000022 13 1 156 393
1 1.176288 1.010978 1.239274 0 62.44052 1.728315 1000022 11 1 70.94855 2.22552 1000022 13 1 157 105
1 1.058012 1.115802 0.9930252 1 91.45396 1.54817 1000022 13 0 5.168127 1.779717 1000022 11 1 157 177
1 1.058012 1.115802 0.9930252 0 49.91466 1.524626 1000022 11 1 84.38567 2.125443 1000022 13 1 157 287
1 1.183608 1.169262 1.159476 1 40.55713 1.219841 1000022 13 1 160.8528 6.733015 1000022 11 1 158 63
1 1.059052 1.139164 0.9715886 1 51.53656 1.1164 1000022 13 0 283.206 5.766514 1000022 11 1 158 153
1 1.134034 1.248093 1.022271 1 30.00674 1.16817 1000022 13 0 6.75896 1.233786 1000022 11 1 158 219
1 1.0427 1.134261 0.9473373 0 534.5843 2.751511 1000022 13 1 119.9021 2.560331 1000022 13 1 158 387
1 1.225386 1.141194 1.230719 1 193.4841 1.307862 1000022 11 1 55.46153 1.644753 1000022 13 1 159 64
1 1.42456 2.044705 0.9864829 1 40.8219 1.389952 1000022 13 1 80.02563 1.207095 1000022 13 1 159 130
1 1.017868 0.7662661 1.176325 1 73.9694 1.919958 1000022 13 0 172.6523 3.068934 1000022 11 1 159 447
1 1.329532 1.478061 1.189894 0 215.0262 1.243408 1000022 11 1 122.7145 1.1686 1000022 13 1 161 20
1 0.3170899 0.1198369 0.6261138 1 39.08245 2.379881 1000022 13 0 104.1616 1.762161 1000022 11 1 161 22
1 1.031225 1.102163 0.9526981 0 105.8752 1.37931 1000022 11 1 134.3191 1.130651 1000022 13 1 161 151
1 1.017868 0.7662661 1.176325 1 73.9665 1.17744 1000022 13 0 29.11441 2.021209 1000022 13 1 161 192
1 0.5279956 0.2465533 0.8852676 0 156.5659 4.569609 1000022 11 1 113.8479 1.571199 1000022 13 1 161 322
1 1.053247 1.09991 0.9980844 0 176.3457 1.266739 1000022 13 0 67.28321 1.404192 1000022 11 1 161 388
1 1.147959 1.183877 1.106546 1 117.7275 1.395023 1000022 13 0 175.688 1.680884 1000022 11 1 162 34
1 1.031225 1.102163 0.9526981 1 205.45 1.176389 1000022 13 1 108.2617 1.616984 1000022 13 1 162 365
1 0.08964617 0.01972916 0.2750357 0 225.1248 1.037623 1000022 11 0 53.60228 1.424321 1000022 13 1 162 494
1 1.059052 1.139164 0.9715886 1 91.10454 1.514371 1000022 11 1 66.70385 3.012219 1000022 13 1 163 45
1 1.142868 1.177299 1.103399 1 71.02294 1.513869 1000022 13 0 240.4326 1.455009 1000022 11 1 163 224
1 1.109295 1.155893 1.053631 0 41.95607 15.26456 1000022 11 1 68.11372 2.186203 1000022 13 1 163 308
1 0.08964617 0.01972916 0.2750357 1 56.73386 1.19456 1000022 13 0 273.4113 2.314674 1000022 11 1 164 249
1 1.036252 1.095703 0.9699052 1 178.078 1.632255 1000022 13 0 51.87616 7.932868 1000022 13 1 164 258
1 1.761918 2.058838 1.43754 1 119.9111 1.223349 1000022 13 1 248.4242 2.158226 1000022 11 1 164 337
1 1.063672 0.7860307 1.245813 1 18.90595 1.941308 1000022 13 1 172.4207 1.527969 1000022 13 1 164 400
1 0.114587 0.02674881 0.3330998 0 274.1294 1.447939 1000022 11 1 49.08112 1.10976 1000022 13 1 165 28
1 1.217313 1.182622 1.199648 1 61.93702 1.270045 1000022 13 1 81.93816 1.243487 1000022 13 1 165 51
1 1.034916 1.100018 0.9626585 1 31.93522 1.441949 1000022 13 0 62.29975 1.370093 1000022 13 1 165 313
1 1.054444 1.13827 0.9640688 1 10.91286 2.00899 1000022 11 1 201.9847 1.633005 1000022 13 1 166 129
1 1.705086 2.017803 1.363962 1 23.32146 1.296987 1000022 11 1 233.9665 2.341375 1000022 13 1 166 396
1 1.059052 1.139164 0.9715886 1 58.56143 7.745336 1000022 11 1 78.50905 1.095576 1000022 13 1 166 437
1 1.56971 1.920896 1.202337 0 336.9938 2.519794 1000022 11 1 67.99361 3.428132 1000022 13 1 167 108
1 1.034916 1.100018 0.9626585 1 80.42798 1.881475 1000022 13 1 230.9489 1.217641 1000022 13 1 167 336
1 1.152501 1.258655 1.04415 1 34.4024 1.53891 1000022 13 0 186.5211 1.064442 1000022 11 1 168 63
1 1.46424 1.680344 1.235249 1 24.4501 3.511393 1000022 13 1 430.3869 1.617011 1000022 11 1 168 211
1 1.054444 1.13827 0.9640688 1 36.39872 2.005937 1000022 11 1 148.7228 2.380097 1000022 13 1 168 265
1 1.112575 1.233052 0.9981722 1 89.11295 2.462021 1000022 13 1 98.97467 1.80202 1000022 13 1 168 349
1 1.059052 1.139164 0.9715886 1 180.2109 1.804914 1000022 11 1 99.35577 2.334474 1000022 13 1 168 373
1 0.3767309 0.1505117 0.7131262 0 93.31618 1.395122 1000022 11 1 67.0649 2.724725 1000022 13 1 169 87
1 1.050919 0.8056091 1.198818 1 12.92527 2.890645 1000022 13 1 85.25423 1.473971 1000022 13 1 169 118
1 1.26516 1.422013 1.117256 1 75.3503 1.580194 1000022 11 0 64.96742 1.358222 1000022 13 1 169 247
1 1.152501 1.258655 1.04415 1 44.69114 1.296268 1000022 13 0 281.0273 2.401212 1000022 11 1 170 114
1 1.173319 1.196671 1.139395 0 44.12627 1.475805 1000022 13 1 145.2684 3.190717 1000022 13 1 170 192
1 1.182032 1.113501 1.180358 0 191.8524 1.19041 1000022 13 1 82.80366 2.189118 1000022 13 1 170 211
1 1.062846 1.139449 0.9784784 1 80.92679 1.588056 1000022 13 0 97.26948 12.60937 1000022 11 1 171 215
1 1.083255 0.8452013 1.220206 1 80.33189 1.402442 1000022 13 1 155.0322 1.170564 1000022 11 1 171 323
1 1.057513 1.112379 0.9951048 0 45.88457 4.180051 1000022 11 1 136.0731 1.3388 1000022 13 1 171 345
1 0.1080031 0.02598027 0.3057024 0 158.5356 3.157567 1000022 11 1 52.0345 1.643951 1000022 13 1 172 274
1 1.329532 1.478061 1.189894 1 99.02036 1.46202 1000022 13 0 64.36973 4.313956 1000022 11 1 173 72
1 1.56971 1.920896 1.202337 1 123.5026 1.5166 1000022 11 1 51.16158 1.316151 1000022 13 1 173 82
1 1.227292 1.202911 1.205555 0 272.8887 1.713977 1000022 11 1 54.61415 1.09776 1000022 13 1 173 127
1 1.183608 1.169262 1.159476 1 125.154 1.27927 1000022 13 1 93.01614 2.077555 1000022 13 1 173 155
1 1.147959 1.183877 1.106546 1 61.90165 1.761184 1000022 13 0 108.3248 4.194264 1000022 11 1 173 181
1 1.099519 1.139476 1.051563 0 286.2094 5.159791 1000022 11 1 40.0318 1.286284 1000022 13 1 173 192
1 1.062846 1.139449 0.9784784 1 65.13676 3.378658 1000022 13 1 68.75647 1.749544 1000022 13 1 173 264
1 1.026751 0.7444853 1.219196 1 19.76731 1.326113 1000022 11 1 84.57417 2.129867 1000022 13 1 173 357
1 1.179161 1.206147 1.144075 1 105.6879 1.330558 1000022 11 1 66.03149 1.502622 1000022 13 1 174 275
1 1.109295 1.155893 1.053631 0 61.76487 1.647079 1000022 13 0 42.06873 1.362497 1000022 11 1 175 166
1 1.174602 1.053046 1.204645 1 111.8076 1.713351 1000022 13 0 240.4501 1.041167 1000022 11 1 175 386
1 1.017868 0.7662661 1.176325 1 77.06966 1.210163 1000022 13 0 12.17453 1.572036 1000022 11 1 175 454
1 1.575265 1.775696 1.383444 0 26.06879 2.651455 1000022 11 1 41.93894 1.301962 1000022 13 1 175 470
1 0.747205 0.4303799 1.057145 0 44.29469 2.500326 1000022 13 1 111.2744 1.362974 1000022 13 1 6 76
1 1.031225 1.102163 0.9526981 1 93.23252 1.617678 1000022 11 1 51.0545 1.16611 1000022 13 1 6 121
1 1.157728 1.196465 1.111764 1 142.0023 4.089352 1000022 13 0 179.1156 2.787717 1000022 11 1 6 198
1 1.017868 0.7662661 1.176325 1 14.42558 1.232728 1000022 13 1 152.2343 1.263707 1000022 11 1 6 444
1 1.866054 2.331325 1.3979 1 175.4759 1.253151 1000022 13 1 85.10591 1.416436 1000022 13 1 11 232
1 1.173319 1.196671 1.139395 1 127.1204 1.46945 1000022 11 1 56.30388 1.133825 1000022 13 1 11 318
1 1.099696 0.9023142 1.195627 1 59.9786 1.993959 1000022 13 1 86.01239 1.418788 1000022 11 1 11 323
1 1.183608 1.169262 1.159476 1 31.69153 1.520462 1000022 13 1 27.23029 1.386022 1000022 11 1 11 356
1 1.034916 1.100018 0.9626585 0 167.9274 2.54507 1000022 11 1 70.34212 1.876667 1000022 13 1 11 390
1 1.048997 1.136673 0.9559695 1 185.0589 2.216204 1000022 13 1 130.1634 1.454013 1000022 13 1 11 439
1 0.9574994 0.6410515 1.205563 1 136.9166 3.004898 1000022 11 1 24.17896 1.295439 1000022 13 1 135 146
