1 1.645109 2.1548 1.183545 0 57.71507 1.190643 6002113 13 1 178.7951 1.174757 6002113 11 1 547 191
1 1.062846 1.139449 0.9784784 0 44.80132 2.212554 6001113 13 1 56.12636 1.971239 6001113 11 1 547 192
1 1.812285 2.096335 1.505211 0 17.62669 2.324571 6001113 11 1 17.5719 2.875343 6001113 13 1 549 161
1 0.02782141 0.00448657 0.1208789 0 0.9105375 1.430468 6001113 11 0 31.57872 1.135075 6001113 13 1 552 145
1 1.106427 1.150534 1.053346 1 28.78032 2.17646 6001113 13 1 6.448949 1.592986 6001113 11 1 554 8
1 1.20651 1.16088 1.193521 1 63.10463 1.30464 6002113 11 1 40.91339 1.468404 6002113 13 1 555 189
1 1.063672 0.7860307 1.245813 0 137.2893 2.554563 6002113 11 1 22.6255 1.16513 6002113 13 1 556 63
1 0.4903168 0.2233237 0.8385035 0 1.413609 1.837061 6001113 11 1 51.12563 1.403014 6001113 13 1 557 347
1 0.8748782 0.5617447 1.136825 0 7.60943 1.638407 6001113 11 0 31.72252 2.175941 6001113 13 1 829 365
1 1.036252 1.095703 0.9699052 1 40.48238 1.264413 6001113 13 0 25.65998 1.979648 6001113 11 1 694 28
1 1.036252 1.095703 0.9699052 1 32.13472 1.089427 6001113 13 0 42.60931 1.239844 6001113 11 1 171 426
1 0.7055845 0.3974356 1.016366 1 31.27987 1.258334 6002113 13 0 695.8606 1.292354 6002113 11 1 172 247
1 1.054444 1.13827 0.9640688 0 487.4821 1.217147 6002113 11 1 36.32452 1.121045 6002113 13 1 175 200
1 1.192805 1.083559 1.213989 0 103.1063 1.482537 6002113 13 1 246.1739 1.606154 6002113 11 1 360 152
1 1.152971 1.190243 1.109341 1 31.24842 1.983909 6002113 13 1 111.0059 1.325182 6002113 11 1 360 225
1 0.04601344 0.008200601 0.1755223 0 36.07609 1.576157 6001113 11 1 30.72384 2.254453 6001113 13 1 360 345
1 1.575265 1.775696 1.383444 0 15.74322 3.456314 6001113 11 1 38.76838 1.152547 6001113 13 1 361 74
1 0.2304392 0.07526134 0.508429 1 18.42649 2.126137 6001113 13 1 14.90525 1.429267 6001113 11 1 363 7
1 1.134034 1.248093 1.022271 1 18.27602 1.333271 6001113 13 0 15.66236 1.283952 6001113 11 1 28 173
1 1.056557 1.108524 0.9965968 1 38.72834 1.266156 6001113 13 1 41.64441 1.186132 6001113 11 1 29 277
1 1.298986 1.452146 1.156092 1 41.25767 1.224911 6002113 11 1 87.96363 1.233483 6002113 13 1 29 339
1 1.106427 1.150534 1.053346 0 7.04149 2.565332 6001113 11 1 75.56891 1.278396 6001113 13 1 34 370
1 1.550791 1.753763 1.352368 1 44.38865 1.313421 6001113 13 1 4.762234 5.19631 6001113 11 1 35 431
1 0.9160994 0.6007248 1.171549 0 1559.024 1.135106 6003113 11 1 29.46227 1.139584 6003113 13 1 36 34
1 1.15499 1.021547 1.194574 0 465.0594 1.313945 6002113 11 1 43.01678 2.025155 6002113 13 1 39 208
1 1.062846 1.139449 0.9784784 1 27.23586 2.345006 6001113 13 0 68.31039 1.13819 6001113 11 1 179 94
1 0.4903168 0.2233237 0.8385035 1 244.4339 1.29978 6002113 11 1 38.58977 2.244679 6002113 13 1 181 479
1 1.112575 1.233052 0.9981722 1 45.09694 1.109753 6002113 13 1 40.52907 1.417675 6002113 11 1 182 481
1 1.054444 1.13827 0.9640688 1 155.8291 1.930351 6002113 11 1 68.55261 1.388905 6002113 13 1 456 8
1 1.035838 1.098122 0.9666125 0 6.416319 3.561963 6001113 11 1 40.29014 1.120124 6001113 13 1 458 207
1 0.3920611 0.7237228 0.2037318 1 85.78722 1.254987 6002113 13 0 106.1891 1.184501 6002113 11 1 459 51
1 0.1793033 0.05184105 0.4351809 1 88.20758 1.296355 6002113 13 1 178.5436 1.281298 6002113 11 1 460 461
1 0.3170899 0.1198369 0.6261138 1 52.7747 2.164053 6001113 13 0 57.429 4.181971 6001113 11 1 461 158
1 0.9138955 0.6245104 1.1333 0 142.6447 3.022022 6002113 11 1 102.6966 1.685173 6002113 13 1 462 214
1 1.190567 1.223018 1.152597 0 723.3231 1.493554 6003113 11 1 55.45792 1.780845 6003113 13 1 462 465
1 1.059052 1.139164 0.9715886 0 559.3962 1.198853 6002113 11 1 34.2617 1.307128 6002113 13 1 464 140
1 1.126364 0.9389989 1.211138 0 55.18377 1.081053 6001113 11 1 34.59301 2.036935 6001113 13 1 465 440
1 1.167323 1.186361 1.134647 0 216.0994 3.596256 6002113 11 1 38.46132 2.471745 6002113 13 1 43 44
1 1.213336 1.227995 1.180605 1 48.91248 1.915706 6001113 13 0 17.90935 1.205504 6001113 11 1 43 152
1 0.747205 0.4303799 1.057145 1 51.09855 1.615211 6002113 13 0 585.9532 1.25671 6002113 11 1 45 238
1 1.050919 0.8056091 1.198818 1 54.37896 1.415034 6001113 13 0 30.7044 3.067769 6001113 11 1 366 25
1 1.225386 1.141194 1.230719 1 157.3141 2.243142 6002113 11 1 30.83712 2.122773 6002113 13 1 366 460
1 1.173319 1.196671 1.139395 1 1.696072 1.363605 6001113 11 1 31.74897 1.858186 6001113 13 1 367 396
1 1.298986 1.452146 1.156092 1 35.28997 1.482812 6001113 13 0 10.28662 1.096488 6001113 11 1 368 203
1 1.225386 1.141194 1.230719 1 43.0346 1.313727 6002113 13 0 55.49696 3.681445 6002113 11 1 371 309
1 1.298986 1.452146 1.156092 1 49.32836 1.020664 6001113 13 0 2.778176 2.022431 6001113 11 1 374 122
1 1.157728 1.196465 1.111764 1 58.62235 1.124501 6001113 13 0 4.261861 2.729585 6001113 11 1 438 358
1 1.143675 1.253919 1.033471 0 2117.812 2.824087 6003113 11 1 80.10497 1.366678 6003113 13 1 443 446
1 1.063672 0.7860307 1.245813 0 40.91413 1.584387 6002113 11 1 74.40119 1.107115 6002113 13 1 444 87
1 1.03119 1.524041 0.7057037 1 202.1158 2.756254 6002113 11 1 53.14169 1.320568 6002113 13 1 444 476
1 0.1610681 0.04515641 0.4007308 1 55.219 1.520676 6002113 13 0 88.83855 1.894984 6002113 11 1 445 222
1 0.02782141 0.00448657 0.1208789 1 87.05424 1.505875 6001113 13 1 22.01686 1.374291 6001113 11 1 342 265
1 0.8339615 0.5241884 1.101491 0 41.28031 1.137633 6001113 13 0 6.147196 1.363208 6001113 11 1 345 394
1 1.112575 1.233052 0.9981722 0 1172.036 1.567789 6003113 11 1 84.95557 1.119254 6003113 13 1 10 459
1 1.227292 1.202911 1.205555 1 17.80628 1.415533 6001113 11 1 47.38269 1.242545 6001113 13 1 12 429
1 1.1849 1.214892 1.148506 0 292.0438 2.212177 6002113 11 1 25.09385 2.870746 6002113 13 1 13 40
1 1.126364 0.9389989 1.211138 1 60.7506 1.240632 6002113 13 0 93.35616 1.993035 6002113 11 1 13 325
1 1.1849 1.214892 1.148506 0 35.83324 3.83122 6002113 11 1 46.62061 1.242538 6002113 13 1 14 349
1 1.194803 1.137859 1.187115 0 6.702288 2.348562 6001113 11 1 86.40234 1.341514 6001113 13 1 14 437
1 1.036252 1.095703 0.9699052 1 74.43468 1.308435 6002113 13 0 391.662 4.225496 6002113 11 1 16 202
1 0.04601344 0.008200601 0.1755223 0 1.338311 1.891885 6001113 11 1 40.30951 2.675288 6001113 13 1 21 6
1 1.017868 0.7662661 1.176325 1 44.21933 1.9935 6003113 13 0 420.8807 1.463035 6003113 11 1 21 201
1 1.145385 0.9245803 1.259718 1 29.77282 1.246739 6001113 13 0 3.896708 1.051947 6001113 11 1 21 316
1 1.134034 1.248093 1.022271 0 17.19629 1.604274 6001113 11 1 45.74006 1.066065 6001113 13 1 449 216
1 1.866054 2.331325 1.3979 1 36.44498 1.139698 6001113 13 0 7.585353 1.183331 6001113 11 1 449 217
1 1.26516 1.422013 1.117256 0 64.19487 1.481231 6002113 13 1 110.6789 1.144836 6002113 11 1 450 230
1 0.8332192 0.5015442 1.138243 1 44.61609 1.989123 6001113 13 0 54.36069 4.895482 6001113 11 1 451 49
1 1.083255 0.8452013 1.220206 1 28.65991 1.520662 6001113 13 1 2.325201 1.209756 6001113 11 1 453 27
1 0.9517445 0.6636014 1.162862 1 48.81692 3.135878 6001113 13 0 23.81188 3.763173 6001113 11 1 453 283
1 1.42456 2.044705 0.9864829 1 44.81275 1.090031 6001113 13 0 1.908364 1.754823 6001113 11 1 453 483
1 1.033406 1.101364 0.958024 1 67.91206 1.430928 6003113 13 0 3666.349 2.140301 6003113 11 1 119 52
1 0.7934737 0.4881172 1.065644 0 243.2158 1.245577 6002113 11 1 121.7399 1.293418 6002113 13 1 122 140
1 1.26516 1.422013 1.117256 1 3.167872 2.326827 6001113 11 1 51.61806 1.166929 6001113 13 1 122 456
1 1.054444 1.13827 0.9640688 0 1245.13 1.708395 6003113 11 1 65.09159 1.151205 6003113 13 1 123 439
1 1.134034 1.248093 1.022271 0 1967.522 1.934 6003113 11 1 107.6009 1.25226 6003113 13 1 124 110
1 0.2792014 0.09677438 0.588659 0 67.61982 2.553589 6002113 13 0 183.2577 3.686221 6002113 11 1 129 137
1 0.1214868 0.03012302 0.3349064 0 73.77885 2.342344 6001113 11 0 36.58739 1.530791 6001113 13 1 23 455
1 0.789787 0.4650854 1.097808 0 4.387619 1.19905 6001113 11 1 44.91352 1.462546 6001113 13 1 24 151
1 0.03009876 0.005032814 0.1242768 0 1.38573 2.937391 6001113 11 1 45.1131 1.091022 6001113 13 1 25 312
1 0.5380682 0.2637946 0.8676014 1 63.98323 2.234566 6001113 13 0 16.71866 1.426789 6001113 11 1 26 250
1 1.167323 1.186361 1.134647 1 6.767205 1.734123 6001113 11 1 51.72318 2.180307 6001113 13 1 26 404
1 0.747205 0.4303799 1.057145 1 22.76971 1.575488 6001113 13 1 2.147199 2.217792 6001113 11 1 27 67
1 1.033406 1.101364 0.958024 1 40.84379 1.534991 6001113 13 0 13.27025 2.005213 6001113 11 1 27 151
1 0.3458254 0.5933005 0.203245 1 13.00205 1.27022 6001113 11 1 51.76038 1.309961 6001113 13 1 346 317
1 1.036252 1.095703 0.9699052 0 2.081095 1.310017 6001113 11 1 24.04611 1.181929 6001113 13 1 346 499
1 1.524498 1.73059 1.317664 0 26.55523 1.414555 6001113 13 1 1.185703 1.325328 6001113 11 1 347 15
1 1.182032 1.113501 1.180358 1 100.3459 1.429291 6002113 13 0 135.2862 1.48187 6002113 11 1 347 492
1 1.641128 1.972201 1.285192 0 1059.905 1.525236 6003113 11 1 40.51729 2.0689 6003113 13 1 349 44
1 0.00101149 0.0002112473 0.005580286 0 18.06004 2.003114 6001113 11 1 14.57907 3.377628 6001113 13 1 349 140
1 1.217313 1.182622 1.199648 0 471.6351 1.379192 6002113 11 1 43.49135 2.648942 6002113 13 1 349 337
1 1.057513 1.112379 0.9951048 1 60.02814 1.324739 6002113 13 0 283.6085 2.341787 6002113 11 1 352 90
1 1.206555 1.21522 1.17542 0 1.675527 1.173661 6001113 11 1 29.76261 1.892155 6001113 13 1 352 487
1 1.0427 1.134261 0.9473373 1 51.71806 1.676269 6002113 13 1 75.85254 1.460805 6002113 11 1 356 374
1 1.15499 1.021547 1.194574 0 5.445395 3.092658 6001113 11 1 55.55327 2.100964 6001113 13 1 358 314
1 0.9517445 0.6636014 1.162862 1 37.28116 2.148018 6001113 13 0 84.14865 3.895558 6001113 11 1 133 27
1 1.298986 1.452146 1.156092 0 8.111132 3.310702 6001113 11 1 26.4149 1.387296 6001113 13 1 133 49
1 0.3459568 0.1344595 0.6687537 0 52.97332 1.920319 6002113 11 1 94.21985 1.27147 6002113 13 1 134 377
1 1.866054 2.331325 1.3979 0 81.4883 1.358736 6002113 13 0 83.78792 1.290033 6002113 11 1 166 39
1 1.173319 1.196671 1.139395 1 67.50287 1.464257 6002113 13 0 419.6186 1.180645 6002113 11 1 166 49
1 1.062846 1.139449 0.9784784 0 669.1193 1.612118 6003113 11 1 36.70565 1.107376 6003113 13 1 168 205
1 0.7934737 0.4881172 1.065644 0 11.50318 1.249979 6001113 11 1 41.29473 1.079315 6001113 13 1 468 491
1 1.099696 0.9023142 1.195627 1 76.57817 1.512981 6002113 13 0 76.78031 1.429147 6002113 11 1 470 220
1 1.054444 1.13827 0.9640688 1 124.4025 1.427106 6002113 13 0 11.543 1.8156 6002113 11 1 471 494
1 1.026751 0.7444853 1.219196 0 66.45937 1.397167 6002113 13 0 230.2989 3.874094 6002113 11 1 138 353
1 0.9160994 0.6007248 1.171549 0 702.3856 3.471734 6002113 11 1 106.9325 1.182016 6002113 13 1 141 38
1 1.199428 1.046014 1.251733 1 61.63387 1.061994 6002113 13 0 932.257 1.276551 6002113 11 1 141 64
1 1.199428 1.046014 1.251733 1 75.26265 1.566136 6002113 13 1 129.6293 1.941019 6002113 11 1 143 323
1 1.217313 1.182622 1.199648 1 51.4639 1.826966 6002113 13 1 212.9617 1.183668 6002113 11 1 146 329
1 1.761918 2.058838 1.43754 0 46.59332 1.164257 6002113 11 1 45.16981 1.542216 6002113 13 1 148 325
1 1.149237 1.698801 0.7921503 0 25.98852 1.401479 6001113 11 1 28.63912 1.200751 6001113 13 1 149 83
1 1.106427 1.150534 1.053346 0 73.92184 1.922035 6001113 11 1 52.63427 1.248988 6001113 13 1 379 124
1 0.9138955 0.6245104 1.1333 0 24.50195 1.397493 6001113 13 1 14.66434 2.078248 6001113 11 1 379 159
1 1.142868 1.177299 1.103399 1 60.47743 1.258911 6002113 13 0 74.54436 2.731931 6002113 11 1 381 260
1 1.114777 0.884905 1.24054 0 68.38509 1.253037 6002113 11 1 52.82023 1.391239 6002113 13 1 381 266
1 1.034916 1.100018 0.9626585 1 0.3145904 2.839495 6002113 11 1 68.44254 1.176797 6002113 13 1 381 386
1 1.137649 1.170432 1.099925 1 43.89734 2.207818 6002113 13 0 367.4969 1.409578 6002113 11 1 46 406
1 1.109295 1.155893 1.053631 1 16.94952 1.046108 6001113 11 1 26.71276 1.322523 6001113 13 1 47 251
1 1.031225 1.102163 0.9526981 0 8.76976 1.397992 6001113 11 1 42.17234 1.298887 6001113 13 1 48 137
1 1.099696 0.9023142 1.195627 0 24.3894 1.415042 6001113 13 0 17.15761 2.088885 6001113 11 1 51 312
1 1.173319 1.196671 1.139395 1 53.27806 1.602238 6002113 11 1 125.3403 1.293197 6002113 13 1 52 103
1 1.062846 1.139449 0.9784784 1 31.53085 1.157731 6001113 13 0 28.72641 1.504741 6001113 11 1 57 140
1 1.20651 1.16088 1.193521 0 33.69865 2.230272 6002113 13 0 87.1359 5.805683 6002113 11 1 58 142
1 0.3064061 0.1093534 0.631845 1 78.31218 1.160305 6002113 13 0 552.3972 1.389845 6002113 11 1 58 310
1 1.152501 1.258655 1.04415 0 82.31292 2.185142 6001113 11 1 46.39346 1.301514 6001113 13 1 59 370
1 1.575265 1.775696 1.383444 1 48.51608 1.304332 6001113 13 1 31.31426 1.261578 6001113 11 1 150 148
1 0.114587 0.02674881 0.3330998 1 52.60588 1.285516 6002113 13 0 12.78871 1.190659 6002113 11 1 151 422
1 1.329532 1.478061 1.189894 1 66.30605 1.513846 6001113 13 0 14.41886 2.464795 6001113 11 1 152 141
1 1.055133 1.104334 0.9975671 1 49.0264 3.142009 6002113 13 0 145.8013 8.228117 6002113 11 1 153 118
1 1.056557 1.108524 0.9965968 1 48.33648 1.235574 6001113 13 0 9.969707 1.177704 6001113 11 1 184 68
1 1.183608 1.169262 1.159476 0 387.5988 1.377622 6002113 11 1 41.81159 1.082821 6002113 13 1 184 156
1 1.176288 1.010978 1.239274 1 46.20375 1.179655 6001113 13 0 70.99732 1.278467 6001113 11 1 186 358
1 1.705086 2.017803 1.363962 0 109.6331 1.260696 6001113 13 0 0.8607832 1.891709 6001113 11 1 186 402
1 1.194803 1.137859 1.187115 1 42.02312 2.415358 6001113 11 1 37.25055 1.673721 6001113 13 1 186 494
1 1.173319 1.196671 1.139395 0 7.311658 2.454853 6001113 11 1 46.95078 1.752498 6001113 13 1 189 459
1 1.1849 1.214892 1.148506 1 111.5033 1.373938 6002113 13 0 102.3619 2.389158 6002113 11 1 191 92
1 0.9219857 1.364073 0.6240806 1 55.87223 1.186128 6001113 13 1 5.023757 1.171071 6001113 11 1 192 234
1 1.217313 1.182622 1.199648 1 22.66765 1.292107 6001113 13 0 11.72362 1.491006 6001113 11 1 193 168
1 1.057513 1.112379 0.9951048 1 90.46478 1.820853 6002113 13 1 27.65968 3.628196 6002113 11 1 193 487
1 0.665028 0.3662483 0.9755856 0 294.1821 1.358953 6002113 11 1 78.15576 1.07831 6002113 13 1 194 258
1 1.034916 1.100018 0.9626585 1 31.31787 1.042637 6001113 13 0 33.87872 1.311276 6001113 11 1 195 286
1 1.145385 0.9245803 1.259718 0 21.56321 1.157383 6001113 11 0 59.02198 1.963601 6001113 13 1 196 469
1 1.167323 1.186361 1.134647 0 398.0141 1.97448 6002113 11 1 63.3675 1.616258 6002113 13 1 197 151
1 0.665028 0.3662483 0.9755856 1 39.77494 1.783931 6001113 13 0 26.59713 2.599463 6001113 11 1 62 44
1 1.143675 1.253919 1.033471 1 52.91143 2.140939 6002113 11 1 77.76452 1.510008 6002113 13 1 62 348
1 1.099519 1.139476 1.051563 1 22.73899 1.274996 6002113 13 0 62.04202 1.252849 6002113 11 1 384 10
1 1.26516 1.422013 1.117256 0 27.75338 1.267837 6001113 13 0 3.682327 1.240243 6001113 11 1 391 227
1 1.099519 1.139476 1.051563 1 47.111 2.546015 6001113 13 0 12.23482 2.113437 6001113 11 1 392 148
1 0.9574994 0.6410515 1.205563 1 18.90451 1.351385 6001113 11 1 84.27665 1.243737 6001113 13 1 392 216
1 1.059052 1.139164 0.9715886 0 26.43395 2.089369 6001113 11 1 34.1638 1.815358 6001113 13 1 392 430
1 1.057513 1.112379 0.9951048 1 59.29137 1.389128 6002113 13 0 625.4989 2.15866 6002113 11 1 393 140
1 1.225386 1.141194 1.230719 1 20.24894 1.077124 6001113 13 0 42.75766 1.692205 6001113 11 1 394 98
1 1.036252 1.095703 0.9699052 1 75.11799 1.332058 6002113 13 0 33.73098 1.390885 6002113 11 1 394 346
1 1.152971 1.190243 1.109341 1 21.13276 1.264906 6001113 13 0 12.62115 1.217309 6001113 11 1 395 134
1 0.4205023 0.1819855 0.7484848 1 204.9507 1.366687 6002113 11 1 63.51567 1.393331 6002113 13 1 395 415
1 1.137649 1.170432 1.099925 1 64.54269 1.552517 6002113 13 0 314.5156 3.935533 6002113 11 1 396 48
1 1.157728 1.196465 1.111764 1 32.97963 1.218365 6001113 13 1 22.84212 1.2167 6001113 11 1 197 426
1 1.057513 1.112379 0.9951048 1 150.0213 1.647324 6002113 11 1 79.30116 1.406895 6002113 13 1 199 88
1 1.035838 1.098122 0.9666125 1 41.63677 1.187834 6002113 13 1 1.733655 1.418421 6002113 11 1 199 152
1 1.209625 1.112975 1.222657 0 14.95946 3.374249 6001113 11 1 41.2366 2.102463 6001113 13 1 201 7
1 1.566869 2.206142 1.088645 0 3383.92 2.59836 6003113 11 1 40.09399 1.471753 6003113 13 1 472 49
1 1.058012 1.115802 0.9930252 0 16.83033 1.290621 6001113 11 0 49.57262 2.263366 6001113 13 1 472 194
1 0.6342273 1.05356 0.3835326 0 726.0692 1.73238 6002113 11 0 90.53555 1.518305 6002113 13 1 473 341
1 0.7934737 0.4881172 1.065644 1 8.908539 1.117663 6001113 11 1 11.58852 1.135823 6001113 13 1 422 286
1 1.123647 1.241142 1.010512 0 46.01541 3.282358 6001113 13 0 44.17619 1.469215 6001113 11 1 424 163
1 0.1610681 0.04515641 0.4007308 0 397.7517 2.279055 6002113 11 1 82.6002 1.400267 6002113 13 1 425 5
1 1.034916 1.100018 0.9626585 0 4.214207 2.881957 6001113 11 1 101.0348 1.322462 6001113 13 1 426 190
1 0.4094664 0.1680855 0.7591912 0 48.99266 2.168866 6002113 13 0 96.21563 2.447604 6002113 11 1 426 350
1 1.227292 1.202911 1.205555 0 2.799417 1.221461 6001113 11 1 58.84187 1.204343 6001113 13 1 431 349
1 0.5380682 0.2637946 0.8676014 0 275.0768 1.625665 6002113 11 1 35.51083 2.118425 6002113 13 1 431 403
1 1.26516 1.422013 1.117256 0 4.992943 2.627528 6001113 11 1 27.93183 2.811833 6001113 13 1 432 86
1 1.191782 1.185832 1.16486 1 34.05751 1.133042 6001113 13 0 6.31756 1.63394 6001113 11 1 242 204
1 0.6342273 1.05356 0.3835326 0 17.78775 1.667506 6001113 11 1 30.09696 1.245358 6001113 13 1 243 34
1 1.217313 1.182622 1.199648 1 77.34075 3.323055 6002113 11 1 53.55836 1.39688 6002113 13 1 245 455
1 1.126364 0.9389989 1.211138 0 51.2078 2.112856 6001113 13 1 35.9072 1.31574 6001113 11 1 246 323
1 1.199401 1.201198 1.170168 0 13.10027 2.737828 6001113 11 1 32.43735 1.338029 6001113 13 1 963 479
1 1.036252 1.095703 0.9699052 0 126.8395 1.237615 6002113 13 1 99.86787 1.430679 6002113 11 1 966 63
1 0.1991887 0.05938704 0.4717879 0 167.5229 4.014423 6002113 11 1 32.74425 1.334229 6002113 13 1 967 421
1 1.217313 1.182622 1.199648 0 10.44085 6.860518 6003113 11 1 103.0621 1.519269 6003113 13 1 968 142
1 1.190567 1.223018 1.152597 1 21.71449 3.162338 6001113 13 0 41.78745 2.971246 6001113 11 1 970 371
1 0.1014541 0.02299071 0.3029553 1 44.43611 1.337443 6001113 13 0 3.232119 1.075236 6001113 11 1 972 147
1 1.048997 1.136673 0.9559695 0 99.69129 1.307133 6002113 11 1 53.49313 1.172973 6002113 13 1 684 169
1 0.07905591 0.01690496 0.2492307 0 25.1711 1.422348 6002113 11 1 80.09381 1.763093 6002113 13 1 684 219
1 0.665028 0.3662483 0.9755856 0 14.57717 2.317983 6001113 11 1 67.51139 1.196572 6001113 13 1 542 270
1 1.056557 1.108524 0.9965968 0 237.8974 1.883811 6002113 11 1 48.50772 2.224568 6002113 13 1 544 392
1 0.2792014 0.09677438 0.588659 1 45.142 1.161925 6002113 13 0 5.461684 1.164769 6002113 11 1 252 86
1 0.5380682 0.2637946 0.8676014 0 36.23671 2.662815 6001113 11 1 45.48107 1.463813 6001113 13 1 254 231
1 1.526225 2.04983 1.080738 0 1.818137 2.033195 6001113 11 1 77.64828 1.531664 6001113 13 1 254 372
1 1.106427 1.150534 1.053346 1 45.9352 1.47639 6003113 13 0 120.3298 1.837847 6003113 11 1 255 247
1 0.9517445 0.6636014 1.162862 0 163.2855 1.14508 6002113 11 1 63.66357 1.194403 6002113 13 1 257 192
1 0.665028 0.3662483 0.9755856 0 9.528364 1.613047 6002113 11 1 35.15825 1.203571 6002113 13 1 257 444
1 1.192805 1.083559 1.213989 1 65.11192 2.769825 6001113 13 0 32.00186 5.045544 6001113 11 1 432 483
1 1.645109 2.1548 1.183545 0 5.193079 1.416302 6001113 11 1 25.22123 1.179783 6001113 13 1 434 79
1 1.289688 1.878288 0.892531 1 43.5764 1.188566 6001113 13 1 35.58852 1.136971 6001113 11 1 435 373
1 1.048997 1.136673 0.9559695 1 1.856603 1.498762 6001113 11 1 37.08338 1.243504 6001113 13 1 260 368
1 1.099519 1.139476 1.051563 0 524.1165 2.533615 6002113 11 1 37.94696 1.290627 6002113 13 1 260 396
1 0.747205 0.4303799 1.057145 1 24.73733 1.024942 6001113 13 0 22.97185 3.748028 6001113 11 1 262 90
1 1.298986 1.452146 1.156092 1 36.35399 1.453092 6001113 13 0 17.62292 1.223704 6001113 11 1 263 283
1 1.062846 1.139449 0.9784784 0 40.04546 1.843036 6001113 13 0 98.07939 1.173747 6001113 11 1 265 12
1 1.057513 1.112379 0.9951048 1 95.29943 1.770445 6002113 11 1 24.77473 2.313584 6002113 13 1 265 230
1 1.206555 1.21522 1.17542 1 65.62198 1.182755 6001113 13 1 7.673256 1.275093 6001113 11 1 266 304
1 1.143675 1.253919 1.033471 0 53.41113 1.701381 6002113 11 1 97.635 1.725804 6002113 13 1 266 464
1 1.147959 1.183877 1.106546 1 80.87343 1.319787 6003113 13 0 4441.802 2.059021 6003113 11 1 267 149
1 0.5762256 0.2893137 0.9113798 0 265.0272 2.840082 6002113 11 1 85.2598 1.302428 6002113 13 1 267 190
1 0.5762256 0.2893137 0.9113798 0 21.50263 4.486845 6002113 11 1 61.75624 1.145215 6002113 13 1 268 287
1 1.106427 1.150534 1.053346 1 54.65825 2.120459 6002113 13 0 29.42549 3.289801 6002113 11 1 268 296
1 1.192805 1.083559 1.213989 1 35.06951 1.168663 6002113 11 1 49.2872 1.448007 6002113 13 1 270 12
1 1.152971 1.190243 1.109341 1 48.43801 1.495068 6001113 13 0 10.18495 1.190958 6001113 11 1 270 141
1 1.176288 1.010978 1.239274 1 81.38978 1.143579 6002113 13 0 185.408 2.83838 6002113 11 1 271 130
1 0.1014541 0.02299071 0.3029553 1 109.4117 1.11732 6003113 13 0 407.9318 5.286994 6003113 11 1 271 402
1 1.152501 1.258655 1.04415 1 35.57231 1.258559 6001113 13 0 80.04642 2.328566 6001113 11 1 272 357
1 1.036252 1.095703 0.9699052 1 44.45483 1.233904 6001113 13 0 10.08993 1.58371 6001113 11 1 272 448
1 0.06958118 0.01446482 0.2254303 0 183.5567 1.274251 6002113 11 1 73.35748 1.566149 6002113 13 1 273 38
1 1.329532 1.478061 1.189894 0 7.928909 1.327811 6001113 11 1 35.19924 1.096852 6001113 13 1 274 362
1 1.190567 1.223018 1.152597 1 32.95878 1.213614 6001113 13 0 20.13633 1.170843 6001113 11 1 275 288
1 1.147959 1.183877 1.106546 0 281.6938 1.235566 6002113 11 1 36.04937 1.201823 6002113 13 1 277 240
1 0.2792014 0.09677438 0.588659 1 42.16043 1.198228 6002113 13 0 556.4435 3.4014 6002113 11 1 277 412
1 1.099696 0.9023142 1.195627 1 53.73941 1.56272 6002113 13 0 2.531098 2.625722 6002113 11 1 277 473
1 1.206555 1.21522 1.17542 1 25.39533 1.10225 6001113 13 0 17.7105 1.504546 6001113 11 1 278 32
1 1.112575 1.233052 0.9981722 1 69.17899 1.394439 6001113 13 1 27.96677 1.27548 6001113 11 1 280 297
1 0.02402195 0.003812468 0.1069883 0 20.05525 1.188058 6001113 11 1 31.53601 1.414183 6001113 13 1 280 335
1 1.1849 1.214892 1.148506 0 175.0494 1.51263 6002113 11 1 33.24488 1.44432 6002113 13 1 280 369
1 1.566869 2.206142 1.088645 1 7.480846 1.330374 6001113 11 1 26.02187 1.072883 6001113 13 1 283 177
1 1.031225 1.102163 0.9526981 1 31.1662 1.703352 6001113 13 0 9.498453 1.588686 6001113 11 1 284 362
1 1.055133 1.104334 0.9975671 0 8.878137 1.253397 6002113 11 1 43.73441 1.941484 6002113 13 1 286 185
1 1.152501 1.258655 1.04415 1 27.79147 1.9417 6001113 11 1 65.55868 1.241176 6001113 13 1 580 414
1 1.10316 1.145079 1.05266 0 58.83125 1.381456 6001113 11 1 89.36765 1.175693 6001113 13 1 581 242
1 1.761918 2.058838 1.43754 1 27.45521 1.488647 6002113 13 1 101.6115 1.382786 6002113 11 1 582 34
1 1.031225 1.102163 0.9526981 1 85.78401 1.291957 6002113 13 1 5.291884 1.881197 6002113 11 1 582 428
1 0.8332192 0.5015442 1.138243 1 1.031132 1.161878 6001113 11 1 41.74941 1.234306 6001113 13 1 585 263
1 0.1991887 0.05938704 0.4717879 1 43.91582 1.600691 6002113 13 0 439.7607 1.578075 6002113 11 1 586 443
1 1.050919 0.8056091 1.198818 1 40.43649 1.137416 6001113 13 0 2.055805 2.161265 6001113 11 1 586 490
1 1.123647 1.241142 1.010512 0 743.0859 1.224946 6002113 11 0 136.5421 1.211157 6002113 13 1 588 161
1 1.058012 1.115802 0.9930252 1 41.58418 1.179804 6002113 13 1 0.9939293 1.216864 6002113 11 1 589 95
1 1.645109 2.1548 1.183545 1 15.77446 1.328205 6001113 11 1 35.14697 1.161689 6001113 13 1 591 366
1 0.0400028 0.006971349 0.1567229 1 35.27985 1.111413 6001113 13 0 23.25363 1.604182 6001113 11 1 592 230
1 1.761918 2.058838 1.43754 1 72.67632 1.297003 6002113 13 1 39.57979 2.004221 6002113 11 1 592 236
1 1.645109 2.1548 1.183545 1 32.38749 1.124782 6003113 13 0 4924.989 2.084471 6003113 11 1 865 304
1 1.26516 1.422013 1.117256 1 78.54214 1.149455 6001113 13 1 9.321594 1.080925 6001113 11 1 734 293
1 1.048997 1.136673 0.9559695 1 57.20484 1.236556 6002113 13 0 119.8098 1.572813 6002113 11 1 734 346
1 0.9517445 0.6636014 1.162862 1 45.52004 1.167016 6001113 13 1 52.51767 1.404584 6001113 11 1 101 23
1 1.329532 1.478061 1.189894 1 45.576 1.931905 6001113 13 0 12.90377 2.204279 6001113 11 1 103 368
1 1.099696 0.9023142 1.195627 1 31.54756 1.070908 6002113 13 0 322.6384 1.301095 6002113 11 1 104 281
1 1.167323 1.186361 1.134647 1 23.79263 1.833415 6001113 13 1 0.05367442 1.923747 6001113 11 1 868 439
1 0.5675248 0.271593 0.9330701 1 34.68657 1.854936 6001113 13 0 16.7605 1.785249 6001113 11 1 871 440
1 1.053247 1.09991 0.9980844 0 39.56494 3.204768 6001113 11 1 40.7694 1.105285 6001113 13 1 872 116
1 1.059052 1.139164 0.9715886 1 50.37008 1.296479 6002113 13 1 232.1883 1.463425 6002113 11 1 872 164
1 1.164201 1.711426 0.8059074 1 43.47149 1.323534 6001113 13 0 2.372819 1.912665 6001113 11 1 874 227
1 1.152501 1.258655 1.04415 0 51.89867 1.446049 6001113 11 1 40.87182 1.952911 6001113 13 1 876 305
1 1.199401 1.201198 1.170168 0 69.98605 2.536642 6002113 11 1 44.95043 2.734275 6002113 13 1 879 190
1 0.7934737 0.4881172 1.065644 0 3.900162 1.05466 6001113 11 1 42.01291 1.648232 6001113 13 1 879 405
1 1.206555 1.21522 1.17542 0 155.9491 1.742145 6002113 11 1 47.77742 2.905091 6002113 13 1 881 75
1 1.058012 1.115802 0.9930252 1 180.4072 2.034482 6002113 11 1 42.03124 1.698196 6002113 13 1 881 83
1 1.151918 0.9752633 1.225726 1 42.7006 1.701576 6002113 13 1 152.0588 1.519389 6002113 11 1 881 212
1 1.705086 2.017803 1.363962 0 122.4582 6.721031 6002113 11 1 47.40587 1.836357 6002113 13 1 881 275
1 0.277155 0.4798076 0.1597663 0 412.3134 5.177133 6002113 11 1 71.46564 1.256496 6002113 13 1 881 473
1 1.053247 1.09991 0.9980844 0 34.56342 1.941935 6001113 11 1 28.56273 2.270275 6001113 13 1 594 19
1 1.031225 1.102163 0.9526981 1 30.99039 1.871931 6001113 13 0 6.063232 1.124513 6001113 11 1 597 202
1 1.058012 1.115802 0.9930252 1 37.18169 1.345857 6002113 13 0 421.7083 1.165804 6002113 11 1 598 153
1 1.183608 1.169262 1.159476 1 37.29816 1.509088 6001113 13 0 52.02994 1.39592 6001113 11 1 599 398
1 1.053247 1.09991 0.9980844 1 95.55032 1.546666 6002113 13 0 418.4583 3.285258 6002113 11 1 600 313
1 1.213336 1.227995 1.180605 1 47.02219 1.427896 6001113 13 0 18.31002 1.186068 6001113 11 1 601 348
1 1.20651 1.16088 1.193521 0 18.66093 1.818774 6001113 11 1 66.4686 1.323905 6001113 13 1 603 145
1 1.057513 1.112379 0.9951048 0 34.69154 1.172072 6001113 13 1 7.412893 1.388257 6001113 11 1 604 190
1 0.550346 0.6278339 0.4244023 0 0.7303692 2.122299 6001113 11 1 83.56079 1.246577 6001113 13 1 604 347
1 1.526225 2.04983 1.080738 0 148.0339 1.204188 6002113 13 1 14.67928 1.22479 6002113 11 1 605 239
1 1.217313 1.182622 1.199648 1 98.85877 1.152011 6001113 11 1 71.41494 1.204349 6001113 13 1 608 94
1 1.126364 0.9389989 1.211138 0 3.871004 1.1459 6001113 11 1 43.07944 1.172193 6001113 13 1 608 370
1 1.314649 1.46568 1.173482 0 273.9917 1.889527 6002113 11 1 28.40952 2.328779 6002113 13 1 609 222
1 1.143675 1.253919 1.033471 0 166.8745 2.182801 6002113 11 1 77.25607 1.389958 6002113 13 1 609 488
1 0.5226254 0.8798594 0.3137767 1 33.1374 2.165079 6001113 13 0 32.78537 1.810594 6001113 11 1 611 199
1 0.2208223 0.06788179 0.510611 1 42.60859 1.147727 6002113 13 0 97.5474 1.515462 6002113 11 1 611 289
1 0.3767309 0.1505117 0.7131262 0 1.421159 1.233822 6001113 11 1 25.60461 1.095973 6001113 13 1 883 111
1 1.152501 1.258655 1.04415 1 56.63794 1.310408 6001113 11 1 52.10907 1.254355 6001113 13 1 883 434
1 0.03009876 0.005032814 0.1242768 1 63.87366 1.173515 6001113 13 0 24.24877 1.853927 6001113 11 1 887 134
1 1.183608 1.169262 1.159476 1 35.9524 1.165974 6003113 13 0 3002.984 1.251461 6003113 11 1 888 325
1 1.017868 0.7662661 1.176325 1 0.2380451 1.504889 6001113 11 1 39.03619 1.124288 6001113 13 1 888 358
1 1.109295 1.155893 1.053631 1 119.3195 1.244156 6003113 13 0 817.3272 1.483825 6003113 11 1 889 485
1 1.550791 1.753763 1.352368 0 28.01194 1.19106 6001113 11 1 56.23904 1.503556 6001113 13 1 893 33
1 1.112575 1.233052 0.9981722 1 67.86088 1.229529 6002113 13 0 511.1953 1.350002 6002113 11 1 893 320
1 0.00526219 0.000796892 0.0301381 1 41.48608 1.526542 6001113 13 1 3.099686 1.650408 6001113 11 1 894 118
1 1.206555 1.21522 1.17542 1 33.26042 1.824841 6002113 13 0 272.3909 1.762905 6002113 11 1 894 151
1 1.0427 1.134261 0.9473373 0 2166.936 1.338913 6003113 11 1 101.7932 1.519809 6003113 13 1 896 35
1 0.0006217686 0.0001457552 0.002801804 1 33.68118 1.072854 6001113 13 0 9.857098 1.30399 6001113 11 1 898 283
1 1.050919 0.8056091 1.198818 1 90.23824 1.109891 6002113 13 0 272.2978 1.3333 6002113 11 1 612 68
1 1.055133 1.104334 0.9975671 0 32.34263 1.889122 6002113 13 0 28.68191 1.403401 6002113 11 1 612 457
1 1.033406 1.101364 0.958024 0 2793.675 1.247044 6003113 11 1 60.74016 1.387056 6003113 13 1 290 27
1 1.035838 1.098122 0.9666125 1 38.63132 1.122534 6002113 13 0 122.1555 1.369616 6002113 11 1 290 56
1 1.164201 1.711426 0.8059074 0 75.76533 1.200438 6001113 11 1 31.15235 1.320938 6001113 13 1 293 86
1 1.225386 1.141194 1.230719 0 3.314461 2.873824 6001113 11 1 45.07521 1.24755 6001113 13 1 293 397
1 1.26516 1.422013 1.117256 1 32.53746 1.586392 6002113 13 1 267.0991 1.222041 6002113 11 1 293 419
1 1.062846 1.139449 0.9784784 1 67.91006 1.247549 6002113 13 1 109.1856 1.12251 6002113 11 1 294 351
1 1.173319 1.196671 1.139395 0 31.29037 1.222194 6002113 11 1 59.62857 1.413031 6002113 13 1 295 14
1 0.9219857 1.364073 0.6240806 1 39.49024 1.166627 6001113 13 0 3.979137 2.153879 6001113 11 1 296 2
1 1.057513 1.112379 0.9951048 0 23.71505 2.997363 6001113 13 0 2.853961 3.84782 6001113 11 1 296 218
1 1.053247 1.09991 0.9980844 0 743.4869 3.405122 6002113 11 1 98.81281 1.278957 6002113 13 1 296 280
1 1.42456 2.044705 0.9864829 1 58.77497 1.459143 6002113 13 1 94.62785 2.42894 6002113 11 1 297 153
1 1.134034 1.248093 1.022271 1 41.10855 1.15072 6001113 13 0 8.467968 1.311494 6001113 11 1 300 297
1 0.04323696 0.007888732 0.160549 0 903.6101 1.857501 6002113 11 1 83.32632 1.160041 6002113 13 1 302 356
1 0.5179346 0.9281273 0.2807825 1 70.46126 1.348292 6002113 13 1 168.6712 1.463501 6002113 11 1 302 378
1 1.033406 1.101364 0.958024 1 250.6336 2.27677 6002113 11 1 26.67124 1.878084 6002113 13 1 303 282
1 0.3459568 0.1344595 0.6687537 1 73.0779 1.06271 6002113 13 0 372.401 3.76824 6002113 11 1 308 42
1 1.109295 1.155893 1.053631 0 147.1467 5.027457 6002113 11 1 68.88591 1.7467 6002113 13 1 308 312
1 0.747205 0.4303799 1.057145 0 53.20641 1.762843 6002113 11 1 33.86428 1.009709 6002113 13 1 311 457
1 1.176288 1.010978 1.239274 1 40.55409 1.103322 6001113 13 0 8.291517 1.895047 6001113 11 1 313 235
1 1.190567 1.223018 1.152597 0 102.0022 1.384745 6002113 11 1 33.5205 1.263723 6002113 13 1 105 358
1 0.7934737 0.4881172 1.065644 1 38.16691 1.157837 6001113 13 1 131.1165 1.35046 6001113 11 1 315 395
1 1.191782 1.185832 1.16486 1 57.31681 1.391988 6001113 13 0 46.81497 4.701609 6001113 11 1 317 99
1 1.705086 2.017803 1.363962 1 67.27654 1.220914 6001113 13 0 6.678121 3.527792 6001113 11 1 320 407
1 1.56971 1.920896 1.202337 0 1418.227 1.442451 6003113 11 1 36.68112 1.500673 6003113 13 1 321 311
1 0.3920611 0.7237228 0.2037318 1 52.43871 1.304275 6002113 13 1 246.8453 2.919275 6002113 11 1 321 356
1 1.298986 1.452146 1.156092 1 73.15388 1.519526 6002113 13 0 384.8555 1.917932 6002113 11 1 324 9
1 1.227292 1.202911 1.205555 1 22.64627 2.268383 6002113 13 0 46.92731 3.668431 6002113 11 1 324 232
1 1.206555 1.21522 1.17542 1 240.8056 1.697129 6002113 11 1 61.16292 1.191824 6002113 13 1 326 483
1 1.112575 1.233052 0.9981722 0 285.7709 1.05791 6002113 11 1 23.94351 1.579784 6002113 13 1 327 333
1 1.566869 2.206142 1.088645 0 9.334636 2.320356 6001113 11 1 41.40518 1.13744 6001113 13 1 327 409
1 1.298986 1.452146 1.156092 0 96.53706 1.357939 6003113 13 0 285.4521 1.468086 6003113 11 1 1 262
1 1.055133 1.104334 0.9975671 1 0.004804207 3.0129 6002113 11 1 42.01578 1.30783 6002113 13 1 1 371
1 1.056557 1.108524 0.9965968 1 92.73013 1.468162 6002113 13 0 28.9317 2.354741 6002113 11 1 3 24
1 0.4544891 0.2018274 0.792879 1 48.32587 1.185676 6002113 13 1 477.3612 2.971277 6002113 11 1 3 228
1 1.034916 1.100018 0.9626585 0 50.41553 1.301627 6001113 13 0 22.65345 4.466797 6001113 11 1 4 113
1 1.050919 0.8056091 1.198818 1 12.61916 1.145008 6001113 13 0 19.21515 1.243511 6001113 11 1 4 248
1 0.6159488 0.3166172 0.9557644 1 66.13248 1.278782 6002113 13 0 50.806 6.33319 6002113 11 1 108 486
1 0.5380682 0.2637946 0.8676014 0 50.65876 1.338479 6001113 13 0 2.150028 4.616793 6001113 11 1 112 254
1 0.4205023 0.1819855 0.7484848 0 4844.159 1.798645 6003113 11 0 93.56989 1.254107 6003113 13 1 113 452
1 1.106427 1.150534 1.053346 1 12.10113 2.746125 6001113 11 1 34.91282 1.245033 6001113 13 1 114 112
1 0.9517445 0.6636014 1.162862 1 33.53157 1.319801 6001113 13 0 3.826431 1.301909 6001113 11 1 116 35
1 1.56971 1.920896 1.202337 1 86.25564 1.419526 6002113 13 0 205.4264 1.367051 6002113 11 1 116 476
1 1.199401 1.201198 1.170168 0 73.13469 1.359477 6001113 13 1 66.48624 1.90715 6001113 11 1 117 93
1 1.106427 1.150534 1.053346 1 1.002329 1.311885 6001113 11 1 58.73621 1.329331 6001113 13 1 117 174
1 1.151918 0.9752633 1.225726 0 7.420668 1.216214 6001113 11 1 44.75861 1.369526 6001113 13 1 154 434
1 0.4094664 0.1680855 0.7591912 1 75.17534 1.17227 6002113 11 1 20.88436 1.199872 6002113 13 1 155 56
1 1.036252 1.095703 0.9699052 0 15.44194 1.363202 6002113 11 1 75.08884 1.151178 6002113 13 1 155 428
1 0.747205 0.4303799 1.057145 1 17.43713 1.080435 6001113 13 0 36.80169 7.699304 6001113 11 1 157 373
1 1.329532 1.478061 1.189894 1 75.81826 1.544628 6002113 13 1 382.5665 3.38644 6002113 11 1 158 284
1 1.048997 1.136673 0.9559695 0 501.23 19.63705 6002113 11 1 43.89796 1.100067 6002113 13 1 160 39
1 1.126364 0.9389989 1.211138 0 33.30669 1.353295 6002113 11 0 222.0226 1.459589 6002113 13 1 329 194
1 1.227292 1.202911 1.205555 1 44.30859 1.456647 6001113 13 1 6.942573 1.796982 6001113 11 1 330 298
1 1.206555 1.21522 1.17542 0 1.79642 4.98179 6001113 11 1 19.0842 1.253815 6001113 13 1 332 465
1 0.5380682 0.2637946 0.8676014 1 15.56432 1.151741 6002113 11 1 77.70152 1.520941 6002113 13 1 333 112
1 1.142868 1.177299 1.103399 0 81.64156 1.324172 6003113 13 0 2592.601 1.184815 6003113 11 1 333 447
1 1.059052 1.139164 0.9715886 1 49.15989 1.57135 6001113 13 0 15.22525 1.225991 6001113 11 1 333 473
1 0.8332192 0.5015442 1.138243 1 52.39197 1.604074 6002113 13 0 278.6497 2.567557 6002113 11 1 334 72
1 0.2878669 0.552692 0.143025 0 10.89796 2.146242 6001113 11 1 24.39108 1.242134 6001113 13 1 335 30
1 0.9894024 0.7036328 1.19152 1 26.97821 1.142725 6001113 13 0 43.68144 1.159854 6001113 11 1 335 203
1 0.747205 0.4303799 1.057145 0 48.23053 1.179478 6001113 13 0 6.588028 1.4617 6001113 11 1 335 484
1 1.199401 1.201198 1.170168 0 52.00077 1.231637 6001113 11 1 19.08786 1.168253 6001113 13 1 340 70
1 1.033406 1.101364 0.958024 1 39.49429 2.554174 6001113 13 1 28.95529 1.962453 6001113 11 1 340 135
1 1.095596 1.133769 1.050051 0 12.05856 1.728694 6001113 11 1 18.60423 2.333271 6001113 13 1 793 123
1 1.152501 1.258655 1.04415 0 3.761424 1.430128 6001113 11 0 23.31567 2.074589 6001113 13 1 793 194
1 1.705086 2.017803 1.363962 1 39.37682 1.257995 6001113 13 0 22.50739 1.170985 6001113 11 1 652 422
1 1.143675 1.253919 1.033471 1 6.706458 2.465493 6001113 11 1 30.24537 1.270751 6001113 13 1 654 36
1 1.209625 1.112975 1.222657 0 36.48919 1.263882 6001113 11 1 53.13374 1.181202 6001113 13 1 656 288
1 1.145385 0.9245803 1.259718 1 84.86648 1.295208 6002113 11 1 88.97338 1.201696 6002113 13 1 657 56
1 1.059052 1.139164 0.9715886 1 48.50595 1.049349 6002113 13 0 123.6528 1.023718 6002113 11 1 657 158
1 1.035838 1.098122 0.9666125 1 59.93553 1.498655 6002113 13 0 98.95246 1.160618 6002113 11 1 658 354
1 1.0427 1.134261 0.9473373 0 138.6074 1.37289 6002113 11 1 24.75942 1.283675 6002113 13 1 658 369
1 1.095596 1.133769 1.050051 1 33.45948 1.70832 6001113 13 1 11.49972 2.178471 6001113 11 1 662 206
1 1.194803 1.137859 1.187115 1 96.31982 1.320723 6002113 13 0 77.42343 3.274707 6002113 11 1 664 201
1 0.4094664 0.1680855 0.7591912 1 60.21081 1.861174 6002113 13 0 124.4938 1.90844 6002113 11 1 937 260
1 0.4094664 0.1680855 0.7591912 0 717.4824 1.378594 6002113 11 1 52.01203 1.182109 6002113 13 1 938 476
1 1.031225 1.102163 0.9526981 1 115.6027 1.182049 6002113 13 0 68.9887 1.208969 6002113 11 1 940 293
1 1.190567 1.223018 1.152597 1 35.47966 1.0449 6001113 13 0 14.3249 1.707378 6001113 11 1 941 25
1 1.209625 1.112975 1.222657 0 3.356346 2.086779 6001113 11 1 43.21529 1.312853 6001113 13 1 795 45
1 1.209625 1.112975 1.222657 0 913.2828 1.28306 6002113 11 1 43.16712 1.320072 6002113 13 1 797 106
1 1.099696 0.9023142 1.195627 0 1.557547 1.686821 6001113 11 0 136.8908 1.248808 6001113 13 1 798 91
1 1.56971 1.920896 1.202337 0 5.345373 1.261461 6001113 11 0 24.46827 1.373343 6001113 13 1 798 451
1 1.26516 1.422013 1.117256 0 466.9282 1.749298 6003113 11 1 53.57994 1.164011 6003113 13 1 799 401
1 1.173319 1.196671 1.139395 1 6.295012 2.743816 6001113 11 1 37.48061 1.549457 6001113 13 1 800 220
1 1.298986 1.452146 1.156092 0 371.4874 1.337005 6002113 11 1 35.68546 1.185859 6002113 13 1 801 174
1 1.217313 1.182622 1.199648 1 43.62884 1.209736 6002113 11 1 41.43604 1.658377 6002113 13 1 802 160
1 1.142868 1.177299 1.103399 1 86.1364 1.311807 6002113 11 1 48.26879 1.22437 6002113 13 1 803 495
1 1.209625 1.112975 1.222657 1 6.416355 1.480142 6001113 11 1 58.01089 1.607361 6001113 13 1 804 428
1 0.4094664 0.1680855 0.7591912 0 2.937505 2.050876 6001113 11 1 35.16101 2.601049 6001113 13 1 808 252
1 1.329532 1.478061 1.189894 1 54.16319 1.172043 6002113 13 0 315.9313 1.122804 6002113 11 1 942 136
1 1.314649 1.46568 1.173482 1 114.4983 1.228552 6002113 13 1 249.1019 1.840283 6002113 11 1 942 163
1 0.789787 0.4650854 1.097808 0 81.41672 1.167634 6002113 13 0 65.82994 1.237669 6002113 11 1 942 294
1 0.04957241 0.009268439 0.1791508 1 41.46839 1.042031 6002113 13 0 161.3266 3.077975 6002113 11 1 942 481
1 1.10316 1.145079 1.05266 1 44.53794 1.348002 6001113 13 1 8.06696 1.338872 6001113 11 1 943 319
1 1.033406 1.101364 0.958024 0 42.7727 1.350494 6002113 13 1 11.96947 1.96278 6002113 11 1 944 133
1 1.017868 0.7662661 1.176325 1 86.63459 1.150699 6002113 13 0 93.86004 1.406731 6002113 11 1 944 324
1 1.059052 1.139164 0.9715886 0 55.48977 1.461126 6001113 11 0 69.79424 1.201627 6001113 13 1 945 459
1 1.298986 1.452146 1.156092 1 34.7037 2.876898 6001113 13 0 7.307954 2.08307 6001113 11 1 946 292
1 0.1527629 0.0402692 0.399808 0 61.78002 1.730008 6002113 13 0 12.39433 1.804335 6002113 11 1 949 325
1 1.182032 1.113501 1.180358 1 3.128658 1.159281 6001113 11 1 36.18488 1.528463 6001113 13 1 949 487
1 1.192805 1.083559 1.213989 1 29.23545 1.02325 6001113 13 0 18.86271 3.455058 6001113 11 1 950 173
1 1.174602 1.053046 1.204645 0 336.5347 4.322435 6002113 11 1 98.00456 1.484105 6002113 13 1 950 243
1 1.157728 1.196465 1.111764 1 48.21975 2.14443 6001113 13 0 21.21514 5.568434 6001113 11 1 950 272
1 0.1793033 0.05184105 0.4351809 1 49.64095 3.316221 6002113 11 0 34.06019 2.683892 6002113 13 1 951 170
1 1.035838 1.098122 0.9666125 1 30.64339 1.65011 6001113 13 0 12.82752 1.279083 6001113 11 1 953 295
1 1.206555 1.21522 1.17542 1 51.31345 1.070145 6001113 13 0 7.396147 11.75148 6001113 11 1 954 372
1 1.213336 1.227995 1.180605 0 58.62519 1.179954 6002113 11 1 35.27728 1.134429 6002113 13 1 666 77
1 1.137649 1.170432 1.099925 0 21.5695 1.201792 6002113 11 1 56.92583 1.625206 6002113 13 1 668 392
1 1.048997 1.136673 0.9559695 1 64.40451 1.548792 6002113 13 1 49.19067 1.098857 6002113 11 1 668 477
1 0.6998869 0.3767799 1.045889 1 35.7864 1.105176 6001113 13 0 29.73739 2.517571 6001113 11 1 524 267
1 1.206555 1.21522 1.17542 1 18.40156 1.089168 6001113 11 1 10.34264 1.014086 6001113 13 1 524 456
1 1.42456 2.044705 0.9864829 0 10.11063 1.174033 6001113 11 1 89.27419 1.151688 6001113 13 1 525 184
1 1.126364 0.9389989 1.211138 1 52.47432 2.931111 6003113 13 0 131.0738 5.189502 6003113 11 1 526 199
1 1.055133 1.104334 0.9975671 1 24.14168 1.514055 6001113 13 0 1.606846 1.074473 6001113 11 1 526 390
1 0.747205 0.4303799 1.057145 1 112.958 1.08825 6002113 13 0 145.4098 1.781424 6002113 11 1 528 342
1 0.7934737 0.4881172 1.065644 0 94.89738 1.640173 6002113 11 1 106.7747 1.202059 6002113 13 1 528 387
1 0.3170899 0.1198369 0.6261138 0 327.7292 1.543901 6002113 11 1 19.89439 2.146573 6002113 13 1 529 389
1 0.4544891 0.2018274 0.792879 1 40.27859 1.070742 6001113 13 1 21.11545 1.123809 6001113 11 1 531 254
1 1.063672 0.7860307 1.245813 1 25.75876 3.560226 6002113 13 1 176.5961 2.488363 6002113 11 1 531 261
1 0.114587 0.02674881 0.3330998 1 7.61699 1.560647 6002113 11 1 65.38346 1.305213 6002113 13 1 531 448
1 0.0006593251 0.0001484919 0.003287253 1 32.46682 1.378068 6001113 13 0 45.83537 1.722728 6001113 11 1 533 23
1 1.048997 1.136673 0.9559695 1 54.62361 1.393407 6001113 13 1 8.936428 2.562925 6001113 11 1 533 77
1 1.705086 2.017803 1.363962 1 26.9051 1.255531 6002113 13 0 154.5923 1.329439 6002113 11 1 534 367
1 0.7934737 0.4881172 1.065644 0 45.22788 1.48841 6002113 11 1 97.54907 1.062282 6002113 13 1 536 56
1 0.4445066 0.7265916 0.2710897 1 37.67398 1.284381 6002113 13 0 131.6209 1.310678 6002113 11 1 536 469
1 1.0427 1.134261 0.9473373 0 41.51263 1.297965 6001113 11 1 31.80153 1.244218 6001113 13 1 538 436
1 1.114777 0.884905 1.24054 1 5.743692 1.689436 6001113 11 0 30.94242 1.38858 6001113 13 1 539 471
1 1.057513 1.112379 0.9951048 1 37.82772 2.300104 6001113 13 0 22.65293 1.453951 6001113 11 1 811 129
1 0.0400028 0.006971349 0.1567229 1 20.37745 1.118296 6001113 13 0 54.92645 1.733095 6001113 11 1 671 130
1 1.114777 0.884905 1.24054 1 89.46458 1.38049 6002113 13 1 97.56843 1.762155 6002113 11 1 672 43
1 1.10316 1.145079 1.05266 1 57.21508 1.311571 6002113 13 0 274.2401 1.15609 6002113 11 1 474 61
1 1.058012 1.115802 0.9930252 0 3.012326 1.361891 6001113 11 1 30.30898 1.831488 6001113 13 1 476 373
1 0.6998869 0.3767799 1.045889 1 36.67924 1.154652 6002113 13 1 56.79352 1.321954 6002113 11 1 478 264
1 1.109295 1.155893 1.053631 1 19.49773 1.339756 6001113 13 0 3.259519 3.293742 6001113 11 1 479 189
1 1.035838 1.098122 0.9666125 0 66.70723 3.690155 6002113 11 1 54.51139 1.903686 6002113 13 1 480 390
1 1.176288 1.010978 1.239274 1 67.36683 1.962046 6001113 13 1 55.27319 1.262321 6001113 11 1 481 428
1 1.057513 1.112379 0.9951048 0 114.1798 5.045351 6002113 11 1 59.51663 1.675129 6002113 13 1 484 69
1 1.179161 1.206147 1.144075 0 62.17374 4.219663 6002113 11 1 31.43415 1.618692 6002113 13 1 485 192
1 0.02402195 0.003812468 0.1069883 1 2.557297 1.679046 6002113 11 1 40.51023 1.253109 6002113 13 1 396 159
1 1.206555 1.21522 1.17542 0 62.74 1.435102 6002113 13 0 650.6428 1.251294 6002113 11 1 396 315
1 1.123647 1.241142 1.010512 0 78.61362 1.19067 6002113 13 0 63.20584 2.195606 6002113 11 1 396 382
1 1.033406 1.101364 0.958024 0 12.86431 3.64184 6001113 11 1 40.60644 2.182708 6001113 13 1 397 181
1 1.058012 1.115802 0.9930252 0 16.90475 1.19023 6001113 11 1 34.39985 1.208735 6001113 13 1 399 78
1 0.8383967 1.273376 0.5409222 1 68.71709 1.208118 6001113 13 1 1.128056 1.151401 6001113 11 1 399 359
1 1.034916 1.100018 0.9626585 0 14.05131 2.941447 6001113 11 1 37.51947 1.095889 6001113 13 1 399 420
1 0.6342273 1.05356 0.3835326 1 37.37058 1.152072 6001113 13 1 3.870313 1.345319 6001113 11 1 64 123
1 1.1849 1.214892 1.148506 1 8.819407 1.241751 6001113 11 0 56.8809 1.156667 6001113 13 1 64 151
1 0.1707681 0.04642279 0.4356818 1 22.46095 1.127267 6001113 13 0 57.73764 1.232852 6001113 11 1 66 155
1 1.057513 1.112379 0.9951048 1 205.3762 1.501471 6002113 11 1 76.62122 1.894469 6002113 13 1 71 306
1 1.126364 0.9389989 1.211138 0 43.25913 1.649909 6002113 11 1 101.5711 1.388527 6002113 13 1 72 20
1 0.9517445 0.6636014 1.162862 1 86.59359 1.211247 6002113 13 0 315.3934 5.633396 6002113 11 1 73 242
1 1.15499 1.021547 1.194574 0 5.144112 3.99403 6001113 11 1 72.15812 1.278636 6001113 13 1 74 116
1 1.217313 1.182622 1.199648 0 59.18678 2.216744 6001113 13 0 13.62878 26.27158 6001113 11 1 75 260
1 1.199428 1.046014 1.251733 1 61.94991 1.203635 6002113 13 0 694.7938 1.141561 6002113 11 1 75 410
1 1.057513 1.112379 0.9951048 1 41.72866 1.151016 6001113 13 0 33.69107 2.177865 6001113 11 1 76 332
1 1.152971 1.190243 1.109341 0 367.6975 3.489436 6002113 11 1 146.0912 1.508733 6002113 13 1 78 88
1 1.0427 1.134261 0.9473373 0 427.0206 1.637821 6002113 11 1 99.80954 1.495181 6002113 13 1 485 453
1 1.282494 1.437562 1.137462 1 75.14436 1.219149 6002113 13 0 13.04077 1.772054 6002113 11 1 487 138
1 1.524498 1.73059 1.317664 0 44.06097 2.046392 6002113 11 1 77.38682 1.217936 6002113 13 1 487 400
1 1.213336 1.227995 1.180605 1 109.8335 1.575276 6003113 13 0 2566.151 9.27061 6003113 11 1 488 465
1 1.152501 1.258655 1.04415 1 74.81728 1.200395 6002113 13 0 310.7041 1.274614 6002113 11 1 203 107
1 0.0002923865 6.758783e-05 0.001149122 1 53.5351 1.318451 6001113 13 0 3.218835 2.439463 6001113 11 1 205 283
1 1.199428 1.046014 1.251733 0 198.5424 1.235289 6002113 11 1 31.34439 1.689029 6002113 13 1 209 454
1 1.112575 1.233052 0.9981722 0 268.526 2.390863 6002113 11 1 90.30619 1.289664 6002113 13 1 210 63
1 1.056557 1.108524 0.9965968 1 53.93428 1.581701 6002113 13 0 343.7451 1.563825 6002113 11 1 211 424
1 0.5226254 0.8798594 0.3137767 1 4.303499 1.939866 6001113 11 1 23.24 1.695263 6001113 13 1 212 17
1 0.8748782 0.5617447 1.136825 1 17.02606 2.150341 6001113 11 1 56.71825 1.60227 6001113 13 1 212 277
1 1.314649 1.46568 1.173482 0 0.1088872 6.567223 6001113 11 1 25.16786 2.277122 6001113 13 1 215 98
1 0.3170899 0.1198369 0.6261138 1 4.442433 1.423467 6002113 11 1 95.62199 1.272528 6002113 13 1 215 244
1 1.095596 1.133769 1.050051 0 88.44043 10.63745 6002113 11 1 70.52696 1.64311 6002113 13 1 79 305
1 1.035838 1.098122 0.9666125 1 55.86094 1.253082 6001113 13 0 1.561267 1.534817 6001113 11 1 80 353
1 1.059052 1.139164 0.9715886 1 41.90407 1.920412 6001113 13 0 1.587903 4.846298 6001113 11 1 80 435
1 1.143675 1.253919 1.033471 1 73.94753 2.632551 6002113 13 0 6.983144 6.903715 6002113 11 1 81 238
1 1.034916 1.100018 0.9626585 1 96.11301 1.314049 6002113 13 0 124.169 1.842331 6002113 11 1 81 393
1 1.213336 1.227995 1.180605 1 50.91548 1.053769 6001113 13 0 0.236092 1.356053 6001113 11 1 400 172
1 1.026751 0.7444853 1.219196 0 64.86874 1.266572 6002113 11 0 73.59083 1.548496 6002113 13 1 401 40
1 1.035838 1.098122 0.9666125 1 56.41692 1.946625 6001113 13 1 6.433532 1.181755 6001113 11 1 401 457
1 1.114777 0.884905 1.24054 0 19.53425 1.706553 6002113 11 1 55.73804 1.135714 6002113 13 1 405 111
1 1.137649 1.170432 1.099925 0 129.4102 1.527525 6002113 11 1 50.93936 1.813662 6002113 13 1 405 191
1 1.174602 1.053046 1.204645 1 60.5385 1.753808 6001113 13 0 21.65203 6.609658 6001113 11 1 406 155
1 0.9517445 0.6636014 1.162862 0 43.338 1.397156 6002113 11 0 25.23804 1.42092 6002113 13 1 407 290
1 0.2539062 0.08544197 0.5475258 1 47.38463 3.741067 6001113 13 0 7.063479 1.539655 6001113 11 1 408 98
1 1.282494 1.437562 1.137462 1 52.39579 1.313922 6002113 13 1 192.212 1.088271 6002113 11 1 408 368
1 0.1080031 0.02598027 0.3057024 0 6.31356 1.735016 6001113 11 1 27.49582 1.727681 6001113 13 1 409 312
1 1.026751 0.7444853 1.219196 0 22.67489 1.287829 6001113 11 1 61.36784 1.413671 6001113 13 1 410 273
1 0.5380682 0.2637946 0.8676014 0 6.174908 1.872396 6001113 11 1 34.39365 2.158653 6001113 13 1 695 371
1 1.209625 1.112975 1.222657 1 211.1771 3.187124 6002113 11 1 83.95957 1.676211 6002113 13 1 695 384
1 0.7934737 0.4881172 1.065644 0 46.69043 3.506103 6002113 11 1 28.40289 1.214748 6002113 13 1 697 347
1 1.152501 1.258655 1.04415 0 567.5423 2.516218 6002113 11 0 119.3958 1.398068 6002113 13 1 698 90
1 1.15499 1.021547 1.194574 1 31.22277 1.516245 6001113 13 0 38.00077 1.184949 6001113 11 1 698 381
1 0.5380682 0.2637946 0.8676014 0 182.5169 2.679294 6002113 11 0 114.2274 1.360904 6002113 13 1 699 474
1 1.213336 1.227995 1.180605 0 124.8724 1.215367 6001113 11 1 46.25854 1.179399 6001113 13 1 701 379
1 1.227292 1.202911 1.205555 0 0.6187164 1.138206 6001113 11 1 52.44796 1.299477 6001113 13 1 973 223
1 1.054444 1.13827 0.9640688 1 47.61143 1.208371 6001113 13 1 50.58412 1.176406 6001113 11 1 973 286
1 1.112575 1.233052 0.9981722 0 711.7328 1.64478 6003113 11 1 37.94753 2.507259 6003113 13 1 974 240
1 1.055133 1.104334 0.9975671 0 121.3259 2.114993 6002113 11 1 37.19831 1.852098 6002113 13 1 976 68
1 0.5380682 0.2637946 0.8676014 0 36.73492 1.177329 6001113 13 0 9.239756 1.148892 6001113 11 1 976 102
1 1.145385 0.9245803 1.259718 1 61.4315 1.212602 6001113 13 0 31.94011 1.189126 6001113 11 1 976 396
1 1.152971 1.190243 1.109341 1 107.5268 1.303636 6002113 13 1 236.8436 1.401452 6002113 11 1 978 203
1 0.4903168 0.2233237 0.8385035 0 2.481311 1.37505 6001113 11 1 71.6778 1.167254 6001113 13 1 831 382
1 1.033406 1.101364 0.958024 1 24.26299 1.49674 6001113 11 1 72.15016 1.135856 6001113 13 1 837 407
1 0.1793033 0.05184105 0.4351809 1 52.73248 1.240358 6002113 13 0 1.340364 2.396823 6002113 11 1 838 103
1 1.209625 1.112975 1.222657 1 25.99799 1.419594 6002113 13 1 33.23766 1.17077 6002113 11 1 838 383
1 0.789787 0.4650854 1.097808 0 881.2845 5.636382 6002113 11 1 62.88763 1.370129 6002113 13 1 412 256
1 0.3358336 0.6520145 0.2384313 0 153.4231 3.114761 6002113 11 1 56.68272 1.428025 6002113 13 1 412 452
1 1.575265 1.775696 1.383444 0 2.420283 2.470086 6001113 11 1 49.86729 1.147245 6001113 13 1 840 211
1 1.053247 1.09991 0.9980844 0 154.8635 1.411776 6002113 11 1 20.62556 1.106385 6002113 13 1 841 195
1 0.4205023 0.1819855 0.7484848 0 42.48696 1.39467 6001113 11 1 30.17215 1.4106 6001113 13 1 843 150
1 1.147959 1.183877 1.106546 0 15.57026 1.187927 6001113 11 1 65.2319 1.931596 6001113 13 1 843 449
1 1.194803 1.137859 1.187115 1 71.87093 1.345644 6003113 13 0 601.4299 2.819933 6003113 11 1 558 69
1 1.033406 1.101364 0.958024 0 94.42754 1.156456 6002113 13 1 291.6927 1.55664 6002113 11 1 558 396
1 1.050919 0.8056091 1.198818 0 260.0561 1.116913 6002113 11 1 59.56989 1.27013 6002113 13 1 558 467
1 1.206555 1.21522 1.17542 0 1714.616 1.984489 6003113 11 1 62.40411 1.331086 6003113 13 1 559 21
1 1.149237 1.698801 0.7921503 0 47.31283 3.219854 6002113 11 0 98.94801 1.369547 6002113 13 1 559 90
1 1.057513 1.112379 0.9951048 1 48.45659 2.144029 6001113 13 0 25.74009 1.649772 6001113 11 1 560 165
1 1.058012 1.115802 0.9930252 1 19.81033 2.069486 6001113 13 0 3.543739 3.694549 6001113 11 1 560 256
1 1.056557 1.108524 0.9965968 1 36.76515 1.33895 6001113 13 0 2.309598 1.84814 6001113 11 1 979 201
1 0.1991887 0.05938704 0.4717879 1 35.78901 1.453397 6001113 13 0 20.81546 1.268621 6001113 11 1 981 496
1 0.6159488 0.3166172 0.9557644 1 154.0891 1.380611 6002113 11 0 106.6402 1.444143 6002113 13 1 983 321
1 0.2304392 0.07526134 0.508429 1 92.306 1.133325 6003113 13 0 1328.364 1.08867 6003113 11 1 987 359
1 0.9574994 0.6410515 1.205563 1 33.18213 1.355122 6002113 13 0 189.8338 1.36953 6002113 11 1 987 395
1 1.152501 1.258655 1.04415 0 29.41814 1.379702 6001113 11 1 76.37188 2.377926 6001113 13 1 988 160
1 0.1014541 0.02299071 0.3029553 1 30.10519 1.61324 6001113 13 0 11.34339 2.263225 6001113 11 1 988 353
1 1.123647 1.241142 1.010512 0 57.35747 1.208909 6002113 13 1 53.29892 1.171374 6002113 11 1 988 368
1 0.1991887 0.05938704 0.4717879 1 29.72398 1.147529 6001113 13 0 9.624923 1.25048 6001113 11 1 702 25
1 1.031225 1.102163 0.9526981 1 30.81312 1.381547 6002113 13 0 588.5383 1.166877 6002113 11 1 707 58
1 1.26516 1.422013 1.117256 1 100.3203 1.190915 6002113 13 0 768.9427 2.238258 6002113 11 1 561 257
1 0.02402195 0.003812468 0.1069883 1 108.4125 1.387574 6002113 13 0 247.2318 3.742424 6002113 11 1 562 49
1 1.641128 1.972201 1.285192 1 19.87104 1.86149 6001113 13 0 30.34261 1.533181 6001113 11 1 564 130
1 1.054444 1.13827 0.9640688 1 33.66333 2.363499 6001113 13 0 13.13091 1.614728 6001113 11 1 565 416
1 1.112575 1.233052 0.9981722 0 403.8268 1.860169 6002113 11 1 80.67082 1.405465 6002113 13 1 566 495
1 1.123647 1.241142 1.010512 0 760.4744 8.341903 6002113 11 1 60.15385 1.724701 6002113 13 1 567 127
1 1.056557 1.108524 0.9965968 0 43.54989 1.254974 6001113 11 1 71.26783 1.59884 6001113 13 1 570 372
1 1.167323 1.186361 1.134647 1 15.39092 1.13993 6002113 11 1 74.10468 2.066624 6002113 13 1 571 339
1 1.106427 1.150534 1.053346 1 8.565225 1.139966 6002113 11 1 46.02516 1.262445 6002113 13 1 572 342
1 1.866054 2.331325 1.3979 1 45.51345 2.763446 6002113 13 0 201.3793 16.0793 6002113 11 1 573 55
1 0.7055845 0.3974356 1.016366 1 64.46038 1.239358 6001113 13 1 34.07106 1.23902 6001113 11 1 575 373
1 1.152501 1.258655 1.04415 0 109.4722 3.03773 6002113 11 1 60.434 1.340163 6002113 13 1 575 435
1 0.1991887 0.05938704 0.4717879 1 53.02681 1.280694 6003113 13 0 354.0817 1.596275 6003113 11 1 846 395
1 0.7268606 1.122648 0.4611204 0 343.9626 1.19671 6002113 11 0 82.53002 1.145268 6002113 13 1 848 144
1 1.641128 1.972201 1.285192 1 24.02898 1.185077 6002113 13 0 581.1708 1.597128 6002113 11 1 708 141
1 1.050919 0.8056091 1.198818 1 64.22012 1.061072 6001113 13 1 1.821101 1.610401 6001113 11 1 709 405
1 1.109295 1.155893 1.053631 1 42.49747 1.075428 6002113 13 0 34.08492 3.044245 6002113 11 1 710 412
1 1.095596 1.133769 1.050051 1 76.75157 1.146943 6001113 13 0 27.03354 2.071057 6001113 11 1 710 479
1 0.1707681 0.04642279 0.4356818 0 12.15827 1.890938 6001113 11 1 32.5807 1.181894 6001113 13 1 712 159
1 1.048997 1.136673 0.9559695 1 44.83297 1.468628 6001113 13 0 34.92622 8.439543 6001113 11 1 712 197
1 1.050919 0.8056091 1.198818 0 1.725971 1.248742 6001113 11 1 32.173 1.126954 6001113 13 1 713 40
1 1.033406 1.101364 0.958024 0 777.9068 6.908988 6003113 11 1 55.14186 1.273315 6003113 13 1 713 96
1 1.057513 1.112379 0.9951048 1 45.3007 1.068523 6002113 13 0 78.46542 1.326498 6002113 11 1 716 278
1 1.056557 1.108524 0.9965968 1 72.38537 1.283474 6002113 11 1 26.94582 1.685482 6002113 13 1 718 293
1 1.191782 1.185832 1.16486 1 55.24384 1.175681 6002113 11 1 108.3099 1.180928 6002113 13 1 718 311
1 0.00101149 0.0002112473 0.005580286 0 18.67565 2.408729 6002113 11 1 52.69456 1.210384 6002113 13 1 991 167
1 0.114587 0.02674881 0.3330998 0 6.86994 2.062009 6002113 11 1 63.58295 1.161956 6002113 13 1 992 408
1 1.095596 1.133769 1.050051 1 4.370809 3.381282 6001113 11 1 97.64285 1.160813 6001113 13 1 996 167
1 0.4442115 0.1872741 0.8068974 0 89.05161 1.221865 6001113 13 0 62.82935 1.14485 6001113 11 1 850 57
1 0.9517445 0.6636014 1.162862 1 47.19843 1.563153 6002113 13 0 434.7802 1.229923 6002113 11 1 850 393
1 1.149237 1.698801 0.7921503 0 715.6269 1.602534 6002113 11 1 67.27629 1.173299 6002113 13 1 852 144
1 1.298986 1.452146 1.156092 1 34.57086 1.673366 6001113 11 1 40.06458 1.712841 6001113 13 1 852 185
1 1.183608 1.169262 1.159476 0 32.78176 1.152261 6001113 11 1 38.77422 1.271887 6001113 13 1 853 252
1 1.142868 1.177299 1.103399 1 11.74003 1.257681 6001113 11 1 67.11647 1.459293 6001113 13 1 854 39
1 0.02402195 0.003812468 0.1069883 1 61.54142 1.285967 6002113 13 0 103.8661 1.692351 6002113 11 1 855 22
1 1.063672 0.7860307 1.245813 1 40.66283 1.743778 6001113 13 0 11.30642 2.088876 6001113 11 1 856 33
1 1.054444 1.13827 0.9640688 1 34.87547 1.718912 6001113 13 1 1.135017 2.414602 6001113 11 1 859 167
1 1.199401 1.201198 1.170168 0 50.86091 1.221505 6002113 11 1 43.7096 1.349192 6002113 13 1 861 399
1 1.182032 1.113501 1.180358 0 62.76114 2.36919 6002113 11 1 24.40422 1.144822 6002113 13 1 862 336
1 1.194803 1.137859 1.187115 1 63.97879 1.257495 6002113 13 1 120.1441 1.574242 6002113 11 1 862 459
1 1.812285 2.096335 1.505211 0 45.05082 1.394209 6001113 13 0 6.061518 6.060191 6001113 11 1 997 269
1 1.173319 1.196671 1.139395 1 0.3016455 1.442578 6001113 11 1 45.8423 1.0298 6001113 13 1 998 220
1 1.034916 1.100018 0.9626585 1 40.60342 1.066597 6002113 13 0 362.4423 1.308542 6002113 11 1 999 425
1 1.134034 1.248093 1.022271 1 41.06866 1.902837 6002113 13 1 12.52179 1.29931 6002113 11 1 999 461
1 1.114777 0.884905 1.24054 1 46.56586 1.205287 6001113 13 1 1.301154 1.278638 6001113 11 1 720 320
1 1.213336 1.227995 1.180605 1 53.02999 1.478404 6002113 13 0 74.33279 1.74015 6002113 11 1 721 161
1 0.3170899 0.1198369 0.6261138 0 13.88398 5.036933 6001113 11 1 37.22075 1.904316 6001113 13 1 724 4
1 0.2443026 0.07741789 0.5517042 0 7.23596 2.18783 6002113 11 1 53.79111 1.205705 6002113 13 1 724 85
1 1.183608 1.169262 1.159476 1 32.12289 1.729725 6001113 13 1 32.56856 1.220955 6001113 11 1 724 455
1 1.057513 1.112379 0.9951048 1 117.2828 1.270843 6003113 13 0 1081.351 1.434915 6003113 11 1 725 292
1 0.2443026 0.07741789 0.5517042 1 28.76998 1.760822 6001113 13 1 21.79474 2.182153 6001113 11 1 727 447
1 0.01649731 0.002495913 0.08064243 1 36.36593 1.223108 6001113 13 0 9.037547 1.153433 6001113 11 1 728 165
1 1.143675 1.253919 1.033471 0 57.60959 1.250227 6002113 11 1 63.33684 1.159834 6002113 13 1 729 336
1 1.282494 1.437562 1.137462 0 49.74355 1.191105 6001113 13 1 2.141736 1.153382 6001113 11 1 730 289
1 1.062846 1.139449 0.9784784 1 103.1824 1.572643 6002113 11 1 57.86395 1.188397 6002113 13 1 731 358
