1 0.5179346 0.9281273 0.2807825 1 22.62011 1.87134 6002113 13 0 90.89263 9.227266 6002113 13 1 376 162
1 1.199401 1.201198 1.170168 1 20.64169 1.186385 6002113 13 0 7.192538 4.195475 6002113 13 1 394 434
1 1.566869 2.206142 1.088645 0 0.08426448 7.926357 6002113 13 1 11.02557 1.264145 6002113 13 1 296 150
1 1.034916 1.100018 0.9626585 1 15.87206 1.078188 6002113 13 1 13.05209 1.103879 6002113 13 1 652 222
1 1.048836 1.548763 0.7254791 1 20.45159 1.525265 6002113 13 0 15.1559 6.199027 6002113 13 1 666 119
1 0.3767309 0.1505117 0.7131262 0 22.13977 6.077365 6002113 13 1 12.99824 1.421844 6002113 13 1 819 272
1 1.137649 1.170432 1.099925 1 19.76893 2.476285 6003113 13 0 218.8813 17.51876 6003113 13 1 10 151
1 1.282494 1.437562 1.137462 1 0.4694901 1.059974 6002113 13 0 12.84362 1.000962 6002113 13 1 410 216
1 1.199428 1.046014 1.251733 1 17.74896 3.026869 6002113 13 1 11.70998 1.075696 6002113 13 1 415 358
1 1.056557 1.108524 0.9965968 0 4.590387 5.752649 6002113 13 1 22.59911 1.005717 6002113 13 1 416 311
1 1.1849 1.214892 1.148506 1 17.78268 1.36975 6002113 13 0 76.93012 3.897892 6002113 13 1 114 309
1 1.182032 1.113501 1.180358 1 15.69482 1.26433 6002113 13 1 14.20591 1.169703 6002113 13 1 364 118
1 1.095596 1.133769 1.050051 1 12.95252 1.00215 6002113 13 1 7.077474 1.119037 6002113 13 1 627 178
1 0.02782141 0.00448657 0.1208789 1 13.01411 2.1498 6002113 13 0 28.33472 1.708384 6002113 13 1 539 408
1 1.157728 1.196465 1.111764 1 1.197353 1.931697 6002113 13 1 24.54176 1.246179 6002113 13 1 687 265
1 0.7934737 0.4881172 1.065644 1 25.11307 1.117161 6002113 13 0 21.01418 6.494773 6002113 13 1 970 452
1 1.191782 1.185832 1.16486 1 13.29163 1.171549 6002113 13 1 7.286993 1.000894 6002113 13 1 834 192
1 1.191782 1.185832 1.16486 0 17.98783 3.954704 6002113 13 1 31.71341 1.728023 6002113 13 1 985 259
1 1.034916 1.100018 0.9626585 0 30.21093 6.585385 6002113 13 1 29.30314 2.337777 6002113 13 1 698 242
1 0.8339615 0.5241884 1.101491 1 13.86496 1.235095 6002113 13 1 0.659918 1.702612 6002113 13 1 193 393
1 1.099696 0.9023142 1.195627 1 23.68194 1.115018 6003113 13 0 37.77888 2.646107 6003113 13 1 595 41
1 0.9219857 1.364073 0.6240806 0 1.698497 9.413325 6001113 13 1 8.209353 1.009299 6001113 13 1 210 314
1 1.314649 1.46568 1.173482 0 54.2234 18.08958 6003113 13 1 21.99334 3.164028 6003113 13 1 447 237
