1 0.6159488 0.3166172 0.9557644 0 24.34741 2.026779 6003113 13 0 1.389127 4.202249 6003113 11 1 793 421
1 0.1793033 0.05184105 0.4351809 0 6.061902 24.13722 6002113 11 1 15.93006 2.065363 6002113 13 1 752 163
1 0.665028 0.3662483 0.9755856 0 47.85516 2.469045 6002113 11 1 11.14427 2.300434 6002113 13 1 998 225
1 1.10316 1.145079 1.05266 0 6.508265 2.60077 6002113 11 1 17.04327 1.135928 6002113 13 1 717 324
1 1.56971 1.920896 1.202337 1 12.80014 1.220402 6002113 13 0 26.39282 1.205419 6002113 11 1 30 274
1 1.112575 1.233052 0.9981722 0 50.41264 1.786018 6003113 11 1 14.37755 1.002723 6003113 13 1 420 147
1 0.01417853 0.002128869 0.07081318 0 278.7306 2.68101 6003113 11 1 17.0734 2.367637 6003113 13 1 423 459
1 1.182032 1.113501 1.180358 0 1.428352 6.41637 6002113 11 1 20.39562 1.158466 6002113 13 1 561 412
1 1.183608 1.169262 1.159476 1 6.089399 1.35291 6002113 11 1 21.82524 1.684473 6002113 13 1 707 372
1 0.5292084 0.8493549 0.3262614 1 37.75981 2.24414 6003113 13 0 77.97662 4.820903 6003113 11 1 946 162
1 1.194803 1.137859 1.187115 1 2.173753 1.917151 6002113 11 1 16.39826 1.25184 6002113 13 1 157 114
1 1.192805 1.083559 1.213989 0 537.4609 8.616443 6003113 11 1 18.06886 2.008458 6003113 13 1 161 121
1 1.143675 1.253919 1.033471 1 18.68503 2.306496 6002113 13 0 0.6197035 6.259942 6002113 11 1 265 200
1 1.036252 1.095703 0.9699052 0 109.2533 1.291018 6003113 11 0 12.15616 1.069771 6003113 13 1 4 206
1 0.7055845 0.3974356 1.016366 1 19.08113 2.154165 6002113 13 1 19.31156 2.856431 6002113 11 1 411 303
1 1.206555 1.21522 1.17542 1 18.13226 2.340184 6002113 13 0 4.759761 1.407069 6002113 11 1 112 339
1 1.033406 1.101364 0.958024 1 25.83453 1.044348 6002113 13 0 56.60434 4.22858 6002113 11 1 346 304
1 1.191782 1.185832 1.16486 1 0.4434071 2.501367 6002113 11 1 11.63701 1.295012 6002113 13 1 901 492
1 1.15499 1.021547 1.194574 0 60.08312 2.517547 6003113 11 1 13.98201 1.085094 6003113 13 1 531 68
1 1.213336 1.227995 1.180605 0 122.3407 1.596087 6003113 11 1 13.71675 2.379666 6003113 13 1 481 356
1 1.550791 1.753763 1.352368 1 4.660588 2.486231 6002113 11 1 24.68868 2.147705 6002113 13 1 46 198
1 1.15499 1.021547 1.194574 1 36.2958 1.827476 6003113 13 0 157.0649 3.793036 6003113 11 1 55 266
1 0.789787 0.4650854 1.097808 0 297.5266 3.195007 6003113 11 1 22.36651 1.642521 6003113 13 1 58 470
1 1.213336 1.227995 1.180605 1 17.11335 1.502861 6002113 13 0 20.70613 6.363311 6002113 11 1 69 366
1 1.866054 2.331325 1.3979 0 16.09592 9.17351 6002113 11 1 27.83867 2.139175 6002113 13 1 458 221
1 1.054444 1.13827 0.9640688 0 375.1035 4.418149 6003113 11 1 24.51357 1.098312 6003113 13 1 465 164
1 1.46424 1.680344 1.235249 0 53.52238 1.497849 6003113 11 1 9.759038 1.114846 6003113 13 1 470 111
