1 1.137649 1.170432 1.099925 1 44.55022 1.704137 6001113 11 1 147.1631 2.650287 6001113 13 1 709 177
1 0.4205023 0.1819855 0.7484848 1 144.0411 1.466597 6002113 13 0 861.2964 2.003807 6002113 11 1 737 252
1 1.866054 2.331325 1.3979 1 76.56447 3.546047 6002113 13 0 1263.635 1.57737 6002113 11 1 901 386
1 1.1849 1.214892 1.148506 0 30.18719 6.40973 6001113 11 1 114.5355 2.415858 6001113 13 1 449 293
1 1.157728 1.196465 1.111764 1 47.56267 1.716702 6001113 11 1 97.73685 4.367362 6001113 13 1 30 429
1 1.20651 1.16088 1.193521 1 29.61826 2.417492 6001113 11 1 47.27369 3.417413 6001113 13 1 264 122
1 1.106427 1.150534 1.053346 1 47.41938 2.958011 6001113 13 1 70.21786 2.455495 6001113 11 1 198 262
1 1.225386 1.141194 1.230719 1 61.06316 3.780971 6002113 13 1 170.623 2.57463 6002113 11 1 840 391
1 1.054444 1.13827 0.9640688 1 223.0798 10.96894 6002113 13 1 171.1242 4.606447 6002113 11 1 556 401
1 1.645109 2.1548 1.183545 1 63.13279 1.762068 6001113 13 1 34.46346 1.733591 6001113 11 1 569 11
