1 1.109295 1.155893 1.053631 0 519.7415 3.877677 6002113 13 1 36.27964 1.830718 6002113 13 1 548 469
1 1.183608 1.169262 1.159476 0 14.08585 1.883428 6002113 13 1 169.2051 1.218639 6002113 13 1 550 225
1 1.49586 1.706142 1.278772 0 0.3214197 5.677639 6002113 13 1 75.99207 1.341394 6002113 13 1 551 118
1 1.173319 1.196671 1.139395 0 6.845933 4.648301 6002113 13 1 128.0366 1.302025 6002113 13 1 552 23
1 1.298986 1.452146 1.156092 1 75.85787 1.705409 6002113 13 0 254.7788 4.047936 6002113 13 1 556 332
1 1.46424 1.680344 1.235249 1 83.61386 1.802079 6002113 13 0 134.0461 1.369807 6002113 13 1 829 258
1 1.191782 1.185832 1.16486 0 105.8115 1.604184 6002113 13 0 45.87646 6.004321 6002113 13 1 689 212
1 1.26516 1.422013 1.117256 1 71.89468 1.087195 6002113 13 1 717.9063 3.453223 6002113 13 1 690 26
1 0.5675248 0.271593 0.9330701 0 56.05856 2.37914 6001113 13 0 43.62346 1.591496 6001113 13 1 690 62
1 1.15499 1.021547 1.194574 1 30.85225 1.204677 6002113 13 1 130.7697 1.613535 6002113 13 1 691 397
1 1.050919 0.8056091 1.198818 0 118.1789 1.259959 6001113 13 1 32.02898 1.923278 6001113 13 1 692 297
1 1.142868 1.177299 1.103399 0 107.6246 1.151432 6002113 13 0 14.22137 1.328456 6002113 13 1 175 377
1 0.9574994 0.6410515 1.205563 1 58.31456 1.410341 6001113 13 0 27.82261 1.695337 6001113 13 1 178 296
1 1.053247 1.09991 0.9980844 1 110.562 1.278078 6002113 13 1 114.7034 1.444692 6002113 13 1 361 390
1 1.033406 1.101364 0.958024 1 122.4837 1.232728 6002113 13 0 230.1567 2.798855 6002113 13 1 363 72
1 0.4269872 0.7264097 0.2541938 1 56.13866 1.263713 6001113 13 1 42.55105 1.284847 6001113 13 1 28 437
1 1.099519 1.139476 1.051563 0 68.99216 2.057161 6002113 13 1 40.21952 2.677762 6002113 13 1 28 473
1 1.812285 2.096335 1.505211 1 80.11961 1.304624 6003113 13 0 276.9851 1.604833 6003113 13 1 29 323
1 1.112575 1.233052 0.9981722 1 46.69208 1.537959 6002113 13 0 325.8611 1.17352 6002113 13 1 32 134
1 1.179161 1.206147 1.144075 1 42.16084 1.298811 6003113 13 0 953.2426 1.291251 6003113 13 1 34 48
1 0.01045493 0.001554879 0.05437054 1 40.78495 2.043925 6002113 13 0 476.5437 1.735375 6002113 13 1 179 386
1 1.49586 1.706142 1.278772 1 89.68996 1.156909 6002113 13 1 14.05146 1.240949 6002113 13 1 181 4
1 0.6998869 0.3767799 1.045889 1 157.4852 1.297853 6002113 13 1 44.52575 1.10258 6002113 13 1 455 274
1 1.566869 2.206142 1.088645 1 13.67318 1.536713 6001113 13 1 49.49848 1.442032 6001113 13 1 455 344
1 1.49586 1.706142 1.278772 0 12.98822 1.990512 6001113 13 1 30.76044 1.086519 6001113 13 1 455 496
1 1.56971 1.920896 1.202337 1 55.12769 1.764947 6002113 13 0 16.22701 1.64575 6002113 13 1 457 336
1 1.055133 1.104334 0.9975671 0 17.23248 1.353086 6001113 13 1 41.86879 1.20731 6001113 13 1 457 463
1 1.157728 1.196465 1.111764 1 119.5991 1.21867 6002113 13 1 66.05258 1.292489 6002113 13 1 458 408
1 1.099519 1.139476 1.051563 1 204.1776 1.225496 6002113 13 1 2.882579 1.290481 6002113 13 1 459 381
1 1.035838 1.098122 0.9666125 1 130.411 1.276772 6002113 13 1 72.82335 1.121661 6002113 13 1 460 281
1 1.329532 1.478061 1.189894 0 28.8352 1.21169 6001113 13 1 46.52317 1.197046 6001113 13 1 462 142
1 0.4205023 0.1819855 0.7484848 0 25.77277 2.237734 6002113 13 0 130.4029 1.195592 6002113 13 1 462 260
1 0.9517445 0.6636014 1.162862 0 54.73059 3.261898 6001113 13 1 27.62037 2.169514 6001113 13 1 463 256
1 1.055133 1.104334 0.9975671 0 40.87741 1.214166 6002113 13 1 159.4145 1.442788 6002113 13 1 465 261
1 0.7934737 0.4881172 1.065644 1 71.21427 1.249111 6002113 13 1 180.8425 2.556261 6002113 13 1 465 365
1 1.0427 1.134261 0.9473373 1 134.4151 1.848355 6002113 13 0 57.79553 1.733473 6002113 13 1 465 388
1 0.1707681 0.04642279 0.4356818 0 532.9114 1.184751 6002113 13 0 46.11711 1.185317 6002113 13 1 466 324
1 0.008972122 0.001331868 0.04754584 1 39.21141 3.021453 6001113 13 0 1.656973 1.439722 6001113 13 1 42 225
1 1.213336 1.227995 1.180605 1 172.7263 1.965129 6002113 13 1 55.20271 2.213378 6002113 13 1 43 382
1 1.053247 1.09991 0.9980844 0 10.77505 2.276876 6001113 13 1 22.11789 1.16762 6001113 13 1 364 62
1 1.062846 1.139449 0.9784784 0 0.9620191 3.388213 6001113 13 1 47.04188 1.131688 6001113 13 1 365 323
1 1.058012 1.115802 0.9930252 1 120.9002 1.330921 6002113 13 1 37.23857 1.816316 6002113 13 1 366 358
1 1.058012 1.115802 0.9930252 1 120.9002 1.330921 6002113 13 1 37.23857 1.816316 6002113 13 1 366 358
1 0.2443026 0.07741789 0.5517042 0 21.44853 1.428481 6002113 13 1 45.96672 1.480769 6002113 13 1 366 437
1 1.199401 1.201198 1.170168 0 96.76302 2.479287 6002113 13 1 73.2242 1.173798 6002113 13 1 367 50
1 1.137649 1.170432 1.099925 0 52.0845 2.58282 6001113 13 0 4.151443 4.418948 6001113 13 1 367 382
1 0.3170899 0.1198369 0.6261138 1 28.72236 2.140565 6001113 13 0 9.872683 2.154023 6001113 13 1 373 92
1 0.3170899 0.1198369 0.6261138 0 56.29761 1.629857 6002113 13 1 41.8789 1.321321 6002113 13 1 373 295
1 1.152501 1.258655 1.04415 1 54.23111 1.602973 6002113 13 0 273.5291 1.249931 6002113 13 1 341 145
1 1.49586 1.706142 1.278772 1 176.2896 1.362018 6002113 13 0 91.47623 2.753111 6002113 13 1 341 192
1 1.036252 1.095703 0.9699052 1 70.66442 1.252734 6001113 13 0 68.65512 1.579641 6001113 13 1 160 343
1 1.179161 1.206147 1.144075 0 91.91915 1.346581 6003113 13 0 948.3937 1.160394 6003113 13 1 162 258
1 1.209625 1.112975 1.222657 0 4.508262 2.528383 6001113 13 1 70.54297 4.260716 6001113 13 1 162 271
1 1.053247 1.09991 0.9980844 1 158.821 1.232096 6002113 13 0 95.81542 2.189911 6002113 13 1 162 470
1 0.8339615 0.5241884 1.101491 0 27.52309 3.565118 6001113 13 1 37.52069 1.84924 6001113 13 1 436 227
1 1.192805 1.083559 1.213989 1 23.30188 1.282997 6002113 13 0 191.1911 1.734179 6002113 13 1 436 269
1 1.194803 1.137859 1.187115 0 30.69833 7.445878 6001113 13 1 24.79438 1.445154 6001113 13 1 439 248
1 0.5762256 0.2893137 0.9113798 1 170.3251 1.358178 6002113 13 0 136.6226 3.585976 6002113 13 1 440 43
1 1.812285 2.096335 1.505211 0 76.91573 1.316349 6002113 13 0 445.1767 2.755395 6002113 13 1 440 67
1 1.026751 0.7444853 1.219196 0 725.8975 1.160054 6002113 13 1 114.1389 1.178236 6002113 13 1 440 225
1 1.164201 1.711426 0.8059074 1 60.26616 1.193228 6001113 13 0 1.965808 1.384108 6001113 13 1 444 147
1 1.15499 1.021547 1.194574 1 176.6707 2.454839 6002113 13 0 360.373 1.363294 6002113 13 1 444 225
1 1.048997 1.136673 0.9559695 0 14.37759 1.297611 6002113 13 1 34.41292 1.479728 6002113 13 1 445 282
1 0.747205 0.4303799 1.057145 0 275.7393 1.624246 6002113 13 1 58.19744 1.91581 6002113 13 1 447 240
1 0.3767309 0.1505117 0.7131262 1 35.98136 2.843188 6001113 13 0 50.81816 2.058347 6001113 13 1 448 193
1 1.031225 1.102163 0.9526981 1 36.39744 1.2572 6001113 13 1 7.881391 1.542739 6001113 13 1 342 73
1 1.112575 1.233052 0.9981722 1 195.6994 1.418296 6002113 13 1 69.33483 1.574481 6002113 13 1 342 77
1 1.282494 1.437562 1.137462 1 59.08691 1.345246 6002113 13 1 72.67149 1.123286 6002113 13 1 342 104
1 0.9219857 1.364073 0.6240806 1 62.70054 1.257183 6002113 13 1 2.276489 1.269625 6002113 13 1 344 82
1 0.0006593251 0.0001484919 0.003287253 1 46.92588 1.110119 6002113 13 0 363.3196 2.219652 6002113 13 1 345 84
1 1.147959 1.183877 1.106546 0 5.342898 5.675197 6002113 13 1 47.43465 1.19566 6002113 13 1 345 446
1 1.109295 1.155893 1.053631 1 44.1492 1.380358 6002113 13 0 31.38489 1.335023 6002113 13 1 11 9
1 1.106427 1.150534 1.053346 0 20.41136 1.672034 6001113 13 1 28.38838 1.063677 6001113 13 1 13 217
1 0.06958118 0.01446482 0.2254303 1 120.846 1.358539 6002113 13 0 279.748 3.291917 6002113 13 1 14 180
1 1.213336 1.227995 1.180605 1 19.77549 1.503335 6001113 13 1 100.8432 1.981758 6001113 13 1 15 119
1 1.031225 1.102163 0.9526981 1 41.59284 3.242337 6001113 13 0 25.45198 5.460104 6001113 13 1 16 169
1 1.057513 1.112379 0.9951048 0 69.69954 1.164603 6002113 13 0 281.6609 3.756074 6002113 13 1 17 269
1 1.137649 1.170432 1.099925 1 44.62836 1.579128 6001113 13 0 5.871899 4.760851 6001113 13 1 17 334
1 0.665028 0.3662483 0.9755856 0 148.8536 1.274192 6002113 13 0 194.5765 2.38527 6002113 13 1 20 460
1 1.123647 1.241142 1.010512 0 24.41415 9.78983 6002113 13 1 55.90525 1.572426 6002113 13 1 23 143
1 1.034916 1.100018 0.9626585 1 130.3562 2.436247 6002113 13 0 137.8835 1.541084 6002113 13 1 448 433
1 1.034916 1.100018 0.9626585 1 130.3562 2.436247 6002113 13 0 137.8835 1.541084 6002113 13 1 448 433
1 1.173319 1.196671 1.139395 0 141.4156 1.842015 6002113 13 1 50.35066 2.74831 6002113 13 1 451 417
1 1.575265 1.775696 1.383444 1 127.3187 1.815344 6002113 13 0 4.177188 5.707035 6002113 13 1 452 387
1 1.137649 1.170432 1.099925 1 75.42113 1.257372 6001113 13 1 8.567214 1.590228 6001113 13 1 453 259
1 1.034916 1.100018 0.9626585 0 419.6171 2.055207 6002113 13 1 81.39414 1.086166 6002113 13 1 453 400
1 1.209625 1.112975 1.222657 1 58.81172 2.180869 6001113 13 1 14.3229 1.801836 6001113 13 1 118 11
1 0.747205 0.4303799 1.057145 1 16.14853 1.316422 6001113 13 1 56.71972 1.49216 6001113 13 1 118 374
1 1.329532 1.478061 1.189894 0 80.78748 1.521453 6002113 13 1 39.68742 2.435731 6002113 13 1 119 222
1 1.20651 1.16088 1.193521 1 42.81892 1.268629 6002113 13 1 13.95589 1.599089 6002113 13 1 121 49
1 1.056557 1.108524 0.9965968 1 123.6038 1.2171 6002113 13 1 14.14506 1.14341 6002113 13 1 123 4
1 1.641128 1.972201 1.285192 1 89.5776 3.764343 6002113 13 0 15.74518 3.204811 6002113 13 1 125 343
1 1.114777 0.884905 1.24054 1 53.38633 1.425254 6001113 13 0 23.32417 3.35484 6001113 13 1 126 391
1 0.003497112 0.0005740048 0.02103336 0 12.24754 1.250717 6001113 13 1 37.1399 1.368737 6001113 13 1 126 490
1 1.42456 2.044705 0.9864829 1 10.5644 1.370539 6001113 13 1 30.40857 2.085102 6001113 13 1 128 469
1 1.0427 1.134261 0.9473373 1 44.82428 1.468943 6001113 13 0 8.215349 3.036624 6001113 13 1 130 143
1 0.6342273 1.05356 0.3835326 0 90.59037 1.198657 6002113 13 0 34.51345 3.681062 6002113 13 1 23 381
1 1.036252 1.095703 0.9699052 0 290.6469 2.173711 6002113 13 1 100.8037 1.049409 6002113 13 1 24 463
1 1.194803 1.137859 1.187115 1 131.4212 1.757442 6002113 13 0 66.1277 1.28975 6002113 13 1 25 189
1 1.03119 1.524041 0.7057037 1 32.30239 2.444624 6001113 13 0 50.38921 7.623064 6001113 13 1 26 312
1 0.9574994 0.6410515 1.205563 1 74.18723 1.175673 6001113 13 1 60.06044 1.143013 6001113 13 1 27 25
1 1.095596 1.133769 1.050051 1 116.7772 1.178768 6002113 13 1 116.1039 1.204293 6002113 13 1 346 194
1 1.147959 1.183877 1.106546 0 40.54453 1.25955 6002113 13 0 166.4853 4.460516 6002113 13 1 346 314
1 1.329532 1.478061 1.189894 0 10.61237 2.106619 6001113 13 1 46.61027 1.315619 6001113 13 1 347 378
1 1.152501 1.258655 1.04415 0 107.4888 2.964608 6002113 13 1 72.50487 1.48001 6002113 13 1 352 295
1 1.182032 1.113501 1.180358 0 94.13705 1.541451 6002113 13 1 123.3674 1.299964 6002113 13 1 352 407
1 1.059052 1.139164 0.9715886 0 6.283659 2.021382 6001113 13 1 49.96774 1.167619 6001113 13 1 353 360
1 0.5762256 0.2893137 0.9113798 0 1.129321 1.677187 6001113 13 1 46.76023 3.870057 6001113 13 1 354 17
1 1.059052 1.139164 0.9715886 0 40.37259 3.327089 6002113 13 1 61.54778 2.458244 6002113 13 1 355 23
1 1.145385 0.9245803 1.259718 1 33.9402 1.062503 6001113 13 1 39.69873 1.080455 6001113 13 1 355 53
1 0.1080031 0.02598027 0.3057024 0 16.71663 1.293277 6001113 13 1 38.50861 1.420067 6001113 13 1 355 160
1 1.524498 1.73059 1.317664 0 429.2431 1.192437 6002113 13 1 57.19654 1.164363 6002113 13 1 355 272
1 0.9574994 0.6410515 1.205563 1 22.4641 3.771087 6002113 13 0 57.2512 2.183926 6002113 13 1 357 256
1 0.2792014 0.09677438 0.588659 1 80.30129 1.156077 6001113 13 1 57.57449 1.291188 6001113 13 1 357 371
1 1.225386 1.141194 1.230719 0 168.0604 1.264575 6002113 13 1 17.5564 1.650762 6002113 13 1 358 137
1 0.8339615 0.5241884 1.101491 1 63.73784 1.861379 6002113 13 0 407.6583 1.834371 6002113 13 1 359 67
1 1.033406 1.101364 0.958024 0 307.3793 1.270978 6002113 13 1 178.857 1.940416 6002113 13 1 131 465
1 1.206555 1.21522 1.17542 1 165.5657 1.398268 6002113 13 1 29.53899 1.012365 6002113 13 1 132 138
1 1.036252 1.095703 0.9699052 0 509.7047 1.307129 6002113 13 1 86.05405 1.314599 6002113 13 1 133 448
1 1.106427 1.150534 1.053346 0 270.9011 3.983908 6002113 13 1 86.92227 1.358183 6002113 13 1 166 307
1 1.034916 1.100018 0.9626585 1 32.04227 3.170536 6001113 13 1 1.348839 1.722469 6001113 13 1 166 402
1 1.106427 1.150534 1.053346 1 88.5059 1.270243 6002113 13 0 719.2906 1.411806 6002113 13 1 376 141
1 1.142868 1.177299 1.103399 1 60.70597 1.940664 6001113 13 1 7.254298 1.094009 6001113 13 1 377 154
1 1.10316 1.145079 1.05266 0 414.3404 1.148686 6002113 13 0 143.9697 1.185006 6002113 13 1 470 158
1 1.151918 0.9752633 1.225726 1 33.36999 1.155776 6002113 13 0 127.8808 1.55555 6002113 13 1 470 307
1 1.053247 1.09991 0.9980844 0 6.854811 3.270407 6001113 13 1 41.27152 1.28124 6001113 13 1 471 60
1 1.192805 1.083559 1.213989 0 67.40523 2.506355 6002113 13 1 138.0749 1.460477 6002113 13 1 471 73
1 1.192805 1.083559 1.213989 0 282.3603 2.722579 6003113 13 1 57.65125 1.325031 6003113 13 1 136 129
1 1.062846 1.139449 0.9784784 1 11.19582 1.317012 6001113 13 1 56.40253 1.236971 6001113 13 1 136 163
1 1.126364 0.9389989 1.211138 0 41.93123 2.731855 6001113 13 1 64.95913 1.725846 6001113 13 1 136 276
1 1.182032 1.113501 1.180358 0 22.80626 6.091951 6001113 13 1 39.0288 2.095911 6001113 13 1 136 338
1 1.0427 1.134261 0.9473373 0 339.3288 1.47759 6002113 13 0 91.32748 1.84595 6002113 13 1 137 44
1 1.056557 1.108524 0.9965968 1 179.4668 2.766336 6002113 13 1 45.05959 1.147458 6002113 13 1 137 74
1 1.152501 1.258655 1.04415 1 94.66757 1.185224 6002113 13 0 448.3811 1.182605 6002113 13 1 137 97
1 1.059052 1.139164 0.9715886 1 81.01689 3.009656 6002113 13 0 26.19117 2.300183 6002113 13 1 138 73
1 1.46424 1.680344 1.235249 0 61.41552 4.084124 6002113 13 0 69.86324 1.625473 6002113 13 1 141 490
1 1.137649 1.170432 1.099925 1 38.10521 1.873851 6001113 13 1 35.62476 2.565439 6001113 13 1 142 251
1 1.137649 1.170432 1.099925 1 38.10521 1.873851 6001113 13 1 35.62476 2.565439 6001113 13 1 142 251
1 1.227292 1.202911 1.205555 1 2.490734 1.195463 6001113 13 1 26.75307 1.612221 6001113 13 1 144 394
1 1.199428 1.046014 1.251733 0 23.97893 1.456289 6001113 13 1 84.99149 1.243779 6001113 13 1 146 199
1 0.9894024 0.7036328 1.19152 1 53.54215 1.431855 6001113 13 0 34.67175 1.59951 6001113 13 1 146 265
1 1.314649 1.46568 1.173482 0 216.1899 1.207995 6002113 13 0 67.87652 1.878068 6002113 13 1 147 11
1 1.106427 1.150534 1.053346 1 81.74594 1.19093 6002113 13 1 9.539181 2.991298 6002113 13 1 147 103
1 0.5762256 0.2893137 0.9113798 1 29.89134 2.218728 6002113 13 0 9.718682 1.588946 6002113 13 1 149 297
1 1.157728 1.196465 1.111764 0 27.45907 1.315915 6001113 13 1 35.74872 1.553171 6001113 13 1 149 399
1 0.7934737 0.4881172 1.065644 1 25.97093 2.014074 6002113 13 0 115.4063 1.191498 6002113 13 1 149 490
1 0.5380682 0.2637946 0.8676014 1 39.20053 1.041627 6001113 13 1 46.92241 1.438967 6001113 13 1 378 344
1 1.191782 1.185832 1.16486 0 63.31559 1.076322 6002113 13 1 116.4562 1.525883 6002113 13 1 47 420
1 1.058012 1.115802 0.9930252 1 55.28952 1.224298 6001113 13 1 57.88403 1.853996 6001113 13 1 48 87
1 0.003659205 0.00058146 0.02178344 1 38.86003 3.59611 6001113 13 0 4.654025 4.119977 6001113 13 1 49 130
1 1.055133 1.104334 0.9975671 1 189.6077 1.137848 6002113 13 1 61.60575 1.264016 6002113 13 1 49 333
1 1.173319 1.196671 1.139395 0 10.65735 3.001867 6001113 13 1 26.3929 1.491857 6001113 13 1 50 419
1 1.048997 1.136673 0.9559695 1 24.12917 1.41764 6001113 13 0 32.60798 1.071613 6001113 13 1 55 143
1 0.5762256 0.2893137 0.9113798 1 124.3805 2.172143 6002113 13 1 48.9762 1.676339 6002113 13 1 57 194
1 1.031225 1.102163 0.9526981 0 592.717 1.3343 6002113 13 1 43.30845 2.849747 6002113 13 1 150 186
1 1.641128 1.972201 1.285192 1 192.3811 2.120787 6002113 13 1 76.38618 1.650956 6002113 13 1 152 308
1 1.182032 1.113501 1.180358 1 36.58207 1.459389 6001113 13 0 12.0874 1.395401 6001113 13 1 187 85
1 1.147959 1.183877 1.106546 1 94.73201 1.267803 6002113 13 0 106.8326 5.010577 6002113 13 1 187 202
1 1.56971 1.920896 1.202337 0 29.02297 4.292969 6001113 13 1 71.86053 1.646149 6001113 13 1 189 175
1 1.575265 1.775696 1.383444 1 34.47524 1.061671 6002113 13 0 487.9315 6.018668 6002113 13 1 190 218
1 1.134034 1.248093 1.022271 1 32.7482 1.412368 6001113 13 1 9.084954 1.049858 6001113 13 1 191 113
1 1.164201 1.711426 0.8059074 1 160.0684 1.114393 6002113 13 1 21.01267 1.059101 6002113 13 1 191 241
1 1.182032 1.113501 1.180358 0 26.53319 4.201282 6002113 13 1 106.8486 1.298452 6002113 13 1 194 220
1 0.9894024 0.7036328 1.19152 0 24.06908 2.710198 6002113 13 1 45.75274 2.181278 6002113 13 1 196 82
1 1.225386 1.141194 1.230719 1 26.4101 1.278132 6001113 13 0 13.15365 1.243229 6001113 13 1 196 320
1 1.033406 1.101364 0.958024 1 103.7529 1.400151 6002113 13 0 176.4658 1.330478 6002113 13 1 60 206
1 1.083255 0.8452013 1.220206 1 34.91034 1.520822 6001113 13 1 9.637619 1.267749 6001113 13 1 63 169
1 0.4442115 0.1872741 0.8068974 1 8.593502 1.271952 6001113 13 0 40.38839 1.119916 6001113 13 1 383 164
1 0.5292084 0.8493549 0.3262614 0 14.69886 1.750085 6001113 13 1 37.19222 1.962234 6001113 13 1 383 175
1 1.099696 0.9023142 1.195627 1 51.82483 1.280708 6002113 13 1 12.71701 1.315981 6002113 13 1 386 22
1 1.26516 1.422013 1.117256 1 43.13455 1.159277 6001113 13 0 1.115887 2.539361 6001113 13 1 388 300
1 1.192805 1.083559 1.213989 1 46.40169 2.19434 6002113 13 0 10.47216 1.329224 6002113 13 1 390 209
1 0.789787 0.4650854 1.097808 0 27.92232 1.362276 6002113 13 0 23.61002 1.765854 6002113 13 1 393 103
1 0.02071812 0.003240969 0.0945363 1 39.43911 1.289657 6002113 13 0 500.7942 1.400461 6002113 13 1 393 132
1 0.789787 0.4650854 1.097808 1 114.5396 1.625606 6002113 13 1 57.83142 1.673627 6002113 13 1 394 188
1 1.048836 1.548763 0.7254791 1 39.10888 1.820828 6001113 13 1 6.107972 2.973541 6001113 13 1 395 142
1 1.147959 1.183877 1.106546 0 127.1989 3.925963 6002113 13 0 114.6007 2.080894 6002113 13 1 395 210
1 0.665028 0.3662483 0.9755856 0 8.898715 2.168877 6001113 13 1 66.44965 1.981348 6001113 13 1 201 149
1 1.405111 1.934095 0.9833891 0 6.740763 1.627899 6001113 13 1 19.99928 2.120454 6001113 13 1 472 94
1 0.07905591 0.01690496 0.2492307 1 90.38315 3.339008 6002113 13 0 25.4877 1.331339 6002113 13 1 472 171
1 0.9160994 0.6007248 1.171549 0 5.794907 2.673244 6001113 13 1 57.62399 1.079746 6001113 13 1 473 294
1 1.173319 1.196671 1.139395 1 0.8030189 1.115636 6001113 13 1 102.4513 1.280197 6001113 13 1 426 73
1 1.173319 1.196671 1.139395 1 25.92121 1.828525 6001113 13 1 9.136397 1.312504 6001113 13 1 426 394
1 1.048997 1.136673 0.9559695 0 1163.076 1.527069 6003113 13 1 28.85058 1.066023 6003113 13 1 427 5
1 0.5292084 0.8493549 0.3262614 0 69.7944 3.217389 6001113 13 0 34.11707 3.182497 6001113 13 1 427 371
1 0.03009876 0.005032814 0.1242768 1 185.8527 1.385029 6002113 13 0 69.15487 1.580981 6002113 13 1 428 433
1 0.2443026 0.07741789 0.5517042 0 197.3166 8.323613 6002113 13 0 100.3785 2.774714 6002113 13 1 432 5
1 0.9138955 0.6245104 1.1333 1 107.1051 1.212282 6002113 13 1 122.1861 1.229744 6002113 13 1 432 121
1 0.9138955 0.6245104 1.1333 1 107.1051 1.212282 6002113 13 1 122.1861 1.229744 6002113 13 1 432 121
1 1.206555 1.21522 1.17542 1 28.44482 2.7805 6001113 13 0 65.5701 1.39366 6001113 13 1 242 215
1 1.227292 1.202911 1.205555 1 152.6271 1.32237 6001113 13 0 47.99752 1.396999 6001113 13 1 242 331
1 0.8383967 1.273376 0.5409222 0 82.47495 1.204122 6003113 13 0 8576.406 1.228997 6003113 13 1 243 464
1 1.526225 2.04983 1.080738 1 46.62267 1.626901 6001113 13 1 9.926368 1.938771 6001113 13 1 244 231
1 1.055133 1.104334 0.9975671 0 36.09363 1.332558 6002113 13 1 79.66602 3.12552 6002113 13 1 245 162
1 1.705086 2.017803 1.363962 1 23.88461 1.214617 6003113 13 0 3683.418 2.663426 6003113 13 1 246 397
1 0.1527629 0.0402692 0.399808 1 62.45589 1.298501 6002113 13 1 16.24884 1.298111 6002113 13 1 247 494
1 1.10316 1.145079 1.05266 0 53.59905 2.511966 6002113 13 1 41.28643 2.479887 6002113 13 1 249 397
1 0.7934737 0.4881172 1.065644 1 40.92383 1.386928 6002113 13 0 2.985368 4.923708 6002113 13 1 965 416
1 1.179161 1.206147 1.144075 0 83.72948 1.368999 6001113 13 1 5.228549 2.185141 6001113 13 1 965 468
1 1.575265 1.775696 1.383444 0 225.141 3.14923 6002113 13 1 58.41697 1.539878 6002113 13 1 969 132
1 1.645109 2.1548 1.183545 0 1.99558 1.545966 6002113 13 1 98.99305 1.532351 6002113 13 1 969 367
1 0.1527629 0.0402692 0.399808 1 70.65682 1.178967 6001113 13 1 40.76187 1.909753 6001113 13 1 970 166
1 1.151918 0.9752633 1.225726 1 10.16797 1.233694 6001113 13 1 32.40571 1.149441 6001113 13 1 970 381
1 0.5279956 0.2465533 0.8852676 1 29.51744 1.177503 6002113 13 0 172.9173 1.241861 6002113 13 1 687 117
1 1.151918 0.9752633 1.225726 0 18.82826 1.549616 6002113 13 1 156.6816 1.933721 6002113 13 1 687 410
1 1.1849 1.214892 1.148506 0 725.6935 1.21451 6002113 13 1 61.88959 1.208726 6002113 13 1 544 164
1 1.1849 1.214892 1.148506 0 192.6858 1.259646 6002113 13 1 79.18285 1.253276 6002113 13 1 545 295
1 0.07905591 0.01690496 0.2492307 1 51.24133 1.304571 6001113 13 1 3.675902 1.120138 6001113 13 1 546 2
1 0.277155 0.4798076 0.1597663 1 240.9849 2.152418 6002113 13 1 57.96593 1.323541 6002113 13 1 546 307
1 1.095596 1.133769 1.050051 1 239.9498 1.198947 6002113 13 1 127.4246 1.17571 6002113 13 1 250 134
1 1.190567 1.223018 1.152597 0 220.3037 1.7648 6003113 13 1 24.81871 3.277034 6003113 13 1 256 381
1 1.137649 1.170432 1.099925 0 12.10858 4.982077 6001113 13 1 89.52306 1.799362 6001113 13 1 258 145
1 1.1849 1.214892 1.148506 1 42.21015 1.329905 6002113 13 0 14.22358 2.57846 6002113 13 1 434 70
1 0.6998869 0.3767799 1.045889 1 56.80723 1.469798 6002113 13 0 82.93987 2.220376 6002113 13 1 434 301
1 1.1849 1.214892 1.148506 0 123.2991 1.504435 6003113 13 0 864.5674 4.649381 6003113 13 1 435 290
1 1.112575 1.233052 0.9981722 1 71.56112 1.367587 6002113 13 1 55.47826 1.255077 6002113 13 1 261 158
1 1.034916 1.100018 0.9626585 1 5.891479 1.4745 6001113 13 1 26.63931 1.228993 6001113 13 1 261 300
1 1.054444 1.13827 0.9640688 1 37.9367 2.197532 6001113 13 1 0.3176328 2.753409 6001113 13 1 264 224
1 0.8339615 0.5241884 1.101491 0 17.85861 1.657662 6001113 13 1 36.04229 1.155173 6001113 13 1 264 275
1 1.0427 1.134261 0.9473373 1 87.22423 1.225494 6003113 13 0 642.2542 2.897711 6003113 13 1 266 411
1 1.167323 1.186361 1.134647 1 45.19503 2.281747 6002113 13 0 38.58587 3.861504 6002113 13 1 267 82
1 1.199401 1.201198 1.170168 1 36.45606 1.871659 6001113 13 0 15.59387 1.350687 6001113 13 1 270 63
1 1.182032 1.113501 1.180358 1 19.04389 4.253283 6001113 13 0 16.07967 1.586231 6001113 13 1 272 377
1 1.15499 1.021547 1.194574 1 112.9223 1.194636 6002113 13 1 17.16302 2.254464 6002113 13 1 273 383
1 1.182032 1.113501 1.180358 1 88.84145 1.161778 6002113 13 0 1692.956 2.872249 6002113 13 1 276 38
1 1.145385 0.9245803 1.259718 0 273.337 1.243219 6002113 13 1 31.43909 1.246173 6002113 13 1 276 215
1 0.2443026 0.07741789 0.5517042 1 55.21288 1.163699 6001113 13 1 28.41358 1.293244 6001113 13 1 277 62
1 1.152971 1.190243 1.109341 0 338.7223 2.577703 6002113 13 1 78.53004 1.186805 6002113 13 1 277 84
1 1.055133 1.104334 0.9975671 1 49.56943 1.134642 6002113 13 1 120.2773 1.27569 6002113 13 1 279 217
1 1.055133 1.104334 0.9975671 1 49.56943 1.134642 6002113 13 1 120.2773 1.27569 6002113 13 1 279 217
1 1.147959 1.183877 1.106546 1 83.55753 1.620678 6001113 13 0 11.93343 1.532766 6001113 13 1 280 135
1 0.5226254 0.8798594 0.3137767 1 173.0737 2.318616 6002113 13 1 100.9972 1.550591 6002113 13 1 280 248
1 1.143675 1.253919 1.033471 0 78.55379 1.218593 6002113 13 1 30.67518 1.511946 6002113 13 1 282 410
1 0.8200224 1.218482 0.5472287 1 173.2151 1.761244 6002113 13 0 127.4516 1.344453 6002113 13 1 283 232
1 1.134034 1.248093 1.022271 0 65.90993 1.329918 6002113 13 0 26.19083 3.753803 6002113 13 1 285 274
1 1.050919 0.8056091 1.198818 1 4.796888 1.193888 6001113 13 1 31.87343 1.481313 6001113 13 1 285 396
1 0.1707681 0.04642279 0.4356818 0 16.93998 1.185895 6002113 13 1 37.71386 1.159046 6002113 13 1 286 1
1 1.059052 1.139164 0.9715886 1 46.37059 1.224415 6001113 13 1 22.50756 1.231303 6001113 13 1 287 31
1 1.036252 1.095703 0.9699052 0 443.3836 4.485845 6002113 13 1 64.08157 2.052019 6002113 13 1 585 130
1 1.289688 1.878288 0.892531 0 181.8087 1.796142 6002113 13 1 124.5744 1.93117 6002113 13 1 585 201
1 1.298986 1.452146 1.156092 1 19.77904 1.988233 6001113 13 0 6.883338 2.900675 6001113 13 1 586 237
1 1.109295 1.155893 1.053631 1 37.18389 1.326265 6001113 13 0 4.729424 1.302308 6001113 13 1 588 476
1 0.7055845 0.3974356 1.016366 1 57.7074 1.615417 6002113 13 1 193.3188 1.226401 6002113 13 1 590 470
1 1.157728 1.196465 1.111764 1 72.72333 1.084309 6002113 13 1 37.24267 1.401386 6002113 13 1 591 326
1 1.217313 1.182622 1.199648 0 202.3955 1.207956 6002113 13 1 119.3254 1.250647 6002113 13 1 592 134
1 1.329532 1.478061 1.189894 0 13.97926 1.493892 6002113 13 1 62.13825 2.9475 6002113 13 1 866 367
1 1.054444 1.13827 0.9640688 1 72.67052 1.389186 6001113 13 0 2.562084 1.995996 6001113 13 1 867 53
1 0.06482654 0.01276116 0.2218368 0 12.71395 1.693671 6001113 13 1 45.29066 1.222103 6001113 13 1 734 220
1 1.190567 1.223018 1.152597 0 84.36794 5.133584 6001113 13 1 65.93182 1.604308 6001113 13 1 735 62
1 1.137649 1.170432 1.099925 0 110.6725 2.768274 6002113 13 1 75.48805 2.730146 6002113 13 1 735 161
1 1.227292 1.202911 1.205555 1 39.90629 1.707282 6001113 13 0 39.40065 2.964351 6001113 13 1 736 192
1 0.03472439 0.005924022 0.1396847 1 59.70913 1.280165 6001113 13 0 18.26399 3.178849 6001113 13 1 100 200
1 1.0427 1.134261 0.9473373 1 21.02736 1.832148 6002113 13 1 44.01789 2.964097 6002113 13 1 102 58
1 1.114777 0.884905 1.24054 1 21.55771 1.318053 6002113 13 0 46.03586 1.617974 6002113 13 1 102 68
1 1.054444 1.13827 0.9640688 1 29.56724 2.122495 6001113 13 0 24.87079 5.728766 6001113 13 1 103 446
1 1.524498 1.73059 1.317664 0 234.0581 2.052243 6002113 13 1 60.84962 1.336693 6002113 13 1 869 77
1 1.329532 1.478061 1.189894 0 34.78329 3.406795 6001113 13 1 30.83304 2.26699 6001113 13 1 869 121
1 1.282494 1.437562 1.137462 1 35.10919 1.120442 6001113 13 0 16.31542 1.525919 6001113 13 1 869 123
1 1.063672 0.7860307 1.245813 1 38.96427 1.186192 6002113 13 1 82.99567 1.169559 6002113 13 1 869 327
1 1.157728 1.196465 1.111764 0 92.60958 2.90135 6002113 13 0 218.3372 1.285181 6002113 13 1 870 133
1 1.329532 1.478061 1.189894 0 33.70887 2.862895 6001113 13 0 11.74362 11.72511 6001113 13 1 873 383
1 1.167323 1.186361 1.134647 1 43.69376 1.188779 6001113 13 1 48.1091 1.15334 6001113 13 1 874 86
1 0.7242169 1.085561 0.4754195 1 63.29219 1.382051 6002113 13 0 0.789051 6.078281 6002113 13 1 874 267
1 1.282494 1.437562 1.137462 1 97.8328 2.526437 6002113 13 1 31.62547 1.902373 6002113 13 1 877 155
1 1.575265 1.775696 1.383444 0 165.0272 1.365761 6002113 13 0 7.693957 2.907508 6002113 13 1 877 326
1 0.3355998 0.123277 0.6770892 0 90.08569 2.818869 6002113 13 1 162.2468 1.265253 6002113 13 1 881 310
1 1.550791 1.753763 1.352368 0 42.59621 4.009617 6002113 13 1 62.78346 1.414929 6002113 13 1 594 155
1 1.641128 1.972201 1.285192 0 1355.934 1.776593 6003113 13 1 40.82399 1.603194 6003113 13 1 595 477
1 1.705086 2.017803 1.363962 1 5.240786 1.605875 6001113 13 1 30.54669 2.015553 6001113 13 1 596 88
1 1.524498 1.73059 1.317664 0 77.52145 1.6257 6002113 13 1 62.35075 1.228259 6002113 13 1 596 271
1 1.227292 1.202911 1.205555 1 50.86151 1.198763 6002113 13 0 111.1348 1.280697 6002113 13 1 596 312
1 1.174602 1.053046 1.204645 1 19.05032 1.828566 6002113 13 0 58.44976 2.472121 6002113 13 1 597 173
1 1.145385 0.9245803 1.259718 0 27.65207 2.878392 6001113 13 0 7.883861 3.093575 6001113 13 1 598 263
1 1.182032 1.113501 1.180358 1 34.2038 1.10439 6002113 13 1 51.84232 1.194099 6002113 13 1 600 394
1 1.055133 1.104334 0.9975671 1 75.66273 1.872889 6001113 13 0 13.56575 8.105843 6001113 13 1 601 217
1 1.157728 1.196465 1.111764 0 4.174032 1.938844 6001113 13 1 30.14902 1.132721 6001113 13 1 602 209
1 1.0427 1.134261 0.9473373 1 28.77411 1.189056 6002113 13 0 922.97 1.294495 6002113 13 1 602 255
1 1.062846 1.139449 0.9784784 0 1987.004 1.523021 6003113 13 1 69.29503 1.123332 6003113 13 1 603 241
1 1.227292 1.202911 1.205555 0 362.2384 2.429586 6002113 13 1 16.3288 1.082904 6002113 13 1 604 55
1 1.192805 1.083559 1.213989 1 136.9146 1.768257 6002113 13 1 44.42897 1.375751 6002113 13 1 605 12
1 0.4903168 0.2233237 0.8385035 1 10.54251 1.052657 6001113 13 1 37.43585 1.304567 6001113 13 1 606 453
1 1.566869 2.206142 1.088645 0 224.3288 1.249826 6002113 13 1 36.76763 1.899569 6002113 13 1 607 229
1 1.062846 1.139449 0.9784784 0 124.7628 1.272329 6002113 13 1 221.4315 1.558787 6002113 13 1 607 431
1 1.46424 1.680344 1.235249 1 43.62374 1.228354 6002113 13 1 50.2797 2.159846 6002113 13 1 882 261
1 1.055133 1.104334 0.9975671 0 3.181971 4.266737 6001113 13 0 54.46444 1.59454 6001113 13 1 882 403
1 1.157728 1.196465 1.111764 0 2.884671 2.696182 6002113 13 1 73.84811 1.680104 6002113 13 1 883 198
1 1.176288 1.010978 1.239274 0 119.8513 1.162118 6001113 13 0 95.52326 2.18508 6001113 13 1 886 148
1 1.058012 1.115802 0.9930252 1 30.08268 1.445127 6001113 13 0 0.4824584 1.524651 6001113 13 1 888 113
1 0.9517445 0.6636014 1.162862 0 73.72794 1.209663 6002113 13 1 48.31292 1.132612 6002113 13 1 889 498
1 1.217313 1.182622 1.199648 1 32.26766 1.688469 6001113 13 0 2.539129 1.531185 6001113 13 1 890 455
1 0.665028 0.3662483 0.9755856 1 49.06313 1.344245 6002113 13 0 591.2416 1.136622 6002113 13 1 893 340
1 0.9138955 0.6245104 1.1333 0 46.83591 1.226603 6001113 13 1 94.38515 1.365601 6001113 13 1 894 481
1 1.206555 1.21522 1.17542 0 484.9449 1.514036 6002113 13 1 55.13171 1.534651 6002113 13 1 899 465
1 1.192805 1.083559 1.213989 0 200.1694 4.62339 6002113 13 1 31.11732 1.250325 6002113 13 1 614 185
1 1.143675 1.253919 1.033471 1 228.9144 1.452003 6002113 13 0 122.9409 1.528301 6002113 13 1 615 337
1 1.812285 2.096335 1.505211 0 96.5648 1.476578 6002113 13 1 105.2082 1.365957 6002113 13 1 287 469
1 1.176288 1.010978 1.239274 1 60.458 1.190631 6002113 13 0 474.94 1.680771 6002113 13 1 288 372
1 0.001146163 0.0002355771 0.006417017 0 33.48179 1.340686 6001113 13 1 49.85418 1.122965 6001113 13 1 290 223
1 1.055133 1.104334 0.9975671 1 32.23983 1.206039 6001113 13 1 7.75685 1.625599 6001113 13 1 291 17
1 1.15499 1.021547 1.194574 1 63.8764 1.748428 6002113 13 1 199.7704 1.203638 6002113 13 1 293 402
1 1.055133 1.104334 0.9975671 0 28.49013 2.834467 6002113 13 0 452.6537 2.5169 6002113 13 1 294 148
1 1.147959 1.183877 1.106546 1 74.31545 1.253708 6002113 13 0 122.7743 3.516716 6002113 13 1 297 286
1 1.058012 1.115802 0.9930252 0 65.55556 1.566952 6003113 13 0 2680.998 1.155192 6003113 13 1 297 325
1 1.035838 1.098122 0.9666125 0 81.73605 1.311611 6002113 13 1 171.1464 1.313764 6002113 13 1 297 333
1 1.056557 1.108524 0.9965968 0 40.67375 1.890607 6001113 13 1 34.73835 2.250941 6001113 13 1 298 154
1 1.0427 1.134261 0.9473373 1 15.79394 1.659728 6002113 13 1 181.7365 1.897348 6002113 13 1 300 143
1 0.8748782 0.5617447 1.136825 1 24.96054 2.119463 6001113 13 0 53.05579 4.146979 6001113 13 1 300 219
1 1.227292 1.202911 1.205555 1 126.2148 2.301777 6002113 13 0 45.51667 2.738237 6002113 13 1 300 308
1 1.167323 1.186361 1.134647 1 14.58759 1.390636 6002113 13 1 83.21594 1.185921 6002113 13 1 301 227
1 1.099519 1.139476 1.051563 1 13.23042 2.012664 6001113 13 1 60.67821 2.876808 6001113 13 1 303 321
1 1.034916 1.100018 0.9626585 1 146.6414 1.726455 6002113 13 0 27.05606 1.225674 6002113 13 1 305 370
1 1.298986 1.452146 1.156092 1 58.80623 1.447136 6002113 13 0 17.09623 2.345618 6002113 13 1 306 272
1 0.8200224 1.218482 0.5472287 1 80.75126 1.880318 6001113 13 0 21.0995 1.855624 6001113 13 1 309 45
1 1.190567 1.223018 1.152597 1 55.69448 1.176673 6002113 13 1 14.61638 1.561308 6002113 13 1 312 491
1 1.190567 1.223018 1.152597 0 98.36965 3.035223 6001113 13 1 39.38406 1.256219 6001113 13 1 314 166
1 1.550791 1.753763 1.352368 1 128.7521 1.507267 6002113 13 0 7.836438 1.137684 6002113 13 1 318 408
1 0.7934737 0.4881172 1.065644 0 506.4145 1.426229 6002113 13 1 55.74546 2.134504 6002113 13 1 319 340
1 1.017868 0.7662661 1.176325 1 45.1147 1.860319 6002113 13 0 20.60624 1.978316 6002113 13 1 321 155
1 1.705086 2.017803 1.363962 1 14.22345 1.325475 6001113 13 1 53.29773 1.400574 6001113 13 1 322 93
1 1.126364 0.9389989 1.211138 1 17.0703 1.287304 6002113 13 0 265.679 1.393342 6002113 13 1 323 72
1 1.314649 1.46568 1.173482 0 32.56453 4.608068 6001113 13 1 3.296772 1.317987 6001113 13 1 325 81
1 1.49586 1.706142 1.278772 1 27.50184 1.136901 6001113 13 0 14.40296 2.384329 6001113 13 1 326 388
1 1.164201 1.711426 0.8059074 1 98.44418 1.245386 6003113 13 0 1229.977 7.059435 6003113 13 1 1 12
1 1.048997 1.136673 0.9559695 1 66.40279 2.193824 6002113 13 0 477.0414 4.969786 6002113 13 1 2 106
1 1.20651 1.16088 1.193521 1 59.03552 2.698786 6002113 13 0 236.9841 1.325318 6002113 13 1 2 213
1 1.048997 1.136673 0.9559695 0 251.994 4.09645 6002113 13 1 188.9577 1.182937 6002113 13 1 3 18
1 1.056557 1.108524 0.9965968 1 61.19539 3.788636 6002113 13 1 54.09288 2.631656 6002113 13 1 3 63
1 1.099696 0.9023142 1.195627 1 66.04131 1.290372 6001113 13 1 4.688524 2.257129 6001113 13 1 3 229
1 1.057513 1.112379 0.9951048 0 6.601549 8.615259 6001113 13 1 71.75949 1.865273 6001113 13 1 3 246
1 1.151918 0.9752633 1.225726 0 331.5643 1.146165 6002113 13 0 88.88588 1.422321 6002113 13 1 4 396
1 1.641128 1.972201 1.285192 1 36.97546 1.17702 6001113 13 1 2.363309 1.693967 6001113 13 1 109 6
1 0.7055845 0.3974356 1.016366 0 49.25914 2.723859 6002113 13 1 88.22594 1.205693 6002113 13 1 111 79
1 1.314649 1.46568 1.173482 1 30.93806 1.653969 6002113 13 0 164.903 6.702414 6002113 13 1 111 314
1 1.063672 0.7860307 1.245813 0 175.6639 2.025239 6002113 13 0 158.9581 1.142008 6002113 13 1 112 267
1 1.126364 0.9389989 1.211138 0 41.55488 1.607 6001113 13 1 34.64661 1.720302 6001113 13 1 115 158
1 1.123647 1.241142 1.010512 0 17.84975 1.246556 6001113 13 1 55.77449 1.138935 6001113 13 1 154 439
1 1.112575 1.233052 0.9981722 0 5.007941 1.285376 6001113 13 1 35.12155 1.954514 6001113 13 1 158 295
1 1.099519 1.139476 1.051563 1 55.42645 2.299812 6001113 13 1 4.335227 1.439024 6001113 13 1 158 456
1 1.10316 1.145079 1.05266 1 130.8037 2.144595 6001113 13 0 17.16354 2.568571 6001113 13 1 159 288
1 0.01536516 0.002346602 0.07345495 0 197.8132 1.700316 6002113 13 1 49.81596 1.244572 6002113 13 1 5 321
1 1.055133 1.104334 0.9975671 1 339.7004 1.368804 6002113 13 1 31.15368 1.060073 6002113 13 1 6 453
1 0.5762256 0.2893137 0.9113798 0 9.331205 2.477214 6001113 13 1 18.74742 1.739684 6001113 13 1 6 465
1 1.134034 1.248093 1.022271 0 639.9711 1.472681 6002113 13 1 127.1633 1.172728 6002113 13 1 8 458
1 1.123647 1.241142 1.010512 1 25.0078 1.541239 6001113 13 0 2.797262 2.98944 6001113 13 1 9 19
1 1.550791 1.753763 1.352368 1 64.14423 1.187417 6001113 13 0 3.508894 2.042994 6001113 13 1 9 383
1 0.4205023 0.1819855 0.7484848 1 49.2095 2.228827 6001113 13 0 11.10603 1.848418 6001113 13 1 338 491
1 1.059052 1.139164 0.9715886 1 139.585 1.509238 6002113 13 1 43.98932 2.218684 6002113 13 1 517 90
1 1.034916 1.100018 0.9626585 1 89.00938 1.421687 6002113 13 0 183.2252 1.851241 6002113 13 1 519 38
1 0.002610219 0.0004442447 0.01575894 1 48.77299 1.28502 6001113 13 1 64.93416 3.198446 6001113 13 1 519 172
1 1.329532 1.478061 1.189894 1 106.1419 1.935379 6002113 13 1 46.06835 1.116508 6002113 13 1 519 438
1 0.1991887 0.05938704 0.4717879 0 239.4144 2.604471 6002113 13 1 46.77881 1.364632 6002113 13 1 520 297
1 1.526225 2.04983 1.080738 1 246.7624 1.884734 6002113 13 1 37.85706 1.438177 6002113 13 1 521 89
1 0.9160994 0.6007248 1.171549 0 97.98334 1.921859 6002113 13 1 53.95201 1.151805 6002113 13 1 521 165
1 1.524498 1.73059 1.317664 1 19.90541 1.711635 6001113 13 0 49.04075 3.831309 6001113 13 1 792 498
1 1.182032 1.113501 1.180358 0 340.4182 6.656458 6002113 13 1 68.89977 1.636736 6002113 13 1 655 247
1 1.106427 1.150534 1.053346 1 137.7193 1.74783 6002113 13 1 66.4324 2.26419 6002113 13 1 658 478
1 0.2304392 0.07526134 0.508429 0 2.488111 1.326457 6001113 13 0 43.02018 2.379591 6001113 13 1 658 498
1 1.314649 1.46568 1.173482 1 140.9001 1.417772 6002113 13 1 71.50195 3.204279 6002113 13 1 662 73
1 1.550791 1.753763 1.352368 1 64.12936 1.873874 6002113 13 0 22.23321 3.234282 6002113 13 1 662 386
1 1.095596 1.133769 1.050051 0 529.9706 1.669242 6003113 13 1 46.54824 1.823754 6003113 13 1 662 453
1 1.194803 1.137859 1.187115 0 132.6382 1.53057 6002113 13 0 11.95665 2.314092 6002113 13 1 663 185
1 1.149237 1.698801 0.7921503 1 42.2494 2.30763 6001113 13 0 31.5659 1.163603 6001113 13 1 664 138
1 1.134034 1.248093 1.022271 1 49.86253 1.259711 6002113 13 1 64.05903 1.697717 6002113 13 1 665 44
1 0.8339615 0.5241884 1.101491 0 62.75351 1.430158 6001113 13 1 7.314016 1.104498 6001113 13 1 938 358
1 1.149237 1.698801 0.7921503 1 32.78742 2.578231 6002113 13 0 4.403311 1.429159 6002113 13 1 796 468
1 0.6571895 0.3457574 1.000641 0 100.2336 1.619383 6002113 13 0 56.6322 1.790416 6002113 13 1 798 197
1 1.053247 1.09991 0.9980844 0 3.688742 1.857774 6002113 13 1 197.2224 1.17281 6002113 13 1 802 349
1 1.49586 1.706142 1.278772 1 23.61246 3.518007 6002113 13 1 140.128 1.60772 6002113 13 1 804 25
1 1.062846 1.139449 0.9784784 1 145.8382 1.281271 6002113 13 1 80.00136 1.139406 6002113 13 1 804 479
1 0.8339615 0.5241884 1.101491 1 98.81887 1.114318 6002113 13 0 431.6489 1.618794 6002113 13 1 805 490
1 1.057513 1.112379 0.9951048 1 81.98923 1.307348 6001113 13 1 9.497817 1.042216 6001113 13 1 806 152
1 1.206555 1.21522 1.17542 0 149.6845 2.134417 6002113 13 1 103.6363 1.298334 6002113 13 1 806 461
1 1.053247 1.09991 0.9980844 1 41.5961 2.800483 6002113 13 1 11.7631 1.59407 6002113 13 1 807 483
1 1.033406 1.101364 0.958024 1 83.63935 1.37925 6002113 13 1 69.69591 1.747971 6002113 13 1 809 132
1 1.033406 1.101364 0.958024 0 3.51143 2.548589 6001113 13 1 136.2814 1.181592 6001113 13 1 523 44
1 1.329532 1.478061 1.189894 0 26.62635 1.703578 6002113 13 1 46.5749 1.354138 6002113 13 1 523 94
1 1.054444 1.13827 0.9640688 1 12.93672 1.100365 6002113 13 1 82.84681 1.374219 6002113 13 1 523 351
1 1.199428 1.046014 1.251733 1 86.43395 1.280866 6002113 13 0 107.2 3.159304 6002113 13 1 942 170
1 0.114587 0.02674881 0.3330998 0 258.7132 1.914285 6002113 13 1 78.50853 1.22892 6002113 13 1 942 331
1 0.5179346 0.9281273 0.2807825 1 67.06227 1.078856 6001113 13 1 2.285438 1.408213 6001113 13 1 944 224
1 1.227292 1.202911 1.205555 1 27.18189 2.403569 6002113 13 1 181.861 1.43449 6002113 13 1 944 477
1 0.06958118 0.01446482 0.2254303 1 161.4482 1.315059 6001113 13 1 33.2086 1.157338 6001113 13 1 946 421
1 1.56971 1.920896 1.202337 1 68.5362 1.182814 6002113 13 1 132.3477 1.27639 6002113 13 1 947 224
1 1.192805 1.083559 1.213989 0 375.0041 1.171131 6002113 13 1 33.91999 1.251395 6002113 13 1 948 64
1 0.5762256 0.2893137 0.9113798 1 39.23034 2.433782 6001113 13 0 5.911074 8.224374 6001113 13 1 950 176
1 0.7242169 1.085561 0.4754195 1 45.38901 1.263646 6002113 13 1 64.39921 1.263126 6002113 13 1 950 481
1 1.048997 1.136673 0.9559695 0 8.177178 3.74546 6001113 13 1 37.68211 1.147638 6001113 13 1 951 275
1 1.0427 1.134261 0.9473373 1 92.35921 1.127136 6002113 13 0 361.0744 1.324728 6002113 13 1 952 6
1 1.225386 1.141194 1.230719 0 142.8057 4.049153 6002113 13 1 112.3762 1.053481 6002113 13 1 952 204
1 0.9574994 0.6410515 1.205563 1 45.85681 1.780697 6002113 13 0 134.5247 1.316747 6002113 13 1 952 415
1 1.055133 1.104334 0.9975671 0 10.06791 1.639156 6002113 13 1 161.6951 2.063508 6002113 13 1 953 289
1 1.050919 0.8056091 1.198818 0 157.8819 1.082586 6002113 13 1 69.40986 1.282936 6002113 13 1 953 496
1 1.083255 0.8452013 1.220206 0 447.1071 2.767452 6003113 13 1 76.01944 1.753687 6003113 13 1 666 226
1 0.6342273 1.05356 0.3835326 0 10.07069 2.367111 6001113 13 1 21.34724 3.185206 6001113 13 1 668 24
1 0.4205023 0.1819855 0.7484848 0 35.59595 1.985081 6001113 13 1 33.26084 2.208269 6001113 13 1 668 355
1 1.199428 1.046014 1.251733 1 62.10582 1.298815 6002113 13 0 115.1709 1.497035 6002113 13 1 668 360
1 0.06482654 0.01276116 0.2218368 0 153.511 1.331797 6002113 13 1 50.46446 1.103119 6002113 13 1 670 147
1 0.06482654 0.01276116 0.2218368 0 153.511 1.331797 6002113 13 1 50.46446 1.103119 6002113 13 1 670 147
1 1.152971 1.190243 1.109341 1 85.79613 1.404723 6001113 13 0 109.2145 1.491713 6001113 13 1 527 268
1 1.199428 1.046014 1.251733 1 55.264 1.923472 6001113 13 1 14.96063 3.665076 6001113 13 1 530 192
1 1.050919 0.8056091 1.198818 1 117.6227 1.501378 6002113 13 0 74.33476 4.188876 6002113 13 1 531 96
1 1.526225 2.04983 1.080738 1 74.27766 2.730716 6001113 13 0 15.77244 3.560445 6001113 13 1 531 444
1 1.147959 1.183877 1.106546 1 228.3266 1.365964 6002113 13 1 3.115947 1.630501 6002113 13 1 532 336
1 0.789787 0.4650854 1.097808 1 53.39106 1.155461 6002113 13 0 667.0374 1.156188 6002113 13 1 533 397
1 1.056557 1.108524 0.9965968 0 105.1875 3.007082 6002113 13 0 61.94742 4.070869 6002113 13 1 534 240
1 1.225386 1.141194 1.230719 0 149.4458 2.514203 6002113 13 1 63.46758 1.336933 6002113 13 1 534 406
1 1.056557 1.108524 0.9965968 0 132.4629 1.479808 6002113 13 1 225.924 1.218858 6002113 13 1 811 24
1 0.789787 0.4650854 1.097808 1 46.55793 1.659398 6002113 13 0 162.2496 2.056015 6002113 13 1 811 88
1 1.143675 1.253919 1.033471 1 6.6691 2.875056 6001113 13 1 77.69213 1.206111 6001113 13 1 671 287
1 1.194803 1.137859 1.187115 0 1.562339 1.521029 6001113 13 1 30.78914 1.273544 6001113 13 1 473 460
1 0.5380682 0.2637946 0.8676014 1 19.12225 3.187735 6001113 13 1 71.86611 3.455091 6001113 13 1 475 68
1 0.665028 0.3662483 0.9755856 0 31.68744 1.233584 6001113 13 1 28.75327 2.629063 6001113 13 1 475 444
1 0.0008944212 0.0001896334 0.004858157 1 30.01112 1.189748 6001113 13 1 35.00224 1.238833 6001113 13 1 476 311
1 1.183608 1.169262 1.159476 0 116.0666 1.286027 6001113 13 0 13.48099 1.315371 6001113 13 1 476 388
1 1.114777 0.884905 1.24054 0 55.43867 2.081748 6002113 13 1 50.1678 1.123178 6002113 13 1 478 237
1 1.048997 1.136673 0.9559695 1 34.84825 1.840229 6002113 13 1 280.1209 1.354444 6002113 13 1 478 482
1 1.048997 1.136673 0.9559695 1 173.7334 1.280829 6002113 13 1 31.77356 1.802255 6002113 13 1 479 22
1 0.8332192 0.5015442 1.138243 1 85.15376 1.299249 6002113 13 1 15.34331 2.818466 6002113 13 1 480 289
1 1.173319 1.196671 1.139395 0 39.48996 1.419527 6001113 13 0 29.85988 2.710552 6001113 13 1 483 153
1 1.10316 1.145079 1.05266 0 856.2771 1.22727 6003113 13 1 33.63482 1.256078 6003113 13 1 484 86
1 1.095596 1.133769 1.050051 1 5.327936 2.575894 6002113 13 1 30.86702 2.213316 6002113 13 1 484 500
1 1.033406 1.101364 0.958024 0 247.3704 1.33491 6002113 13 1 164.7667 2.152716 6002113 13 1 397 98
1 1.812285 2.096335 1.505211 0 29.35104 1.301148 6001113 13 1 26.6096 2.008603 6001113 13 1 398 179
1 0.1527629 0.0402692 0.399808 1 71.56595 1.281265 6002113 13 1 55.84587 3.999898 6002113 13 1 69 79
1 0.08964617 0.01972916 0.2750357 1 32.60047 1.484574 6001113 13 1 14.4078 1.310989 6001113 13 1 69 200
1 1.1849 1.214892 1.148506 0 141.2251 1.425665 6002113 13 1 62.0944 1.391211 6002113 13 1 69 225
1 0.1214868 0.03012302 0.3349064 1 52.81192 1.193534 6002113 13 0 147.1697 1.405136 6002113 13 1 70 211
1 0.5292084 0.8493549 0.3262614 0 204.1931 1.195142 6002113 13 1 22.09466 1.241655 6002113 13 1 71 197
1 1.217313 1.182622 1.199648 1 40.90932 1.156465 6001113 13 0 50.2506 1.158486 6001113 13 1 71 482
1 1.49586 1.706142 1.278772 1 70.20443 1.099279 6001113 13 1 21.19041 1.177997 6001113 13 1 73 440
1 1.058012 1.115802 0.9930252 0 298.1343 1.359874 6002113 13 1 59.29586 1.297121 6002113 13 1 75 83
1 0.8748782 0.5617447 1.136825 1 86.42772 2.110414 6001113 13 1 54.31246 1.586849 6001113 13 1 75 449
1 0.003497112 0.0005740048 0.02103336 1 47.76703 1.602622 6001113 13 1 19.24832 1.299099 6001113 13 1 77 265
1 1.206555 1.21522 1.17542 0 179.2321 1.269779 6002113 13 1 103.1613 1.343078 6002113 13 1 487 325
1 1.056557 1.108524 0.9965968 1 19.59776 1.333313 6001113 13 1 36.87854 1.501242 6001113 13 1 488 334
1 1.026751 0.7444853 1.219196 0 260.1718 1.657195 6003113 13 1 72.23192 1.420276 6003113 13 1 489 137
1 0.0739324 0.01495082 0.2461688 1 147.0593 1.929506 6001113 13 0 0.2429507 1.653197 6001113 13 1 202 83
1 1.053247 1.09991 0.9980844 1 120.8358 2.162891 6002113 13 0 238.9007 1.404873 6002113 13 1 202 125
1 0.9138955 0.6245104 1.1333 1 25.44175 1.047983 6001113 13 0 26.32624 7.163977 6001113 13 1 205 208
1 0.4094664 0.1680855 0.7591912 0 65.84585 1.762711 6002113 13 1 50.78558 2.303211 6002113 13 1 206 343
1 1.058012 1.115802 0.9930252 1 87.15347 1.13899 6001113 13 0 5.763365 3.239083 6001113 13 1 213 97
1 1.054444 1.13827 0.9640688 0 55.40978 1.91841 6001113 13 1 29.97043 1.886932 6001113 13 1 400 127
1 1.026751 0.7444853 1.219196 0 128.9205 3.307785 6002113 13 1 97.50893 1.667878 6002113 13 1 403 15
1 1.645109 2.1548 1.183545 1 73.41129 1.08833 6002113 13 0 4.785913 1.806551 6002113 13 1 404 191
1 0.6571895 0.3457574 1.000641 1 31.03265 2.308058 6002113 13 0 71.71179 2.814291 6002113 13 1 408 10
1 1.099519 1.139476 1.051563 0 7.44471 1.677165 6001113 13 1 26.66822 1.097293 6001113 13 1 408 93
1 1.209625 1.112975 1.222657 1 63.22049 1.378885 6002113 13 0 113.9135 2.005339 6002113 13 1 408 247
1 1.048997 1.136673 0.9559695 1 31.73327 1.191504 6002113 13 1 13.79105 1.684875 6002113 13 1 408 382
1 0.5675248 0.271593 0.9330701 1 34.79646 1.279146 6002113 13 0 245.4295 7.111515 6002113 13 1 696 106
1 1.152501 1.258655 1.04415 0 34.4737 1.691563 6002113 13 1 48.8367 2.499201 6002113 13 1 697 71
1 0.8332192 0.5015442 1.138243 0 228.6152 1.172101 6002113 13 1 65.75038 2.212515 6002113 13 1 697 204
1 1.298986 1.452146 1.156092 0 661.6229 1.453858 6002113 13 1 120.4195 1.245095 6002113 13 1 699 385
1 1.036252 1.095703 0.9699052 1 57.87315 1.096284 6002113 13 0 522.2617 2.847739 6002113 13 1 700 113
1 1.106427 1.150534 1.053346 1 56.36874 1.272934 6001113 13 1 23.74615 1.229169 6001113 13 1 701 94
1 0.08964617 0.01972916 0.2750357 1 57.21188 1.232402 6001113 13 1 63.14746 1.516615 6001113 13 1 973 117
1 1.152501 1.258655 1.04415 1 25.29667 1.615142 6002113 13 0 40.07628 14.71012 6002113 13 1 973 283
1 1.209625 1.112975 1.222657 0 382.4862 3.088625 6002113 13 1 51.65974 1.61217 6002113 13 1 975 296
1 1.157728 1.196465 1.111764 1 94.91508 1.31055 6001113 13 1 17.06894 2.235954 6001113 13 1 975 340
1 1.405111 1.934095 0.9833891 0 1.01316 2.188863 6001113 13 1 34.28387 1.334354 6001113 13 1 976 465
1 1.174602 1.053046 1.204645 0 481.3516 1.390831 6002113 13 1 54.94921 1.305622 6002113 13 1 976 476
1 0.1527629 0.0402692 0.399808 0 59.94532 2.876219 6002113 13 1 61.7743 1.794649 6002113 13 1 977 260
1 1.1849 1.214892 1.148506 1 90.15013 1.569273 6002113 13 0 132.2848 1.215815 6002113 13 1 978 24
1 0.8339615 0.5241884 1.101491 0 32.35416 1.552025 6001113 13 0 70.95376 1.167614 6001113 13 1 978 27
1 0.5762256 0.2893137 0.9113798 0 19.78401 1.488751 6001113 13 1 41.11432 2.700256 6001113 13 1 830 380
1 1.26516 1.422013 1.117256 0 47.82233 2.223478 6002113 13 0 155.8008 1.824154 6002113 13 1 833 121
1 1.099519 1.139476 1.051563 0 699.3371 1.532803 6002113 13 1 91.53498 1.684161 6002113 13 1 833 219
1 1.314649 1.46568 1.173482 0 316.8922 3.118133 6003113 13 1 77.72453 1.993027 6003113 13 1 833 329
1 1.03119 1.524041 0.7057037 0 17.90162 4.122045 6001113 13 1 62.82899 1.686594 6001113 13 1 836 89
1 1.49586 1.706142 1.278772 1 6.976188 1.136274 6001113 13 1 22.24598 1.161288 6001113 13 1 836 163
1 0.7055845 0.3974356 1.016366 1 60.36036 1.262678 6003113 13 0 865.9619 1.526113 6003113 13 1 837 54
1 0.001927587 0.0003547033 0.01149695 0 8.816915 1.291709 6001113 13 1 34.73499 1.395814 6001113 13 1 838 213
1 1.183608 1.169262 1.159476 1 23.52824 1.076434 6001113 13 1 48.70656 1.600897 6001113 13 1 838 226
1 1.10316 1.145079 1.05266 1 76.17323 1.925639 6003113 13 0 2118.1 1.30585 6003113 13 1 838 425
1 1.062846 1.139449 0.9784784 1 49.68015 3.224201 6001113 13 0 22.26313 1.77926 6001113 13 1 411 378
1 1.209625 1.112975 1.222657 0 79.55273 1.48861 6002113 13 0 108.9531 1.226258 6002113 13 1 411 484
1 1.036252 1.095703 0.9699052 1 96.64643 1.045196 6002113 13 0 32.82328 4.761602 6002113 13 1 840 28
1 0.03472439 0.005924022 0.1396847 1 136.0514 2.832067 6002113 13 0 77.59439 1.270673 6002113 13 1 841 341
1 1.176288 1.010978 1.239274 0 57.45169 3.758364 6001113 13 1 0.2899148 1.220513 6001113 13 1 841 376
1 0.4442115 0.1872741 0.8068974 1 67.36372 1.321812 6002113 13 1 240.7261 1.465478 6002113 13 1 981 68
1 1.031225 1.102163 0.9526981 1 113.6629 1.157916 6002113 13 0 79.96844 2.131393 6002113 13 1 982 328
1 1.053247 1.09991 0.9980844 0 15.06471 2.35816 6001113 13 1 33.07797 1.632212 6001113 13 1 983 304
1 0.8332192 0.5015442 1.138243 1 34.77995 1.205607 6002113 13 0 967.3143 1.640136 6002113 13 1 986 404
1 1.034916 1.100018 0.9626585 1 51.94787 1.189424 6001113 13 0 17.29933 3.302479 6001113 13 1 989 18
1 1.42456 2.044705 0.9864829 0 84.31689 1.304521 6002113 13 1 190.856 1.402381 6002113 13 1 702 85
1 1.191782 1.185832 1.16486 1 26.99681 1.31634 6001113 13 1 33.85943 1.359737 6001113 13 1 702 216
1 1.134034 1.248093 1.022271 1 25.21207 1.422435 6001113 13 0 23.55233 1.427151 6001113 13 1 703 162
1 0.8332192 0.5015442 1.138243 0 300.3664 1.237022 6002113 13 1 77.15896 2.096379 6002113 13 1 705 60
1 1.054444 1.13827 0.9640688 0 105.0131 2.740067 6002113 13 0 101.1096 1.226871 6002113 13 1 561 388
1 1.173319 1.196671 1.139395 1 35.67907 2.702562 6002113 13 0 6.991428 1.590376 6002113 13 1 563 87
1 1.0427 1.134261 0.9473373 0 3.088716 1.614559 6001113 13 1 27.38065 1.115803 6001113 13 1 566 41
1 1.190567 1.223018 1.152597 1 77.25319 1.235467 6002113 13 1 118.9809 1.440629 6002113 13 1 566 143
1 1.190567 1.223018 1.152597 1 77.25319 1.235467 6002113 13 1 118.9809 1.440629 6002113 13 1 566 143
1 0.9894024 0.7036328 1.19152 1 35.47564 1.310432 6002113 13 1 184.9456 1.340298 6002113 13 1 567 255
1 1.062846 1.139449 0.9784784 1 32.29917 1.173155 6001113 13 1 29.95354 1.200059 6001113 13 1 568 291
1 1.182032 1.113501 1.180358 1 43.4101 1.68381 6001113 13 0 22.15607 1.229553 6001113 13 1 568 459
1 1.017868 0.7662661 1.176325 0 201.7097 1.246611 6002113 13 1 49.03674 1.51424 6002113 13 1 569 409
1 1.329532 1.478061 1.189894 1 33.62238 1.043519 6002113 13 0 19.45064 1.536773 6002113 13 1 575 454
1 0.2443026 0.07741789 0.5517042 1 76.45462 1.229291 6002113 13 0 894.5726 1.224308 6002113 13 1 846 418
1 1.314649 1.46568 1.173482 1 249.4943 1.930226 6002113 13 1 22.6127 1.204732 6002113 13 1 848 378
1 1.053247 1.09991 0.9980844 0 329.2145 3.145178 6002113 13 1 33.82372 1.415675 6002113 13 1 711 495
1 0.6235333 0.981489 0.3895437 1 0.4243856 1.111515 6001113 13 1 88.67367 1.195648 6001113 13 1 712 155
1 1.641128 1.972201 1.285192 0 89.7809 1.239787 6002113 13 0 548.2839 1.284543 6002113 13 1 713 228
1 1.191782 1.185832 1.16486 0 32.0826 2.670192 6001113 13 0 53.41549 2.596256 6001113 13 1 713 475
1 1.058012 1.115802 0.9930252 0 2501.442 1.317364 6003113 13 1 47.58662 1.178353 6003113 13 1 714 106
1 1.190567 1.223018 1.152597 0 61.98424 1.201559 6001113 13 0 32.85772 1.148632 6001113 13 1 717 344
1 0.5380682 0.2637946 0.8676014 1 61.46185 1.395413 6001113 13 0 73.60432 1.200799 6001113 13 1 718 125
1 1.031225 1.102163 0.9526981 1 8.915788 1.305392 6001113 13 1 40.59098 2.358029 6001113 13 1 719 140
1 1.152971 1.190243 1.109341 1 164.9612 1.410797 6002113 13 0 5.763321 1.979978 6002113 13 1 992 10
1 1.057513 1.112379 0.9951048 0 2.180692 1.676425 6002113 13 1 72.42552 1.307767 6002113 13 1 992 202
1 0.9574994 0.6410515 1.205563 0 1506.86 1.555436 6003113 13 1 86.01808 1.239516 6003113 13 1 992 400
1 0.2792014 0.09677438 0.588659 1 68.68934 1.261781 6001113 13 0 43.36407 2.261794 6001113 13 1 992 415
1 1.314649 1.46568 1.173482 1 20.80551 1.671973 6001113 13 1 41.46019 1.227637 6001113 13 1 992 447
1 1.225386 1.141194 1.230719 0 17.95149 1.254227 6001113 13 1 33.2689 1.466919 6001113 13 1 994 65
1 1.126364 0.9389989 1.211138 0 43.12004 2.653581 6001113 13 0 16.77724 2.06513 6001113 13 1 995 499
1 1.812285 2.096335 1.505211 1 31.05165 1.161424 6001113 13 0 92.40248 1.249698 6001113 13 1 852 190
1 1.167323 1.186361 1.134647 0 393.8887 2.493156 6002113 13 1 102.6266 1.439106 6002113 13 1 856 241
1 1.151918 0.9752633 1.225726 1 111.0912 1.322095 6002113 13 0 99.94701 3.295299 6002113 13 1 856 416
1 0.9138955 0.6245104 1.1333 1 114.21 2.071145 6003113 13 0 28.71017 1.324894 6003113 13 1 858 444
1 1.152971 1.190243 1.109341 0 8.318342 1.192964 6002113 13 1 128.8242 1.266591 6002113 13 1 860 34
1 1.031225 1.102163 0.9526981 1 30.81087 1.727894 6002113 13 1 32.99075 1.408259 6002113 13 1 860 100
1 0.5279956 0.2465533 0.8852676 1 50.64682 1.12335 6003113 13 0 739.9198 1.352151 6003113 13 1 862 204
1 1.063672 0.7860307 1.245813 0 20.75435 1.182376 6002113 13 1 108.8118 1.240206 6002113 13 1 863 294
1 1.035838 1.098122 0.9666125 1 11.58106 1.310423 6001113 13 1 132.2089 1.080959 6001113 13 1 576 412
1 1.058012 1.115802 0.9930252 1 7.544703 2.265334 6001113 13 1 33.76176 1.273957 6001113 13 1 998 413
1 1.866054 2.331325 1.3979 1 29.74273 1.295522 6001113 13 1 0.09764388 1.409704 6001113 13 1 999 479
1 1.147959 1.183877 1.106546 1 74.2904 2.610504 6002113 13 0 37.03672 1.325241 6002113 13 1 1000 289
1 0.2304392 0.07526134 0.508429 1 69.43817 1.43283 6002113 13 1 1.973824 1.103401 6002113 13 1 1000 312
1 0.9894024 0.7036328 1.19152 0 4.599079 1.355112 6001113 13 1 30.58028 1.333891 6001113 13 1 1000 498
1 0.9574994 0.6410515 1.205563 0 27.89376 1.895776 6001113 13 1 38.19127 1.273506 6001113 13 1 721 244
1 1.083255 0.8452013 1.220206 1 48.38309 2.991174 6001113 13 0 27.12972 2.316285 6001113 13 1 724 134
1 1.75908 2.248522 1.290011 1 39.02148 1.134742 6001113 13 0 14.6239 3.539799 6001113 13 1 725 219
1 1.190567 1.223018 1.152597 1 0.5011674 1.072078 6001113 13 1 16.85784 1.1785 6001113 13 1 725 376
1 0.114587 0.02674881 0.3330998 0 77.22848 1.328542 6003113 13 0 2573.474 1.668421 6003113 13 1 726 342
1 1.183608 1.169262 1.159476 1 81.41661 2.109398 6002113 13 0 7.953564 1.599892 6002113 13 1 727 309
1 1.059052 1.139164 0.9715886 0 20.58327 5.965911 6001113 13 1 38.87267 1.763596 6001113 13 1 729 102
1 1.055133 1.104334 0.9975671 1 46.30813 1.623134 6001113 13 0 2.422783 5.262847 6001113 13 1 730 71
1 1.048997 1.136673 0.9559695 0 150.9348 1.547351 6003113 13 0 2294.521 1.656231 6003113 13 1 730 119
1 1.057513 1.112379 0.9951048 0 285.5796 1.441722 6002113 13 1 69.01744 1.181479 6002113 13 1 732 231
1 1.192805 1.083559 1.213989 1 52.97006 1.106841 6002113 13 1 62.44672 1.314709 6002113 13 1 732 423
1 1.192805 1.083559 1.213989 1 52.97006 1.106841 6002113 13 1 62.44672 1.314709 6002113 13 1 732 423
