1 1.063672 0.7860307 1.245813 1 58.36502 1.584135 1000022 13 1 56.36897 1.442035 1000022 11 1 380 331
1 1.167323 1.186361 1.134647 1 140.8379 1.436516 1000022 13 1 51.78839 1.455309 1000022 13 1 685 190
1 1.227292 1.202911 1.205555 0 25.90907 8.267082 1000022 13 1 115.4777 3.598832 1000022 13 1 687 134
1 1.167323 1.186361 1.134647 1 55.86029 1.180568 1000022 11 1 70.76032 4.314437 1000022 13 1 7 321
1 0.7055845 0.3974356 1.016366 1 66.28667 1.533813 1000022 13 1 122.5142 2.585917 1000022 13 1 83 93
1 1.566869 2.206142 1.088645 0 393.0259 3.011456 1000022 11 1 38.8307 2.7715 1000022 13 1 691 106
1 1.190567 1.223018 1.152597 1 22.38374 2.313815 1000022 13 1 80.74323 6.740558 1000022 13 1 692 310
1 0.4903168 0.2233237 0.8385035 1 33.51301 1.30133 1000022 13 1 19.07225 1.086207 1000022 11 1 695 87
1 0.4544891 0.2018274 0.792879 0 33.56222 2.098139 1000022 13 1 347.1844 1.273517 1000022 11 1 698 256
1 0.9517445 0.6636014 1.162862 1 115.855 1.308466 1000022 13 1 79.61186 1.316256 1000022 13 1 699 425
1 1.192805 1.083559 1.213989 1 52.03481 1.170215 1000022 13 1 42.13451 1.674067 1000022 13 1 128 289
1 0.4903168 0.2233237 0.8385035 1 127.9407 1.121616 1000022 11 1 145.9247 1.658304 1000022 13 1 151 125
1 1.217313 1.182622 1.199648 0 362.6218 2.109771 1000022 11 1 70.83569 1.352576 1000022 13 1 172 69
1 1.524498 1.73059 1.317664 1 31.14183 1.524212 1000022 11 1 244.4847 1.442397 1000022 13 1 213 136
1 1.017868 0.7662661 1.176325 1 223.303 1.375962 1000022 13 1 340.4264 1.748601 1000022 13 1 715 459
1 1.209625 1.112975 1.222657 1 113.5986 1.311216 1000022 13 1 188.4331 1.945307 1000022 13 1 716 407
1 1.282494 1.437562 1.137462 1 21.21124 1.293189 1000022 11 1 27.9513 1.182474 1000022 13 1 251 472
1 0.6159488 0.3166172 0.9557644 1 36.48556 1.242163 1000022 11 1 43.43791 1.199585 1000022 13 1 296 482
1 1.057513 1.112379 0.9951048 1 82.47472 2.33629 1000022 13 0 332.9921 1.057794 1000022 11 1 404 190
1 0.6571895 0.3457574 1.000641 1 97.85144 1.170632 1000022 13 1 78.90451 1.369414 1000022 13 1 766 6
1 1.225386 1.141194 1.230719 1 81.65037 1.550601 1000022 11 1 147.6442 1.976893 1000022 13 1 767 139
1 1.157728 1.196465 1.111764 1 26.9065 1.515983 1000022 13 1 25.75608 1.142124 1000022 13 1 771 335
1 0.8383967 1.273376 0.5409222 1 19.37043 1.163175 1000022 11 1 143.7635 1.814561 1000022 13 1 774 179
1 1.034916 1.100018 0.9626585 1 29.60318 2.06338 1000022 13 1 69.24863 1.278763 1000022 13 1 778 414
1 1.142868 1.177299 1.103399 0 115.0312 4.384228 1000022 13 1 16.46521 1.156493 1000022 11 1 410 336
1 1.10316 1.145079 1.05266 1 76.51413 1.609106 1000022 13 1 284.1304 1.255901 1000022 11 1 425 93
1 1.056557 1.108524 0.9965968 1 76.38596 2.264857 1000022 13 1 159.398 1.236983 1000022 11 1 428 282
1 1.147959 1.183877 1.106546 1 193.2206 1.313995 1000022 13 1 145.0666 1.345096 1000022 13 1 431 378
1 1.053247 1.09991 0.9980844 1 63.02913 2.421819 1000022 13 1 39.2268 2.47918 1000022 13 1 806 499
1 0.5279956 0.2465533 0.8852676 1 155.068 1.192664 1000022 11 1 40.167 2.003294 1000022 13 1 807 60
1 1.147959 1.183877 1.106546 1 76.52899 1.707855 1000022 11 1 50.48021 1.634005 1000022 13 1 453 93
1 1.147959 1.183877 1.106546 1 101.4928 2.033779 1000022 11 1 132.3802 1.982767 1000022 13 1 456 196
1 0.6998869 0.3767799 1.045889 0 105.0874 1.100496 1000022 13 1 38.07744 1.083517 1000022 11 1 462 28
1 1.179161 1.206147 1.144075 1 153.3731 1.19337 1000022 13 1 135.6115 1.439625 1000022 11 1 468 13
1 1.134034 1.248093 1.022271 1 51.38501 2.514686 1000022 13 1 133.5341 1.561817 1000022 13 1 487 264
1 1.157728 1.196465 1.111764 1 113.5371 3.844728 1000022 13 1 168.9041 2.013836 1000022 13 1 892 95
1 0.7934737 0.4881172 1.065644 1 118.5089 2.591076 1000022 13 0 431.1656 1.227169 1000022 11 1 816 78
1 1.152501 1.258655 1.04415 1 110.879 1.626981 1000022 13 1 100.3152 1.257322 1000022 13 1 816 407
1 0.8383967 1.273376 0.5409222 1 133.5562 2.131287 1000022 13 1 176.3687 5.014443 1000022 13 1 824 467
1 1.190567 1.223018 1.152597 1 27.44372 1.108577 1000022 13 1 24.64598 3.240229 1000022 11 1 825 79
1 1.314649 1.46568 1.173482 1 98.14647 2.667364 1000022 13 1 100.087 1.359393 1000022 13 1 825 430
1 1.289688 1.878288 0.892531 1 197.5509 1.292432 1000022 13 1 50.5963 2.007098 1000022 11 1 901 252
1 0.4903168 0.2233237 0.8385035 1 180.4292 1.334408 1000022 13 1 66.312 1.863247 1000022 11 1 906 341
1 1.314649 1.46568 1.173482 1 24.31288 1.970057 1000022 13 1 215.0268 2.523504 1000022 13 1 914 46
1 0.5380682 0.2637946 0.8676014 1 69.13411 2.357852 1000022 13 1 271.7116 2.159693 1000022 11 1 832 301
1 1.217313 1.182622 1.199648 1 63.41465 1.455112 1000022 13 0 471.9859 1.161315 1000022 11 1 841 246
1 1.524498 1.73059 1.317664 1 33.97062 1.064279 1000022 13 1 74.33731 1.676817 1000022 13 1 92 398
1 1.206555 1.21522 1.17542 1 58.57824 1.639866 1000022 11 0 14.51285 2.49121 1000022 13 1 752 329
1 1.034916 1.100018 0.9626585 1 126.7496 1.595888 1000022 13 1 143.4468 1.752542 1000022 13 1 916 249
1 0.7055845 0.3974356 1.016366 1 18.21306 1.122611 1000022 13 1 165.1583 3.504439 1000022 13 1 917 61
1 0.2208223 0.06788179 0.510611 1 35.77497 1.15772 1000022 13 1 53.58318 2.317919 1000022 13 1 469 418
1 1.137649 1.170432 1.099925 1 20.20775 1.450293 1000022 13 1 38.91747 1.779073 1000022 13 1 471 340
1 0.1610681 0.04515641 0.4007308 1 199.5781 1.3355 1000022 13 1 114.6325 3.730317 1000022 13 1 929 435
1 1.123647 1.241142 1.010512 1 149.3045 1.777591 1000022 11 1 277.2001 2.602136 1000022 13 1 931 378
1 1.031225 1.102163 0.9526981 1 99.57272 1.223399 1000022 13 1 70.20792 1.40283 1000022 11 1 756 197
1 1.866054 2.331325 1.3979 1 27.05076 1.456859 1000022 11 0 104.3051 1.5929 1000022 13 1 756 239
1 1.099519 1.139476 1.051563 1 392.2766 6.039423 1000022 11 1 21.6277 2.017439 1000022 13 1 759 108
1 1.134034 1.248093 1.022271 1 112.8392 3.182628 1000022 13 1 50.94411 1.14729 1000022 13 1 759 422
1 1.75908 2.248522 1.290011 1 81.82568 1.292533 1000022 11 1 74.997 1.610917 1000022 13 1 738 59
1 1.191782 1.185832 1.16486 1 144.355 1.597526 1000022 13 1 196.7658 1.187335 1000022 11 1 934 193
1 0.747205 0.4303799 1.057145 0 64.78291 1.873431 1000022 11 1 131.8679 1.394223 1000022 13 1 939 144
1 1.812285 2.096335 1.505211 1 260.1315 1.635597 1000022 11 1 95.4108 3.865257 1000022 13 1 947 105
1 1.083255 0.8452013 1.220206 1 124.9624 1.887003 1000022 13 0 105.1791 1.618868 1000022 11 1 746 176
1 1.106427 1.150534 1.053346 1 62.85683 1.398267 1000022 11 0 52.7101 1.25396 1000022 13 1 504 119
1 1.095596 1.133769 1.050051 1 353.9908 1.280356 1000022 13 1 100.1891 6.219093 1000022 13 1 509 299
1 0.001146163 0.0002355771 0.006417017 1 103.0392 1.468263 1000022 13 1 107.4585 1.126297 1000022 11 1 954 494
1 1.099696 0.9023142 1.195627 1 40.18755 1.607855 1000022 13 1 145.374 4.154867 1000022 13 1 956 17
1 0.5279956 0.2465533 0.8852676 1 116.365 1.183001 1000022 13 1 73.70882 3.153252 1000022 13 1 395 209
1 1.095596 1.133769 1.050051 1 319.069 1.962856 1000022 11 1 126.5587 19.39873 1000022 13 1 1112 136
1 1.048836 1.548763 0.7254791 1 61.83281 1.403935 1000022 13 1 35.36413 1.270727 1000022 11 1 640 135
1 0.2539062 0.08544197 0.5475258 1 81.38126 1.631719 1000022 13 0 63.98883 1.821862 1000022 13 1 642 106
1 1.179161 1.206147 1.144075 1 117.8738 1.442057 1000022 13 1 35.2749 1.268651 1000022 13 1 650 196
1 1.164201 1.711426 0.8059074 1 101.1429 1.246832 1000022 13 1 101.7714 1.399263 1000022 13 1 651 420
1 1.034916 1.100018 0.9626585 1 72.08893 1.134056 1000022 13 0 54.09654 2.793415 1000022 11 1 971 267
1 0.009710893 0.001441682 0.05238557 1 43.01281 3.266148 1000022 13 1 21.70854 1.372579 1000022 13 1 977 383
1 0.6159488 0.3166172 0.9557644 1 215.6504 2.183284 1000022 13 1 35.45142 1.209122 1000022 11 1 986 362
1 1.147959 1.183877 1.106546 1 63.45172 2.379784 1000022 13 1 109.9816 1.384287 1000022 13 1 990 61
1 0.8748782 0.5617447 1.136825 1 293.3092 1.385442 1000022 13 1 95.77143 1.300032 1000022 11 1 657 177
1 1.055133 1.104334 0.9975671 1 206.2686 2.908329 1000022 11 0 269.7389 1.357885 1000022 13 1 666 218
1 1.199428 1.046014 1.251733 1 52.80426 1.35059 1000022 13 1 196.2961 1.596437 1000022 13 1 991 323
1 1.191782 1.185832 1.16486 1 150.5113 5.040396 1000022 11 1 67.95805 1.350217 1000022 13 1 1006 499
1 1.206555 1.21522 1.17542 1 152.9491 1.250974 1000022 13 1 48.40701 1.159064 1000022 11 1 1009 178
1 1.034916 1.100018 0.9626585 1 26.68027 1.902742 1000022 11 1 82.57188 2.584301 1000022 13 1 1117 51
1 1.194803 1.137859 1.187115 1 18.92597 1.755581 1000022 11 1 193.4355 1.554036 1000022 13 1 1117 318
1 1.035838 1.098122 0.9666125 1 89.30175 1.316834 1000022 13 1 56.7063 3.217639 1000022 13 1 1119 431
1 1.142868 1.177299 1.103399 0 187.0067 1.38181 1000022 11 1 85.83712 1.602551 1000022 13 1 576 193
1 1.194803 1.137859 1.187115 1 439.3762 1.478858 1000022 13 1 213.6985 1.691653 1000022 13 1 588 163
1 1.123647 1.241142 1.010512 1 91.31016 2.195069 1000022 13 0 85.15849 2.010032 1000022 11 1 1032 487
1 0.3767309 0.1505117 0.7131262 1 50.349 1.308344 1000022 13 1 25.9927 1.203444 1000022 13 1 407 195
1 1.058012 1.115802 0.9930252 1 45.94382 1.613667 1000022 13 0 314.4289 11.82141 1000022 13 1 418 203
1 1.164201 1.711426 0.8059074 1 82.70158 5.560311 1000022 13 0 535.3593 1.297327 1000022 11 1 337 166
1 1.298986 1.452146 1.156092 1 305.4859 1.761803 1000022 11 1 55.49019 1.48774 1000022 13 1 422 230
1 1.142868 1.177299 1.103399 1 88.51347 1.647667 1000022 13 1 56.99434 1.243578 1000022 13 1 52 186
1 1.026751 0.7444853 1.219196 1 131.4744 1.673288 1000022 13 1 269.2942 1.775562 1000022 11 1 121 231
1 1.123647 1.241142 1.010512 1 77.9409 1.303882 1000022 13 1 160.0245 1.191976 1000022 13 1 1393 317
1 1.143675 1.253919 1.033471 1 30.33488 1.754181 1000022 11 1 72.85384 2.749915 1000022 13 1 1395 200
1 0.3459568 0.1344595 0.6687537 1 81.09577 2.857368 1000022 13 1 176.3575 2.56765 1000022 11 1 1127 343
1 1.083255 0.8452013 1.220206 1 228.9098 4.386424 1000022 13 1 8.005759 1.441366 1000022 13 1 1135 244
1 1.017868 0.7662661 1.176325 1 47.16059 1.475719 1000022 13 1 85.6431 1.68531 1000022 13 1 1135 266
1 1.083255 0.8452013 1.220206 1 145.1774 1.617485 1000022 11 1 130.4298 3.103299 1000022 13 1 1138 399
1 1.057513 1.112379 0.9951048 1 90.04723 1.374266 1000022 13 1 81.93534 1.653447 1000022 11 1 1139 146
1 1.099696 0.9023142 1.195627 1 294.7318 1.752105 1000022 13 1 232.0532 1.546469 1000022 13 1 438 176
1 1.152501 1.258655 1.04415 1 203.4948 1.600141 1000022 13 1 34.03948 2.986776 1000022 13 1 439 39
1 1.194803 1.137859 1.187115 1 47.4595 1.714113 1000022 13 1 24.73508 1.541141 1000022 11 1 443 276
1 1.298986 1.452146 1.156092 1 92.85662 1.180645 1000022 13 1 177.6494 1.433962 1000022 13 1 159 466
1 1.866054 2.331325 1.3979 1 97.98859 3.862841 1000022 11 1 63.1529 1.338198 1000022 13 1 164 384
1 1.114777 0.884905 1.24054 1 35.83554 3.52608 1000022 11 1 76.73595 3.47632 1000022 13 1 165 168
1 1.033406 1.101364 0.958024 1 265.7843 1.496531 1000022 13 1 144.8161 1.573394 1000022 13 1 1155 423
1 0.1014541 0.02299071 0.3029553 1 210.7663 1.648434 1000022 11 1 92.95092 2.242629 1000022 13 1 176 52
1 1.126364 0.9389989 1.211138 1 290.058 1.530813 1000022 13 1 86.48105 1.228541 1000022 13 1 179 198
1 1.282494 1.437562 1.137462 1 111.6379 1.044894 1000022 13 1 133.5246 1.256631 1000022 11 1 186 364
1 1.10316 1.145079 1.05266 1 19.78043 1.912364 1000022 13 1 167.0606 1.405013 1000022 13 1 186 434
1 1.20651 1.16088 1.193521 1 128.2488 1.518108 1000022 13 1 460.5164 5.107991 1000022 13 1 191 496
1 1.0427 1.134261 0.9473373 0 269.5922 2.141124 1000022 11 1 131.2552 3.709291 1000022 13 1 24 180
1 1.298986 1.452146 1.156092 1 49.01609 1.786763 1000022 11 1 35.11502 1.125978 1000022 13 1 24 224
1 1.183608 1.169262 1.159476 0 51.68043 2.052514 1000022 13 1 75.04302 1.380432 1000022 13 1 25 137
1 0.03009876 0.005032814 0.1242768 0 165.3531 1.499949 1000022 13 0 193.4934 3.548607 1000022 11 1 1438 254
1 0.1080031 0.02598027 0.3057024 1 66.42542 2.073444 1000022 11 1 50.1415 1.261422 1000022 13 1 1442 167
1 0.5179346 0.9281273 0.2807825 1 167.8169 1.079367 1000022 13 1 69.5853 1.20255 1000022 13 1 207 451
1 1.106427 1.150534 1.053346 1 72.48816 2.126369 1000022 13 1 79.28477 10.2691 1000022 11 1 210 376
1 1.062846 1.139449 0.9784784 1 191.875 1.542276 1000022 13 1 135.9317 1.544874 1000022 11 1 211 69
1 0.203907 0.4107535 0.09737417 1 45.93373 1.326097 1000022 13 1 129.4346 1.287666 1000022 11 1 211 126
1 1.083255 0.8452013 1.220206 1 252.6319 1.996937 1000022 13 1 64.75826 1.42401 1000022 13 1 211 496
1 1.053247 1.09991 0.9980844 1 77.67517 1.265253 1000022 13 1 57.13354 1.701084 1000022 13 1 1171 255
1 1.190567 1.223018 1.152597 1 183.2628 1.541092 1000022 13 1 310.0168 1.392573 1000022 11 1 1172 413
1 0.7242169 1.085561 0.4754195 1 98.63912 1.779904 1000022 13 1 156.9338 1.815336 1000022 13 1 350 301
1 0.9894024 0.7036328 1.19152 1 112.2385 1.893767 1000022 13 1 37.36553 2.134353 1000022 13 1 1454 24
1 1.191782 1.185832 1.16486 1 43.26853 2.202326 1000022 13 1 80.35207 2.332292 1000022 13 1 217 78
1 1.46424 1.680344 1.235249 1 71.09358 3.351077 1000022 13 0 372.3067 1.192959 1000022 13 1 217 208
1 1.524498 1.73059 1.317664 1 23.37296 1.82514 1000022 13 1 153.6872 1.936145 1000022 11 1 72 209
1 0.5675248 0.271593 0.9330701 1 54.04541 1.949465 1000022 11 1 316.9005 1.572342 1000022 13 1 74 441
1 0.003151584 0.0005086883 0.01887308 1 77.13495 1.571264 1000022 13 1 192.2687 2.742575 1000022 13 1 76 358
1 1.199428 1.046014 1.251733 1 54.55154 1.589004 1000022 13 1 142.8296 1.65921 1000022 11 1 76 389
1 1.282494 1.437562 1.137462 0 30.02862 1.190709 1000022 13 0 212.3838 2.03912 1000022 13 1 1463 213
1 1.10316 1.145079 1.05266 1 94.58448 1.289155 1000022 13 0 308.8391 1.164533 1000022 11 1 353 424
1 1.20651 1.16088 1.193521 1 64.02592 1.380389 1000022 13 1 139.5024 1.894828 1000022 13 1 357 389
1 1.0427 1.134261 0.9473373 1 36.09649 1.27243 1000022 13 1 24.92246 1.397087 1000022 13 1 1187 147
1 0.3459568 0.1344595 0.6687537 1 188.7482 2.231636 1000022 13 0 161.1244 3.684621 1000022 11 1 252 39
1 1.059052 1.139164 0.9715886 1 30.627 1.319358 1000022 13 1 42.58604 1.424829 1000022 13 1 1189 382
1 0.2304392 0.07526134 0.508429 0 93.88844 4.10083 1000022 13 1 368.0862 2.36999 1000022 13 1 15 222
1 1.114777 0.884905 1.24054 1 216.9498 1.254312 1000022 11 1 98.4746 3.370897 1000022 13 1 18 76
1 0.4544891 0.2018274 0.792879 1 118.2985 2.943626 1000022 13 0 114.3275 1.722969 1000022 13 1 22 72
1 0.001480656 0.0002940148 0.00851074 1 89.55691 1.11296 1000022 13 1 24.17599 1.151735 1000022 13 1 869 275
1 1.062846 1.139449 0.9784784 1 53.50149 2.781176 1000022 13 1 66.64256 1.397191 1000022 13 1 869 419
1 1.10316 1.145079 1.05266 0 182.9164 2.834667 1000022 13 1 131.5774 1.506898 1000022 13 1 870 179
1 1.053247 1.09991 0.9980844 1 35.31533 1.402528 1000022 11 1 29.18885 1.258319 1000022 13 1 100 362
1 1.217313 1.182622 1.199648 1 248.5704 2.777358 1000022 13 1 125.2207 1.958174 1000022 11 1 539 331
1 0.6998869 0.3767799 1.045889 1 21.77035 1.296971 1000022 13 1 165.1151 1.154749 1000022 13 1 543 21
1 1.063672 0.7860307 1.245813 1 44.77645 1.5081 1000022 13 0 51.99065 1.274393 1000022 13 1 543 112
1 1.575265 1.775696 1.383444 1 58.70932 3.049031 1000022 11 1 146.4783 1.331954 1000022 13 1 545 266
1 1.176288 1.010978 1.239274 1 57.51171 4.438411 1000022 13 0 454.5982 1.067449 1000022 13 1 844 232
1 1.137649 1.170432 1.099925 1 219.0177 1.153546 1000022 13 1 159.8809 3.992851 1000022 13 1 850 406
1 1.034916 1.100018 0.9626585 1 84.03867 6.929367 1000022 13 1 188.7974 7.000518 1000022 13 1 855 385
1 0.7934737 0.4881172 1.065644 1 98.94971 1.8133 1000022 13 1 51.61113 1.475474 1000022 13 1 310 304
1 1.151918 0.9752633 1.225726 1 40.09597 1.233754 1000022 13 1 146.6948 1.382296 1000022 13 1 608 203
1 0.4445066 0.7265916 0.2710897 1 95.25262 1.108502 1000022 13 1 23.42553 3.630519 1000022 13 1 680 341
