1 0.01217822 0.001818087 0.06209253 1 43.64131 1.33452 6002113 13 1 12.20922 1.364292 6002113 13 1 125 326
1 0.3767309 0.1505117 0.7131262 1 8.613804 1.215329 6001113 13 1 5.660269 1.034598 6001113 13 1 331 107
1 1.227292 1.202911 1.205555 1 14.9295 1.32478 6002113 13 1 35.9779 1.007004 6002113 13 1 932 452
1 1.225386 1.141194 1.230719 1 47.79488 2.092944 6002113 13 1 33.64708 1.010531 6002113 13 1 971 21
1 0.3170899 0.1198369 0.6261138 1 25.98168 1.11267 6002113 13 1 20.24462 1.19723 6002113 13 1 911 414
1 0.5380682 0.2637946 0.8676014 1 12.56252 1.151997 6002113 13 1 31.84345 1.049353 6002113 13 1 603 128
1 0.01417853 0.002128869 0.07081318 1 29.77522 3.315062 6002113 13 1 36.30146 1.037893 6002113 13 1 56 227
1 1.147959 1.183877 1.106546 1 6.304394 1.228444 6001113 13 1 11.88922 1.1742 6001113 13 1 638 319
1 1.099519 1.139476 1.051563 1 9.788438 1.053034 6001113 13 1 10.4854 1.07107 6001113 13 1 304 250
1 1.182032 1.113501 1.180358 1 18.45284 2.960947 6002113 13 1 37.449 1.315844 6002113 13 1 746 115
1 1.524498 1.73059 1.317664 1 30.10534 1.205512 6002113 13 1 23.94674 1.077926 6002113 13 1 6 65
