PDG	Ctau	CtauScaleFactor	Efficiency	StatError	RelativeStatError	PuUpEffic	PuDownEffic	TruncEffic	StatError	PuUpTrunEffic	PuDownTruncEffic	EfficiencyNeg	StatError	RelativeStatError	TrunEfficNeg	StatError
6001113	0.5	0.01		0.01731		0.001211		0.069991		0.017149		0.017536		0.017308		0.001211		0.017149		0.01753565		0		0.000000		-1.000000		0		0.000000
6001113	1	0.02		0.02627		0.001278		0.048650		0.025861		0.026751		0.026266		0.001278		0.025861		0.02675104		0		0.000000		-1.000000		0		0.000000
6001113	2	0.04		0.03256		0.001119		0.034375		0.032011		0.033205		0.032556		0.001119		0.032011		0.03320506		0		0.000000		-1.000000		0		0.000000
6001113	3	0.06		0.03501		0.000985		0.028148		0.034442		0.035685		0.035008		0.000985		0.034442		0.03568547		0		0.000000		-1.000000		0		0.000000
6001113	4	0.08		0.03629		0.000888		0.024473		0.035724		0.036966		0.036291		0.000888		0.035724		0.03696557		0		0.000000		-1.000000		0		0.000000
6001113	5	0.1		0.03705		0.000815		0.022001		0.036485		0.037713		0.037049		0.000815		0.036485		0.03771295		0		0.000000		-1.000000		0		0.000000
6001113	10	0.2		0.03805		0.000616		0.016186		0.037504		0.038655		0.038051		0.000616		0.037504		0.03865525		0		0.000000		-1.000000		0		0.000000
6001113	20	0.4		0.03694		0.000466		0.012604		0.036397		0.037492		0.036936		0.000466		0.036397		0.03749239		0		0.000000		-1.000000		0		0.000000
6001113	30	0.6		0.03541		0.000401		0.011309		0.034877		0.035960		0.035414		0.000401		0.034876		0.03595968		0		0.000000		-1.000000		0		0.000000
6001113	40	0.8		0.03396		0.000366		0.010776		0.033423		0.034504		0.033958		0.000366		0.033420		0.03450040		0		0.000000		-1.000000		0		0.000000
6001113	50	1		0.03259		0.000347		0.010649		0.032054		0.033133		0.032578		0.000347		0.032043		0.03311970		0		0.000000		-1.000000		0		0.000000
6001113	100	2		0.02678		0.000362		0.013498		0.026274		0.027302		0.026622		0.000335		0.026125		0.02712954		0		0.000000		-1.000000		0		0.000000
6001113	200	4		0.01904		0.001229		0.064532		0.018768		0.019326		0.018828		0.000330		0.018439		0.01922591		0		0.000000		-1.000000		0		0.000000
6001113	300	6		0.01483		0.002029		0.136818		0.014774		0.014911		0.014395		0.000296		0.014086		0.01471179		0		0.000000		-1.000000		0		0.000000
6001113	400	8		0.01249		0.002391		0.191472		0.012553		0.012460		0.011617		0.000260		0.011362		0.01187701		0		0.000000		-1.000000		0		0.000000
6001113	500	10		0.01107		0.002547		0.230096		0.011198		0.010979		0.009726		0.000230		0.009510		0.00994667		0		0.000000		-1.000000		0		0.000000
6001113	1e+03	20		0.008328		0.002645		0.317656		0.008559		0.008151		0.005346		0.000141		0.005225		0.00547058		0		0.000000		-1.000000		0		0.000000
6001113	2e+03	40		0.007069		0.002578		0.364657		0.007330		0.006868		0.002808		0.000079		0.002743		0.00287432		0		0.000000		-1.000000		0		0.000000
6001113	3e+03	60		0.006673		0.002539		0.380520		0.006940		0.006467		0.001904		0.000054		0.001860		0.00194872		0		0.000000		-1.000000		0		0.000000
6001113	4e+03	80		0.006479		0.002517		0.388463		0.006749		0.006271		0.001440		0.000041		0.001406		0.00147397		0		0.000000		-1.000000		0		0.000000
6001113	5e+03	1e+02		0.006365		0.002503		0.393230		0.006636		0.006156		0.001158		0.000034		0.001131		0.00118520		0		0.000000		-1.000000		0		0.000000
6002113	5	0.01		0.0399		0.002577		0.064578		0.039291		0.040735		0.039902		0.002577		0.039291		0.04073456		0		0.000000		-1.000000		0		0.000000
6002113	10	0.02		0.04104		0.001908		0.046495		0.040689		0.041520		0.041039		0.001908		0.040689		0.04151975		0		0.000000		-1.000000		0		0.000000
6002113	20	0.04		0.03978		0.001374		0.034531		0.039644		0.039965		0.039776		0.001374		0.039644		0.03996482		0		0.000000		-1.000000		0		0.000000
6002113	30	0.06		0.03813		0.001120		0.029378		0.038044		0.038247		0.038133		0.001120		0.038044		0.03824711		0		0.000000		-1.000000		0		0.000000
6002113	40	0.08		0.03657		0.000966		0.026404		0.036473		0.036666		0.036567		0.000966		0.036473		0.03666597		0		0.000000		-1.000000		0		0.000000
6002113	50	0.1		0.03508		0.000859		0.024482		0.034966		0.035180		0.035076		0.000859		0.034966		0.03517951		0		0.000000		-1.000000		0		0.000000
6002113	100	0.2		0.02861		0.000589		0.020576		0.028442		0.028757		0.028610		0.000589		0.028442		0.02875683		0		0.000000		-1.000000		0		0.000000
6002113	200	0.4		0.02021		0.000386		0.019116		0.020040		0.020351		0.020205		0.000386		0.020040		0.02035120		0		0.000000		-1.000000		0		0.000000
6002113	300	0.6		0.01545		0.000292		0.018892		0.015308		0.015570		0.015447		0.000292		0.015308		0.01557000		0		0.000000		-1.000000		0		0.000000
6002113	400	0.8		0.01247		0.000235		0.018870		0.012349		0.012569		0.012466		0.000235		0.012349		0.01256922		0		0.000000		-1.000000		0		0.000000
6002113	500	1		0.01044		0.000197		0.018897		0.010336		0.010524		0.010437		0.000197		0.010337		0.01052528		0		0.000000		-1.000000		0		0.000000
6002113	1e+03	2		0.005725		0.000111		0.019459		0.005672		0.005770		0.005734		0.000110		0.005678		0.00578308		0		0.000000		-1.000000		0		0.000000
6002113	2e+03	4		0.002977		0.000186		0.062559		0.002962		0.002984		0.003010		0.000059		0.002980		0.00303435		0		0.000000		-1.000000		0		0.000000
6002113	3e+03	6		0.002037		0.000280		0.137435		0.002038		0.002031		0.002039		0.000040		0.002020		0.00205589		0		0.000000		-1.000000		0		0.000000
6002113	4e+03	8		0.001596		0.000314		0.196453		0.001604		0.001585		0.001542		0.000031		0.001527		0.00155448		0		0.000000		-1.000000		0		0.000000
6002113	5e+03	10		0.001351		0.000323		0.238933		0.001361		0.001338		0.001240		0.000025		0.001228		0.00124965		0		0.000000		-1.000000		0		0.000000
6002113	1e+04	20		0.0009204		0.000310		0.336859		0.000934		0.000906		0.000626		0.000013		0.000620		0.00063096		0		0.000000		-1.000000		0		0.000000
6002113	2e+04	40		0.0007403		0.000289		0.390047		0.000754		0.000727		0.000315		0.000006		0.000312		0.00031703		0		0.000000		-1.000000		0		0.000000
6002113	3e+04	60		0.0006859		0.000280		0.408058		0.000699		0.000672		0.000210		0.000004		0.000208		0.00021170		0		0.000000		-1.000000		0		0.000000
6002113	4e+04	80		0.0006597		0.000275		0.417086		0.000673		0.000646		0.000158		0.000003		0.000156		0.00015890		0		0.000000		-1.000000		0		0.000000
6002113	5e+04	1e+02		0.0006443		0.000272		0.422505		0.000658		0.000631		0.000126		0.000003		0.000125		0.00012718		0		0.000000		-1.000000		0		0.000000
6003113	50	0.01		0.02927		0.002375		0.081146		0.028776		0.029814		0.029267		0.002375		0.028776		0.02981398		0		0.000000		-1.000000		0		0.000000
6003113	100	0.02		0.02497		0.001642		0.065762		0.024457		0.025544		0.024969		0.001642		0.024457		0.02554424		0		0.000000		-1.000000		0		0.000000
6003113	200	0.04		0.01815		0.001078		0.059382		0.017739		0.018614		0.018154		0.001078		0.017739		0.01861350		0		0.000000		-1.000000		0		0.000000
6003113	300	0.06		0.01403		0.000813		0.057955		0.013697		0.014391		0.014028		0.000813		0.013697		0.01439052		0		0.000000		-1.000000		0		0.000000
6003113	400	0.08		0.01138		0.000654		0.057472		0.011111		0.011680		0.011384		0.000654		0.011111		0.01168032		0		0.000000		-1.000000		0		0.000000
6003113	500	0.1		0.009565		0.000548		0.057276		0.009333		0.009815		0.009565		0.000548		0.009333		0.00981509		0		0.000000		-1.000000		0		0.000000
6003113	1e+03	0.2		0.005299		0.000303		0.057131		0.005168		0.005439		0.005299		0.000303		0.005168		0.00543931		0		0.000000		-1.000000		0		0.000000
6003113	2e+03	0.4		0.002796		0.000160		0.057202		0.002726		0.002870		0.002796		0.000160		0.002726		0.00286976		0		0.000000		-1.000000		0		0.000000
6003113	3e+03	0.6		0.001898		0.000109		0.057250		0.001850		0.001948		0.001898		0.000109		0.001850		0.00194790		0		0.000000		-1.000000		0		0.000000
6003113	4e+03	0.8		0.001436		0.000082		0.057280		0.001400		0.001474		0.001436		0.000082		0.001400		0.00147409		0		0.000000		-1.000000		0		0.000000
6003113	5e+03	1		0.001155		0.000066		0.057302		0.001126		0.001185		0.001155		0.000066		0.001126		0.00118563		0		0.000000		-1.000000		0		0.000000
6003113	1e+04	2		0.0005824		0.000033		0.057436		0.000568		0.000598		0.000584		0.000033		0.000569		0.00059903		0		0.000000		-1.000000		0		0.000000
6003113	2e+04	4		0.0002976		0.000018		0.061276		0.000290		0.000305		0.000293		0.000017		0.000286		0.00030089		0		0.000000		-1.000000		0		0.000000
6003113	3e+04	6		0.0002114		0.000015		0.070087		0.000207		0.000217		0.000196		0.000011		0.000191		0.00020086		0		0.000000		-1.000000		0		0.000000
6003113	4e+04	8		0.0001725		0.000014		0.078639		0.000169		0.000177		0.000147		0.000008		0.000143		0.00015074		0		0.000000		-1.000000		0		0.000000
6003113	5e+04	10		0.0001509		0.000013		0.085497		0.000148		0.000155		0.000118		0.000007		0.000115		0.00012064		0		0.000000		-1.000000		0		0.000000
6003113	1e+05	20		0.0001123		0.000012		0.103375		0.000110		0.000115		0.000059		0.000003		0.000057		0.00006036		0		0.000000		-1.000000		0		0.000000
6003113	2e+05	40		9.552e-05		0.000011		0.114340		0.000094		0.000098		0.000029		0.000002		0.000029		0.00003019		0		0.000000		-1.000000		0		0.000000
6003113	3e+05	60		9.03e-05		0.000011		0.118273		0.000089		0.000092		0.000020		0.000001		0.000019		0.00002013		0		0.000000		-1.000000		0		0.000000
6003113	4e+05	80		8.776e-05		0.000011		0.120289		0.000086		0.000090		0.000015		0.000001		0.000014		0.00001510		0		0.000000		-1.000000		0		0.000000
6003113	5e+05	1e+02		8.627e-05		0.000010		0.121514		0.000085		0.000088		0.000012		0.000001		0.000011		0.00001208		0		0.000000		-1.000000		0		0.000000
