PDG	Ctau	CtauScaleFactor	Efficiency	StatError	RelativeStatError	PuUpEffic	PuDownEffic	TruncEffic	StatError	PuUpTrunEffic	PuDownTruncEffic	EfficiencyNeg	StatError	RelativeStatError	TrunEfficNeg	StatError
6001113	0.13	0.01		0.001091		0.000166		0.152279		0.001083		0.001084		0.001091		0.000166		0.001083		0.00108363		3.359e-06		0.000003		1.000098		3.359e-06		0.000003
6001113	0.26	0.02		0.003627		0.000346		0.095262		0.003590		0.003637		0.003627		0.000346		0.003590		0.00363680		1.844e-05		0.000018		1.000033		1.844e-05		0.000018
6001113	0.52	0.04		0.00702		0.000446		0.063530		0.006957		0.007052		0.007020		0.000446		0.006957		0.00705152		3.054e-05		0.000031		0.999995		3.054e-05		0.000031
6001113	0.78	0.06		0.008816		0.000454		0.051484		0.008754		0.008849		0.008816		0.000454		0.008754		0.00884938		3.037e-05		0.000030		0.999987		3.037e-05		0.000030
6001113	1.04	0.08		0.009919		0.000441		0.044440		0.009862		0.009948		0.009919		0.000441		0.009862		0.00994832		2.783e-05		0.000028		0.999985		2.783e-05		0.000028
6001113	1.3	0.1		0.01068		0.000423		0.039642		0.010627		0.010706		0.010679		0.000423		0.010627		0.01070555		2.51e-05		0.000025		0.999986		2.51e-05		0.000025
6001113	2.6	0.2		0.01258		0.000352		0.028007		0.012527		0.012627		0.012582		0.000352		0.012527		0.01262683		1.596e-05		0.000016		0.999990		1.596e-05		0.000016
6001113	5.2	0.4		0.01368		0.000287		0.020944		0.013577		0.013791		0.013680		0.000287		0.013577		0.01379066		8.993e-06		0.000009		0.999994		8.993e-06		0.000009
6001113	7.8	0.6		0.01381		0.000257		0.018591		0.013669		0.013960		0.013806		0.000257		0.013669		0.01395941		6.239e-06		0.000006		0.999996		6.239e-06		0.000006
6001113	10.4	0.8		0.01365		0.000241		0.017627		0.013494		0.013835		0.013650		0.000241		0.013491		0.01383181		4.775e-06		0.000005		0.999997		4.775e-06		0.000005
6001113	13	1		0.01341		0.000233		0.017371		0.013236		0.013613		0.013396		0.000233		0.013221		0.01359637		3.867e-06		0.000004		0.999998		3.867e-06		0.000004
6001113	26	2		0.01209		0.000310		0.025650		0.011875		0.012322		0.011790		0.000252		0.011582		0.01202344		1.982e-06		0.000002		1.000006		1.983e-06		0.000002
6001113	52	4		0.01009		0.000809		0.080201		0.009918		0.010246		0.008935		0.000281		0.008744		0.00914314		1.015e-06		0.000001		1.000433		1.005e-06		0.000001
6001113	78	6		0.008925		0.001143		0.128107		0.008808		0.009000		0.007042		0.000260		0.006880		0.00721487		7.155e-07		0.000001		1.001623		6.736e-07		0.000001
6001113	104	8		0.008234		0.001325		0.160910		0.008154		0.008258		0.005777		0.000232		0.005641		0.00592346		5.793e-07		0.000001		1.002963		5.064e-07		0.000001
6001113	130	10		0.00779		0.001431		0.183688		0.007735		0.007782		0.004888		0.000207		0.004770		0.00501333		5.038e-07		0.000001		1.004153		4.058e-07		0.000000
6001113	260	20		0.006858		0.001620		0.236193		0.006855		0.006786		0.002746		0.000128		0.002677		0.00281885		3.692e-07		0.000000		1.007704		2.035e-07		0.000000
6001113	520	40		0.006381		0.001695		0.265716		0.006403		0.006280		0.001459		0.000072		0.001422		0.00149822		3.11e-07		0.000000		1.010181		1.019e-07		0.000000
6001113	780	60		0.006222		0.001717		0.275998		0.006252		0.006112		0.000993		0.000050		0.000967		0.00101973		2.93e-07		0.000000		1.011123		6.798e-08		0.000000
6001113	1.04e+03	80		0.006143		0.001727		0.281217		0.006177		0.006028		0.000752		0.000038		0.000733		0.00077282		2.843e-07		0.000000		1.011615		5.1e-08		0.000000
6001113	1.3e+03	1e+02		0.006095		0.001733		0.284373		0.006132		0.005978		0.000606		0.000031		0.000590		0.00062215		2.792e-07		0.000000		1.011918		4.08e-08		0.000000
6002113	1.3	0.01		0.01018		0.001165		0.114422		0.010477		0.009903		0.010182		0.001165		0.010477		0.00990260		0		0.000000		-1.000000		0		0.000000
6002113	2.6	0.02		0.01272		0.000995		0.078211		0.012876		0.012557		0.012724		0.000995		0.012876		0.01255661		0		0.000000		-1.000000		0		0.000000
6002113	5.2	0.04		0.0142		0.000799		0.056232		0.014173		0.014203		0.014203		0.000799		0.014173		0.01420296		0		0.000000		-1.000000		0		0.000000
6002113	7.8	0.06		0.01438		0.000685		0.047650		0.014276		0.014453		0.014380		0.000685		0.014276		0.01445330		0		0.000000		-1.000000		0		0.000000
6002113	10.4	0.08		0.0142		0.000608		0.042789		0.014073		0.014306		0.014205		0.000608		0.014073		0.01430606		0		0.000000		-1.000000		0		0.000000
6002113	13	0.1		0.01392		0.000550		0.039543		0.013780		0.014030		0.013919		0.000550		0.013780		0.01403017		0		0.000000		-1.000000		0		0.000000
6002113	26	0.2		0.01239		0.000393		0.031727		0.012262		0.012490		0.012387		0.000393		0.012262		0.01249019		0		0.000000		-1.000000		0		0.000000
6002113	52	0.4		0.009994		0.000273		0.027287		0.009897		0.010077		0.009994		0.000273		0.009897		0.01007750		0		0.000000		-1.000000		0		0.000000
6002113	78	0.6		0.008278		0.000217		0.026214		0.008199		0.008348		0.008278		0.000217		0.008199		0.00834763		0		0.000000		-1.000000		0		0.000000
6002113	104	0.8		0.007026		0.000182		0.025936		0.006960		0.007085		0.007026		0.000182		0.006960		0.00708502		0		0.000000		-1.000000		0		0.000000
6002113	130	1		0.006088		0.000158		0.025897		0.006031		0.006139		0.006088		0.000158		0.006031		0.00613827		0		0.000000		-1.000000		0		0.000000
6002113	260	2		0.003622		0.000096		0.026507		0.003592		0.003648		0.003621		0.000095		0.003589		0.00364954		0		0.000000		-1.000000		0		0.000000
6002113	520	4		0.001982		0.000102		0.051662		0.001988		0.001971		0.001991		0.000053		0.001974		0.00200530		0		0.000000		-1.000000		0		0.000000
6002113	780	6		0.001401		0.000135		0.096286		0.001424		0.001370		0.001372		0.000037		0.001361		0.00138130		0		0.000000		-1.000000		0		0.000000
6002113	1.04e+03	8		0.001126		0.000148		0.131157		0.001157		0.001088		0.001046		0.000029		0.001038		0.00105331		0		0.000000		-1.000000		0		0.000000
6002113	1.3e+03	10		0.000971		0.000152		0.156211		0.001006		0.000931		0.000845		0.000023		0.000839		0.00085114		0		0.000000		-1.000000		0		0.000000
6002113	2.6e+03	20		0.0006946		0.000149		0.214553		0.000733		0.000653		0.000431		0.000012		0.000428		0.00043427		0		0.000000		-1.000000		0		0.000000
6002113	5.2e+03	40		0.0005757		0.000142		0.246976		0.000614		0.000535		0.000218		0.000006		0.000216		0.00021936		0		0.000000		-1.000000		0		0.000000
6002113	7.8e+03	60		0.0005391		0.000139		0.258129		0.000577		0.000500		0.000146		0.000004		0.000145		0.00014674		0		0.000000		-1.000000		0		0.000000
6002113	1.04e+04	80		0.0005215		0.000138		0.263757		0.000559		0.000482		0.000110		0.000003		0.000109		0.00011024		0		0.000000		-1.000000		0		0.000000
6002113	1.3e+04	1e+02		0.0005111		0.000137		0.267149		0.000548		0.000472		0.000088		0.000002		0.000087		0.00008829		0		0.000000		-1.000000		0		0.000000
6003113	13	0.01		0.01338		0.001670		0.124815		0.012950		0.013789		0.013383		0.001670		0.012950		0.01378883		0		0.000000		-1.000000		0		0.000000
6003113	26	0.02		0.01223		0.001193		0.097546		0.012015		0.012397		0.012225		0.001193		0.012015		0.01239711		0		0.000000		-1.000000		0		0.000000
6003113	52	0.04		0.00985		0.000800		0.081264		0.009777		0.009896		0.009850		0.000800		0.009777		0.00989631		0		0.000000		-1.000000		0		0.000000
6003113	78	0.06		0.00814		0.000617		0.075837		0.008110		0.008152		0.008140		0.000617		0.008110		0.00815151		0		0.000000		-1.000000		0		0.000000
6003113	104	0.08		0.006903		0.000507		0.073434		0.006891		0.006901		0.006903		0.000507		0.006891		0.00690099		0		0.000000		-1.000000		0		0.000000
6003113	130	0.1		0.005979		0.000432		0.072186		0.005976		0.005971		0.005979		0.000432		0.005976		0.00597131		0		0.000000		-1.000000		0		0.000000
6003113	260	0.2		0.003556		0.000250		0.070364		0.003563		0.003545		0.003556		0.000250		0.003563		0.00354462		0		0.000000		-1.000000		0		0.000000
6003113	520	0.4		0.001955		0.000137		0.069916		0.001960		0.001947		0.001955		0.000137		0.001960		0.00194683		0		0.000000		-1.000000		0		0.000000
6003113	780	0.6		0.001346		0.000094		0.069853		0.001351		0.001341		0.001346		0.000094		0.001351		0.00134052		0		0.000000		-1.000000		0		0.000000
6003113	1.04e+03	0.8		0.001026		0.000072		0.069841		0.001030		0.001022		0.001026		0.000072		0.001030		0.00102185		0		0.000000		-1.000000		0		0.000000
6003113	1.3e+03	1		0.0008293		0.000058		0.069840		0.000832		0.000826		0.000829		0.000058		0.000832		0.00082556		0		0.000000		-1.000000		0		0.000000
6003113	2.6e+03	2		0.0004228		0.000030		0.070097		0.000424		0.000421		0.000423		0.000030		0.000425		0.00042144		0		0.000000		-1.000000		0		0.000000
6003113	5.2e+03	4		0.000203		0.000026		0.125836		0.000205		0.000201		0.000214		0.000015		0.000215		0.00021324		0		0.000000		-1.000000		0		0.000000
6003113	7.8e+03	6		0.0001286		0.000031		0.240622		0.000131		0.000126		0.000143		0.000010		0.000144		0.00014277		0		0.000000		-1.000000		0		0.000000
6003113	1.04e+04	8		9.538e-05		0.000031		0.325988		0.000098		0.000093		0.000108		0.000008		0.000108		0.00010732		0		0.000000		-1.000000		0		0.000000
6003113	1.3e+04	10		7.768e-05		0.000030		0.383412		0.000081		0.000075		0.000086		0.000006		0.000086		0.00008597		0		0.000000		-1.000000		0		0.000000
6003113	2.6e+04	20		4.859e-05		0.000024		0.503389		0.000051		0.000046		0.000043		0.000003		0.000043		0.00004310		0		0.000000		-1.000000		0		0.000000
6003113	5.2e+04	40		3.738e-05		0.000021		0.561918		0.000040		0.000035		0.000022		0.000002		0.000022		0.00002158		0		0.000000		-1.000000		0		0.000000
6003113	7.8e+04	60		3.412e-05		0.000020		0.580772		0.000036		0.000032		0.000014		0.000001		0.000014		0.00001439		0		0.000000		-1.000000		0		0.000000
6003113	1.04e+05	80		3.257e-05		0.000019		0.590046		0.000035		0.000031		0.000011		0.000001		0.000011		0.00001080		0		0.000000		-1.000000		0		0.000000
6003113	1.3e+05	1e+02		3.167e-05		0.000019		0.595559		0.000034		0.000030		0.000009		0.000001		0.000009		0.00000864		0		0.000000		-1.000000		0		0.000000
