1 0.6066679 0.6139975 0.5903023 0 59.29969 1.669813 6002113 13 1 5.462054 2.52326 6002113 11 1 118 28136
1 0.5254593 0.4028046 0.5994089 1 39.59142 1.310186 6002113 13 0 2.376588 1.822234 6002113 11 1 118 28306
1 0.5477981 0.5668843 0.5250256 1 3.883037 4.173237 6002113 11 1 57.41043 2.571616 6002113 13 1 131 31207
1 0.5156123 0.5510817 0.476349 1 10.24889 1.382358 6002113 11 0 79.77501 1.75182 6002113 13 1 131 31249
1 0.5295258 0.5695821 0.4857943 1 32.58998 1.484896 6002113 11 1 46.35343 1.434235 6002113 13 1 137 32715
1 0.649493 0.7260728 0.5780458 0 62.07668 1.572068 6003113 13 0 415.5458 1.884282 6003113 11 1 137 32741
1 0.8205639 0.9861007 0.6425961 1 22.52445 1.691622 6002113 11 0 74.25398 1.38543 6002113 13 1 138 32938
1 0.002473462 0.0003824879 0.01448451 0 761.7438 1.596396 6003113 11 1 33.53463 1.824524 6003113 13 1 139 33340
1 0.5762507 0.6293275 0.5220752 0 159.5375 1.45997 6003113 11 0 65.94958 1.451448 6003113 13 1 257 61588
1 0.05400157 0.01299014 0.1528512 0 40.4039 1.404707 6002113 13 1 36.48341 2.54869 6002113 11 1 261 62414
1 0.3171137 0.5267799 0.1917663 1 5.155672 1.597502 6002113 11 1 45.74207 1.667226 6002113 13 1 262 62763
1 0.01736219 0.002962011 0.06984233 0 20.60686 12.10619 6002113 11 1 62.92508 2.93685 6002113 13 1 262 62819
1 0.6032551 0.5804401 0.5967605 0 100.1216 1.473074 6003113 13 0 734.5886 2.705021 6003113 11 1 303 72681
1 0.05072705 0.01149535 0.1514777 1 39.08177 1.43687 6002113 13 1 30.23575 4.612477 6002113 11 1 304 72776
1 0.5718377 0.6269594 0.5167355 0 78.85796 1.596705 6002113 13 1 15.22337 2.763277 6002113 11 1 333 79879
1 0.5688243 0.5852158 0.5499623 0 109.6075 1.803674 6003113 13 0 374.3905 2.457003 6003113 11 1 333 79892
1 0.514408 1.089337 0.238378 1 43.1241 1.900295 6002113 11 0 49.42703 1.250486 6002113 13 1 361 86476
1 0.6647661 0.7390303 0.5949469 1 53.10254 2.033428 6002113 13 1 21.24969 2.479463 6002113 11 1 361 86545
1 0.5631819 0.4694994 0.6055688 1 37.50169 1.648186 6002113 13 0 65.22433 1.290301 6002113 11 1 40 9526
1 0.5318362 0.3930153 0.6229063 0 84.49924 1.376863 6002113 13 1 0.5570931 3.136592 6002113 11 1 45 10639
1 0.4374391 0.2808723 0.5684127 0 54.33852 1.478878 6002113 13 1 38.0761 1.405452 6002113 11 1 45 10800
1 0.3621084 0.5427805 0.2377097 1 13.37745 1.374631 6002113 11 1 20.29541 1.465566 6002113 13 1 46 11029
1 0.5287565 0.5561895 0.4975524 0 230.6726 2.585284 6003113 11 1 64.82818 1.736438 6003113 13 1 53 12570
1 0.3967369 0.2440586 0.532822 1 75.08665 3.551837 6002113 13 1 35.72202 2.889927 6002113 11 1 53 12632
1 0.517458 0.550009 0.4813292 0 91.56737 1.3994 6003113 11 1 57.62951 2.018483 6003113 13 1 54 12731
1 0.5416277 0.4226007 0.6101028 0 137.4145 1.421993 6003113 11 0 68.14429 1.470476 6003113 13 1 54 12832
1 0.5788639 0.5982325 0.5558819 0 148.8038 1.636247 6003113 11 0 72.90303 1.444193 6003113 13 1 65 15438
1 0.5924498 0.6074459 0.5742529 0 121.4743 2.169775 6003113 13 0 511.1577 5.648473 6003113 11 1 66 15652
1 0.4947012 0.3518164 0.5957602 1 32.55845 1.454607 6003113 11 0 65.82014 1.394304 6003113 13 1 89 21262
1 0.5497594 0.569738 0.5257817 1 33.26427 1.514741 6002113 13 1 29.77335 1.580498 6002113 11 1 111 26513
1 0.5918038 0.5846312 0.5797378 0 79.9795 1.358285 6002113 13 1 41.11628 1.588874 6002113 11 1 112 26721
1 0.7025557 0.9670474 0.4916945 1 52.16441 1.942303 6003113 13 0 59.50378 1.436756 6003113 11 1 112 26746
1 0.6066679 0.6139975 0.5903023 0 224.1261 2.403992 6003113 13 0 269.2291 4.283905 6003113 11 1 149 35576
1 0.5739795 0.5919386 0.5532731 0 111.927 1.741964 6002113 13 1 20.30884 3.332505 6002113 11 1 151 36013
1 0.2221058 0.09363705 0.4034487 0 205.2808 1.315397 6003113 11 1 44.66758 1.355971 6003113 13 1 153 36642
1 0.567017 0.6240464 0.5111355 1 53.38751 2.311119 6003113 13 0 437.8327 3.304332 6003113 11 1 335 80178
1 0.5133753 0.3722426 0.6095979 1 46.28811 1.998955 6002113 11 0 110.2663 1.701582 6002113 13 1 335 80215
1 0.6647661 0.7390303 0.5949469 1 26.94245 2.974822 6003113 11 0 91.08005 1.675019 6003113 13 1 336 80622
1 0.09959436 0.02969352 0.2358939 1 4.746363 1.496392 6002113 11 1 82.34766 1.947586 6002113 13 1 339 81155
1 0.7122802 1.022352 0.4932415 0 418.1697 7.177823 6003113 11 0 202.3097 4.125033 6003113 13 1 339 81238
1 0.08965165 0.02592053 0.2175904 0 72.96984 1.482268 6003113 13 0 1447.893 1.64324 6003113 11 1 339 81262
1 0.63258 0.7110067 0.558628 0 111.1773 1.477225 6003113 13 0 654.523 1.629175 6003113 11 1 339 81288
1 0.5089338 0.3831331 0.5881627 0 58.46817 1.979362 6002113 13 1 15.70253 1.506666 6002113 11 1 339 81309
1 0.09959436 0.02969352 0.2358939 1 50.72136 1.677113 6002113 13 1 2.351454 2.24369 6002113 11 1 339 81357
1 0.6048125 0.5564877 0.6113285 1 0.6972257 2.460927 6001113 11 1 14.42144 1.564089 6001113 13 1 381 91430
1 0.8525429 1.008901 0.681981 0 46.36079 1.414948 6002113 13 1 30.04708 1.465982 6002113 11 1 415 99479
1 0.6647661 0.7390303 0.5949469 1 16.57643 1.555594 6002113 11 0 63.63173 1.478118 6002113 13 1 415 99582
1 0.6412468 0.7187812 0.5687311 1 47.8714 1.437007 6002113 11 0 95.34499 1.415946 6002113 13 1 416 99709
1 0.3621084 0.5427805 0.2377097 0 61.93518 1.471275 6002113 13 0 56.13485 1.39846 6002113 11 1 416 99773
1 0.7122802 1.022352 0.4932415 1 55.00557 2.434633 6003113 13 1 37.70638 1.658071 6003113 11 1 232 55647
1 0.6647661 0.7390303 0.5949469 1 4.983413 1.869263 6002113 11 0 43.38036 1.501325 6002113 13 1 235 56325
1 0.5546474 0.5779464 0.5268154 1 0.3724079 1.401255 6002113 11 1 21.82572 1.420713 6002113 13 1 236 56631
1 0.6573245 0.7328399 0.586741 0 189.3599 1.442183 6003113 11 0 80.22142 1.417945 6003113 13 1 263 62916
1 0.5562873 0.6165259 0.4990861 1 90.30614 2.63243 6002113 13 0 84.77232 1.809976 6002113 11 1 263 63108
1 0.6412468 0.7187812 0.5687311 1 19.80345 2.246271 6002113 13 1 9.400949 2.923939 6002113 11 1 264 63194
1 0.5618237 0.6205709 0.5052561 1 66.80627 2.30425 6002113 13 1 5.732846 1.566041 6002113 11 1 289 69125
1 0.5532137 0.5752672 0.5266728 1 30.80199 1.917925 6002113 11 0 59.32219 1.434004 6002113 13 1 318 76167
1 0.004855447 0.000720841 0.02619279 0 115.0395 1.741646 6003113 13 0 214.1713 4.43063 6003113 11 1 318 76232
1 0.7753953 0.8768815 0.6761842 0 91.18993 1.442233 6002113 11 1 32.54471 1.43045 6002113 13 1 34 8062
1 0.7622492 0.8652949 0.6588318 1 22.51789 1.425772 6002113 13 1 33.33322 1.375166 6002113 11 1 34 8122
1 0.2881128 0.1446569 0.4556899 1 18.74139 1.913481 6002113 13 1 18.48487 1.738803 6002113 11 1 123 29370
1 0.5774951 0.5107735 0.5972872 1 36.98016 1.660409 6002113 13 1 51.80996 9.160717 6002113 11 1 123 29385
1 0.05072705 0.01149535 0.1514777 1 47.72276 2.694965 6003113 13 0 1156.578 1.659391 6003113 11 1 124 29623
1 0.3967369 0.2440586 0.532822 1 11.83703 2.899629 6002113 11 1 25.51979 1.780648 6002113 13 1 124 29701
1 0.5155952 0.7620206 0.3528518 1 3.492355 1.935987 6002113 11 0 35.07977 1.244615 6002113 13 1 124 29747
1 0.5618237 0.6205709 0.5052561 0 63.24057 1.409805 6002113 11 1 40.79836 1.592829 6002113 13 1 127 30387
1 0.2047332 0.08404274 0.3795956 0 71.30124 1.982935 6002113 13 0 40.06833 1.817708 6002113 11 1 127 30396
1 0.5573887 0.4424525 0.62027 1 41.82898 1.337702 6002113 11 1 46.59029 1.486497 6002113 13 1 128 30581
1 0.5836614 0.5931804 0.5673237 0 87.24419 1.681645 6003113 13 0 277.1757 1.743478 6003113 11 1 166 39836
1 0.5562873 0.6165259 0.4990861 1 9.403553 1.504662 6002113 11 1 37.51088 1.752936 6002113 13 1 189 45160
1 0.5762507 0.6293275 0.5220752 0 80.92072 1.594562 6002113 11 1 18.41389 1.751999 6002113 13 1 189 45255
1 0.5718377 0.6269594 0.5167355 1 10.62036 3.484774 6002113 11 1 47.73207 1.420285 6002113 13 1 161 38451
1 0.8809592 1.029419 0.71877 1 28.89756 1.757632 6002113 13 1 10.99822 1.607039 6002113 11 1 161 38507
1 0.001509598 0.0002522134 0.009104216 0 80.85269 1.478407 6003113 13 0 442.4606 2.708014 6003113 11 1 162 38741
1 0.8205639 0.9861007 0.6425961 1 34.55826 1.883639 6002113 11 1 67.88802 2.090118 6002113 13 1 162 38852
1 0.6066679 0.6139975 0.5903023 0 87.29787 1.384403 6002113 13 0 161.3256 4.648049 6002113 11 1 274 65601
1 0.5997139 0.5230071 0.6258666 1 51.34225 1.539678 6002113 13 1 8.1759 1.649462 6002113 11 1 275 65812
1 0.5688243 0.5852158 0.5499623 1 24.21369 1.273674 6002113 13 1 58.57652 7.579786 6002113 11 1 275 65955
1 0.5873008 0.5265231 0.6023225 0 660.7761 1.516803 6003113 11 0 84.29465 1.559425 6003113 13 1 299 71629
1 0.5275663 0.5521672 0.4987836 1 84.1978 2.135986 6003113 13 0 170.5353 1.28932 6003113 11 1 300 71766
1 0.1532031 0.0546767 0.3159225 0 88.40773 1.690277 6002113 13 0 93.98634 1.294366 6002113 11 1 300 71888
1 0.5739795 0.5919386 0.5532731 1 3.02907 3.833349 6002113 11 1 44.47011 2.546955 6002113 13 1 300 71949
1 0.5762507 0.6293275 0.5220752 0 158.7633 2.817047 6003113 11 0 73.95908 1.866369 6003113 13 1 331 79203
1 0.5156123 0.5510817 0.476349 0 84.63348 1.61124 6002113 13 1 30.04937 1.4601 6002113 11 1 332 79580
1 0.5498481 0.4511571 0.5978136 0 45.68702 1.225374 6003113 11 1 32.02965 1.508284 6003113 13 1 332 79611
1 0.5997004 0.600599 0.585084 0 85.2026 1.82294 6003113 13 0 1151.648 1.501786 6003113 11 1 344 82385
1 0.3967369 0.2440586 0.532822 0 428.3569 5.591923 6003113 11 1 104.8875 2.762572 6003113 13 1 344 82524
1 0.5287565 0.5561895 0.4975524 0 69.63673 1.49222 6003113 11 1 32.35145 1.355707 6003113 13 1 362 86769
1 0.03241327 0.006380578 0.1109184 0 59.16431 1.722888 6002113 13 1 7.949006 1.365766 6002113 11 1 366 87810
1 0.8809592 1.029419 0.71877 1 25.61866 1.495698 6002113 13 0 90.28735 1.797122 6002113 11 1 366 87826
1 0.6032776 0.6076099 0.5877098 0 72.83698 1.349718 6003113 13 0 501.1286 1.492238 6003113 11 1 369 88368
1 0.001829603 0.00029073 0.01089172 1 25.8362 1.446626 6002113 13 0 79.13422 1.499838 6002113 11 1 369 88373
1 0.5275663 0.5521672 0.4987836 1 7.688678 1.497298 6002113 11 1 53.35556 1.483153 6002113 13 1 369 88411
1 0.5952835 0.611509 0.5762983 0 515.718 2.287354 6003113 11 0 74.67256 1.562471 6003113 13 1 370 88650
1 0.5156123 0.5510817 0.476349 1 39.17904 1.404434 6002113 13 1 4.244264 1.415908 6002113 11 1 9 2013
1 0.5762507 0.6293275 0.5220752 1 18.74388 1.790262 6002113 11 1 21.94213 1.615026 6002113 13 1 10 2264
1 0.7753953 0.8768815 0.6761842 1 45.59316 2.311887 6003113 13 0 88.33454 4.26077 6003113 11 1 10 2375
1 0.5774951 0.5107735 0.5972872 0 112.0593 1.520698 6002113 13 1 3.811833 1.802309 6002113 11 1 101 24144
1 0.04482308 0.009864578 0.1375179 0 58.67612 2.494634 6002113 13 1 31.46959 1.4373 6002113 11 1 101 24185
1 0.5532137 0.5752672 0.5266728 1 46.23315 1.44519 6002113 13 1 0.3056181 1.821949 6002113 11 1 102 24261
1 0.5910162 0.5567505 0.5901788 1 20.82395 1.420187 6002113 11 0 70.12139 1.63479 6002113 13 1 102 24313
1 0.5282785 0.554262 0.4982984 1 13.99832 2.12041 6002113 11 1 22.17248 1.83342 6002113 13 1 268 64103
1 0.6048125 0.5564877 0.6113285 0 145.171 2.317686 6002113 11 1 47.80009 2.229311 6002113 13 1 268 64106
1 0.8795399 1.124261 0.6450055 0 136.504 2.151051 6003113 11 0 78.40571 1.272717 6003113 13 1 268 64193
1 0.005227464 0.0007774397 0.02718527 1 8.630854 1.53576 6002113 11 1 28.0021 1.507364 6002113 13 1 287 68711
1 0.5997004 0.600599 0.585084 1 4.099252 1.459778 6002113 11 0 92.26271 1.626335 6002113 13 1 287 68757
1 0.5688243 0.5852158 0.5499623 0 71.85677 1.448484 6003113 13 0 496.0196 2.107672 6003113 11 1 287 68847
1 0.5958909 0.5929161 0.5824302 0 824.605 1.980757 6003113 11 1 42.73461 1.763478 6003113 13 1 291 69817
1 0.5275663 0.5521672 0.4987836 0 396.0431 3.394495 6003113 11 1 30.81927 1.940023 6003113 13 1 292 70012
1 0.5179189 0.5490608 0.4833063 0 54.98505 1.532695 6002113 13 0 80.36448 1.941266 6002113 11 1 292 70066
1 0.5718377 0.6269594 0.5167355 1 42.14903 1.418495 6002113 13 1 48.47246 2.166763 6002113 11 1 32 7551
1 0.5179189 0.5490608 0.4833063 0 94.62082 1.562456 6002113 13 1 46.48318 1.788381 6002113 11 1 61 14453
1 0.5290058 0.5579008 0.4965126 0 793.7791 1.186384 6003113 11 0 107.4763 2.024355 6003113 13 1 61 14514
1 0.1677999 0.06163852 0.3385446 0 58.79899 1.357755 6002113 13 0 92.43932 1.926975 6002113 11 1 69 16448
1 0.2690341 0.1318973 0.4338007 0 1358.829 1.8766 6003113 11 0 64.38585 1.525544 6003113 13 1 69 16452
1 0.63258 0.7110067 0.558628 0 279.6395 2.423412 6003113 11 0 99.04465 1.525933 6003113 13 1 83 19715
1 0.9061426 1.048168 0.7526054 0 69.50497 1.551011 6002113 11 0 56.94367 1.68323 6002113 13 1 83 19870
1 0.5244179 0.7743813 0.3627396 1 49.84468 1.749498 6002113 13 1 31.38564 2.12521 6002113 11 1 84 19950
1 0.567017 0.6240464 0.5111355 0 76.66814 2.271663 6002113 11 0 108.0687 1.502071 6002113 13 1 84 19970
1 0.5910162 0.5567505 0.5901788 0 62.11674 1.523093 6002113 11 1 35.07977 1.58192 6002113 13 1 91 21757
1 0.5759591 0.4876316 0.6128632 1 33.41131 1.563742 6002113 13 1 6.29411 1.411797 6002113 11 1 91 21788
1 0.6066679 0.6139975 0.5903023 1 2.829036 1.401951 6003113 11 0 68.49028 1.417677 6003113 13 1 79 18722
1 0.0607434 0.01506151 0.1674532 0 80.48273 1.091016 6003113 11 0 107.7234 1.910039 6003113 13 1 79 18775
1 0.001829603 0.00029073 0.01089172 0 57.45627 1.434194 6003113 13 0 411.3055 1.670642 6003113 11 1 79 18806
1 0.2451584 0.1116618 0.4192517 1 73.86019 1.997643 6003113 13 0 122.0902 1.537059 6003113 11 1 86 20488
1 0.5287565 0.5561895 0.4975524 0 1052.496 2.828055 6003113 11 1 68.22456 2.742884 6003113 13 1 87 20653
1 0.5498481 0.4511571 0.5978136 0 99.83331 1.685405 6003113 13 0 1261.504 1.781626 6003113 11 1 87 20655
1 0.55158 0.5725396 0.52633 0 67.7829 2.153563 6002113 11 1 22.75908 2.022599 6002113 13 1 87 20683
1 0.6647661 0.7390303 0.5949469 0 485.3867 1.350866 6003113 11 1 51.19849 1.45833 6003113 13 1 88 21085
1 0.5167031 0.5506821 0.479012 1 4.540671 1.807098 6002113 11 1 24.34568 3.339757 6002113 13 1 107 25634
1 0.6048125 0.5564877 0.6113285 0 251.8558 1.586808 6003113 11 0 104.1058 1.591496 6003113 13 1 117 27898
1 0.4758722 0.3318007 0.5814311 1 74.43781 2.520678 6003113 11 0 57.55983 1.358646 6003113 13 1 233 55907
1 0.7876326 0.8878482 0.6917219 1 13.95176 1.48034 6002113 11 1 26.08311 1.722711 6002113 13 1 233 55914
1 0.7753953 0.8768815 0.6761842 1 47.22327 1.473059 6002113 11 1 27.66566 1.606498 6002113 13 1 234 56014
1 0.6086565 0.5913109 0.5998238 0 133.9784 1.690381 6002113 13 1 1.442699 1.98373 6002113 11 1 243 58162
1 0.5562873 0.6165259 0.4990861 1 26.31382 1.444153 6002113 11 0 74.78664 1.487644 6002113 13 1 244 58347
1 0.5562873 0.6165259 0.4990861 0 57.15373 1.466517 6003113 13 0 718.8761 1.405876 6003113 11 1 244 58479
1 0.517458 0.550009 0.4813292 0 57.51628 1.814683 6002113 11 1 19.93467 1.66024 6002113 13 1 405 96996
1 0.3736025 0.2151899 0.5285726 1 13.20723 1.661017 6002113 11 0 66.72596 1.74335 6002113 13 1 406 97235
1 0.4100112 0.6092409 0.2736143 0 64.47252 1.416491 6003113 13 0 592.3777 1.422501 6003113 11 1 27 6265
1 0.5179189 0.5490608 0.4833063 1 21.43069 1.681269 6002113 11 1 31.30236 1.709141 6002113 13 1 27 6412
1 0.7622492 0.8652949 0.6588318 0 78.94297 1.554672 6002113 13 0 11.93657 1.638376 6002113 11 1 41 9756
1 0.5997139 0.5230071 0.6258666 0 230.0151 2.064302 6003113 11 0 57.3178 1.601434 6003113 13 1 41 9766
1 0.3499435 0.1883899 0.5229445 0 87.396 1.891888 6002113 13 1 48.26215 2.429316 6002113 11 1 42 9888
1 0.5762507 0.6293275 0.5220752 1 28.32607 1.507312 6002113 11 0 86.93979 2.091101 6002113 13 1 394 94324
1 0.5275663 0.5521672 0.4987836 0 154.0308 1.866942 6003113 13 0 327.9227 7.66933 6003113 11 1 396 94812
1 0.5964026 0.5417793 0.6069945 1 24.84932 1.402475 6002113 11 1 58.16051 1.583319 6002113 13 1 409 97946
1 0.5562873 0.6165259 0.4990861 1 24.14404 1.293695 6002113 13 1 12.98241 1.388895 6002113 11 1 409 98064
1 0.5295258 0.5695821 0.4857943 0 125.8299 1.505059 6003113 11 0 109.8852 1.418561 6003113 13 1 409 98084
1 0.2837624 0.1357965 0.466535 0 574.5508 1.864655 6003113 11 0 68.24355 1.639399 6003113 13 1 409 98115
1 0.55158 0.5725396 0.52633 0 84.83092 1.603407 6003113 13 0 453.3805 1.756759 6003113 11 1 409 98160
1 0.5764854 0.5951216 0.5546703 0 66.25665 1.794706 6003113 13 0 1234.056 1.490353 6003113 11 1 411 98494
1 0.588144 0.5054888 0.619637 0 44.1579 1.371366 6002113 11 0 79.13371 1.681944 6002113 13 1 329 78794
1 0.612693 0.570597 0.6153595 0 134.6012 1.693379 6003113 13 1 51.53242 2.485731 6003113 11 1 330 79016
1 0.7753953 0.8768815 0.6761842 1 60.92722 1.825235 6003113 13 1 47.30995 5.238211 6003113 11 1 330 79173
1 0.5282785 0.554262 0.4982984 0 378.4442 3.500678 6003113 11 0 174.7777 2.127467 6003113 13 1 377 90462
1 0.6086565 0.5913109 0.5998238 1 9.864098 11.37664 6002113 11 0 132.6569 1.998146 6002113 13 1 377 90476
1 0.5774951 0.5107735 0.5972872 1 30.11878 1.570944 6002113 13 1 14.3752 2.205114 6002113 11 1 378 90676
1 0.2639978 0.1232767 0.4426338 0 67.41103 1.39244 6002113 13 1 43.7919 7.088428 6002113 11 1 21 4851
1 0.5272219 0.5691352 0.4820344 1 27.03418 1.479815 6002113 11 0 68.89109 1.477195 6002113 13 1 22 5105
1 0.5821005 0.8557132 0.4029537 0 77.23895 1.3885 6003113 13 0 210.5283 1.475965 6003113 11 1 22 5141
1 0.08965165 0.02592053 0.2175904 0 1357.754 1.784596 6003113 11 0 76.80611 1.635023 6003113 13 1 22 5242
1 0.5631819 0.4694994 0.6055688 0 93.92645 1.498204 6003113 13 0 756.4003 2.263022 6003113 11 1 25 5766
1 0.4758722 0.3318007 0.5814311 0 68.65558 1.499908 6003113 13 0 689.9572 2.010134 6003113 11 1 26 6057
1 0.8809592 1.029419 0.71877 1 11.62327 2.142026 6002113 11 0 55.1874 1.7923 6002113 13 1 26 6099
1 0.5156123 0.5510817 0.476349 0 45.0355 1.354504 6003113 13 0 232.2041 1.575588 6003113 11 1 347 83207
1 0.6032776 0.6076099 0.5877098 1 31.04779 1.633316 6002113 13 0 55.34118 1.617412 6002113 11 1 3 498
1 0.3171137 0.5267799 0.1917663 1 29.95499 1.397153 6003113 13 0 531.2712 1.488945 6003113 11 1 3 579
1 0.5910162 0.5567505 0.5901788 1 1.25069 1.384535 6002113 11 1 13.73189 1.430869 6002113 13 1 3 656
1 0.5287565 0.5561895 0.4975524 0 64.19398 1.455563 6002113 13 1 7.88965 1.516219 6002113 11 1 3 670
1 0.1385775 0.2399038 0.07988315 0 67.05427 1.899733 6003113 11 0 59.72284 1.507395 6003113 13 1 4 739
1 0.5918038 0.5846312 0.5797378 0 52.16835 1.439037 6002113 13 1 13.00754 2.101112 6002113 11 1 4 882
1 0.5866594 0.5983355 0.5696974 1 50.81953 2.965646 6003113 13 0 481.2604 3.241726 6003113 11 1 16 3631
1 0.3285948 0.1728787 0.5003204 1 53.95731 1.555787 6003113 13 0 1164.348 1.314861 6003113 11 1 16 3660
1 0.6032551 0.5804401 0.5967605 0 56.00251 1.347052 6002113 13 1 16.56319 1.818464 6002113 11 1 16 3794
1 0.5546474 0.5779464 0.5268154 1 11.33246 1.805688 6002113 11 0 105.8005 1.673782 6002113 13 1 17 3878
1 0.7753953 0.8768815 0.6761842 1 42.66916 1.549322 6002113 13 1 12.07186 1.680804 6002113 11 1 17 4032
1 0.5272219 0.5691352 0.4820344 0 383.5669 1.911579 6003113 11 0 75.44083 1.99362 6003113 13 1 18 4109
1 0.7622492 0.8652949 0.6588318 1 27.44946 1.798332 6002113 11 0 71.4433 1.693506 6002113 13 1 43 10176
1 0.4569478 0.3122552 0.56665 1 35.94783 2.045345 6002113 13 1 2.829132 1.76675 6002113 11 1 43 10195
1 0.4609929 0.6820365 0.3120403 0 67.92542 1.339605 6003113 13 0 607.2656 1.795493 6003113 11 1 305 73189
1 0.612693 0.570597 0.6153595 1 50.77207 2.520077 6002113 13 1 38.78927 1.296456 6002113 11 1 306 73277
1 0.1221513 0.03870894 0.2758521 1 28.66408 1.508185 6002113 13 1 11.29179 1.496586 6002113 11 1 351 84104
1 0.1221513 0.03870894 0.2758521 0 91.37801 1.425697 6002113 13 0 52.37082 1.495775 6002113 11 1 351 84199
1 0.4787497 0.3205257 0.6027815 0 68.36198 1.444639 6003113 13 0 632.3986 1.432831 6003113 11 1 351 84208
1 0.1729784 0.06722977 0.3343768 0 70.92596 1.619868 6002113 13 1 1.087337 1.568948 6002113 11 1 379 90871
1 0.5924498 0.6074459 0.5742529 1 2.794019 1.279928 6002113 11 1 59.43319 1.697632 6002113 13 1 380 91064
1 0.5318362 0.3930153 0.6229063 1 45.35868 1.622152 6002113 11 0 73.19807 1.678644 6002113 13 1 380 91108
1 0.5167031 0.5506821 0.479012 0 0.7173497 1.370123 6002113 11 0 79.27634 1.465398 6002113 13 1 380 91148
1 0.588144 0.5054888 0.619637 1 23.73285 1.958974 6002113 11 0 79.57443 1.347145 6002113 13 1 380 91200
1 0.5974015 0.5689293 0.5935574 1 1.978576 1.39271 6002113 11 1 36.29331 1.415308 6002113 13 1 386 92603
1 0.2690341 0.1318973 0.4338007 0 81.94725 1.736611 6002113 13 1 30.03895 1.493158 6002113 11 1 33 7746
1 0.5788639 0.5982325 0.5558819 1 44.89983 1.83833 6002113 13 1 50.01115 1.56094 6002113 11 1 328 78681
1 0.8205639 0.9861007 0.6425961 1 42.82891 1.537778 6003113 11 1 42.56134 1.488658 6003113 13 1 353 84696
1 0.5295258 0.5695821 0.4857943 1 1.63381 1.298843 6002113 11 1 43.58561 2.07404 6002113 13 1 354 84907
1 0.5477981 0.5668843 0.5250256 1 19.21013 1.832109 6002113 11 0 56.63009 1.594977 6002113 13 1 359 86007
1 0.5866594 0.5983355 0.5696974 1 68.0179 4.014207 6002113 11 0 92.66 1.98268 6002113 13 1 359 86065
1 0.5155952 0.7620206 0.3528518 0 134.7673 1.672831 6003113 13 0 922.9189 1.756995 6003113 11 1 360 86168
1 0.5089338 0.3831331 0.5881627 1 28.08201 1.396389 6002113 11 0 110.8139 1.44806 6002113 13 1 363 86882
1 0.5924498 0.6074459 0.5742529 1 4.86732 1.429312 6002113 11 1 25.85006 4.476957 6002113 13 1 364 87131
1 0.03479059 0.007232409 0.1127152 0 24.73038 1.649346 6002113 11 1 20.35959 1.520915 6002113 13 1 367 88025
1 0.04482308 0.009864578 0.1375179 1 23.55696 1.390517 6002113 11 0 52.86906 1.451213 6002113 13 1 346 82891
1 0.3285948 0.1728787 0.5003204 0 120.6203 1.655593 6002113 13 0 12.29319 3.02037 6002113 11 1 357 85477
1 0.9061426 1.048168 0.7526054 0 921.4398 1.987718 6003113 11 0 80.16962 1.511505 6003113 13 1 29 6774
1 0.06818588 0.017431 0.1831226 1 26.51696 1.530548 6002113 11 0 87.8749 1.550542 6002113 13 1 29 6811
1 0.5254593 0.4028046 0.5994089 1 26.8828 1.722294 6002113 11 1 24.77648 1.420353 6002113 13 1 29 6899
1 0.5213501 0.5671303 0.4736687 0 100.9528 1.439476 6002113 11 0 57.30577 1.319 6002113 13 1 30 7026
1 0.5836614 0.5931804 0.5673237 1 31.17309 1.384704 6002113 13 1 23.43195 1.738513 6002113 11 1 30 7052
1 0.5181258 0.5478516 0.4849526 0 102.8978 1.74413 6003113 13 0 787.8011 1.613681 6003113 11 1 49 11619
1 0.5167031 0.5506821 0.479012 1 36.90714 2.113487 6002113 11 1 67.37821 1.839053 6002113 13 1 49 11738
1 0.6032776 0.6076099 0.5877098 0 79.1629 1.433941 6003113 13 1 32.26499 2.788169 6003113 11 1 50 11851
1 0.5746185 0.8494006 0.3960752 0 101.4374 1.563487 6002113 11 0 58.02024 1.557742 6002113 13 1 50 11921
1 0.6573245 0.7328399 0.586741 1 21.84398 1.445463 6001113 13 1 2.023111 1.797587 6001113 11 1 50 11968
1 0.8795399 1.124261 0.6450055 1 28.72801 1.427608 6003113 13 0 2092.05 1.367 6003113 11 1 55 13012
1 0.07638145 0.0201346 0.199904 0 238.8643 1.653207 6003113 11 0 62.37992 1.51072 6003113 13 1 206 49425
1 0.5924498 0.6074459 0.5742529 1 56.01793 2.244329 6002113 13 1 29.31772 5.08908 6002113 11 1 210 50340
1 0.3948935 0.2325427 0.5489042 1 60.59757 2.35079 6002113 13 1 0.9541717 1.278472 6002113 11 1 222 53158
1 0.6032776 0.6076099 0.5877098 0 76.415 2.44649 6002113 13 0 85.72062 1.551235 6002113 11 1 227 54415
1 0.8205639 0.9861007 0.6425961 0 103.8736 2.02322 6003113 13 1 31.6094 3.106702 6003113 11 1 233 55769
1 0.6032776 0.6076099 0.5877098 0 115.053 1.369579 6002113 11 0 88.21525 2.161843 6002113 13 1 233 55872
1 0.3285948 0.1728787 0.5003204 0 283.8135 3.292733 6003113 11 0 115.1566 1.78931 6003113 13 1 193 46171
1 0.5836614 0.5931804 0.5673237 1 49.04821 1.522004 6002113 13 1 27.99949 1.464336 6002113 11 1 193 46283
1 0.5562873 0.6165259 0.4990861 1 21.16065 26.03008 6002113 11 1 56.32389 1.753916 6002113 13 1 203 48572
1 0.5295258 0.5695821 0.4857943 1 5.534182 1.510509 6002113 11 0 62.37919 1.567073 6002113 13 1 204 48789
1 0.4947012 0.3518164 0.5957602 1 21.54885 1.737865 6002113 11 1 38.50559 1.811795 6002113 13 1 204 48860
1 0.3736025 0.2151899 0.5285726 0 190.3893 2.391919 6003113 11 0 65.85916 1.595383 6003113 13 1 204 48924
1 0.3117667 0.4907445 0.1947719 0 79.21482 1.427011 6003113 11 0 77.73929 1.388536 6003113 13 1 204 48926
1 0.2047332 0.08404274 0.3795956 0 237.015 2.59227 6003113 11 0 97.14751 1.548746 6003113 13 1 204 48951
1 0.7622492 0.8652949 0.6588318 1 52.36589 1.601172 6002113 11 0 77.18317 1.698328 6002113 13 1 249 59600
1 0.2837624 0.1357965 0.466535 1 14.70575 1.465605 6002113 11 0 65.22324 1.524248 6002113 13 1 250 59861
1 0.5788639 0.5982325 0.5558819 1 102.6098 2.686121 6002113 13 1 0.2636173 7.376102 6002113 11 1 250 59924
1 0.5762507 0.6293275 0.5220752 1 34.98463 2.273783 6002113 11 1 69.09674 2.894092 6002113 13 1 295 70681
1 0.3634303 0.5613242 0.2305602 1 66.81942 2.030943 6002113 11 1 34.94352 1.331347 6002113 13 1 295 70729
1 0.5477981 0.5668843 0.5250256 0 34.41153 1.229151 6002113 13 0 11.27641 2.198761 6002113 11 1 167 40001
1 0.5836614 0.5931804 0.5673237 0 114.616 1.924205 6003113 13 0 135.4472 2.430593 6003113 11 1 167 40023
1 0.5964026 0.5417793 0.6069945 0 116.3073 5.789792 6002113 11 1 65.92864 3.842274 6002113 13 1 230 54987
1 0.7479302 0.8530712 0.6393862 1 15.01459 2.396134 6002113 11 0 47.58034 1.365009 6002113 13 1 230 55195
1 0.3967369 0.2440586 0.532822 0 75.00392 1.842077 6003113 13 0 180.6492 1.591274 6003113 11 1 315 75492
1 0.03952796 0.008452482 0.1246154 0 38.72339 1.240851 6003113 13 0 527.9502 1.753723 6003113 11 1 315 75509
1 0.5282785 0.554262 0.4982984 1 21.07376 1.448298 6002113 11 1 34.30826 1.947822 6002113 13 1 322 77158
1 0.7025557 0.9670474 0.4916945 1 39.06263 1.893076 6003113 13 0 377.3992 1.744074 6003113 11 1 327 78317
1 0.5952835 0.611509 0.5762983 0 65.4213 1.463287 6003113 13 0 1139.821 2.592425 6003113 11 1 327 78372
1 0.01736219 0.002962011 0.06984233 0 38.8482 1.604786 6002113 11 1 47.22019 1.500162 6002113 13 1 121 28984
1 0.4169807 0.2620942 0.5507454 0 130.3466 2.384763 6003113 13 0 97.24831 1.327304 6003113 11 1 122 29155
1 0.8225547 1.0774 0.5917727 0 153.5545 1.713551 6003113 11 0 69.39594 1.590515 6003113 13 1 192 45955
1 0.6647661 0.7390303 0.5949469 1 55.32695 2.820113 6002113 13 1 120.706 6.334103 6002113 11 1 198 47348
1 0.4758722 0.3318007 0.5814311 0 99.46978 1.748876 6003113 11 0 76.13033 1.488291 6003113 13 1 199 47576
1 0.07638145 0.0201346 0.199904 1 0.8035117 1.458536 6002113 11 0 104.2203 1.433169 6002113 13 1 200 47856
1 0.5573887 0.4424525 0.62027 0 97.20338 1.593919 6003113 11 0 100.465 2.14048 6003113 13 1 200 47868
1 0.5167031 0.5506821 0.479012 1 40.59047 1.408211 6002113 13 0 8.119301 1.392336 6002113 11 1 200 47990
1 0.03479059 0.007232409 0.1127152 1 31.26463 1.472247 6002113 13 1 8.896802 1.465643 6002113 11 1 226 54236
1 0.5244987 0.5683367 0.4779848 1 28.63272 1.936622 6002113 13 1 8.221522 1.442517 6002113 11 1 237 56698
1 0.2837624 0.1357965 0.466535 1 31.09381 1.552735 6003113 13 0 250.7338 1.90493 6003113 11 1 238 56943
1 0.5244179 0.7743813 0.3627396 1 36.01596 1.328863 6002113 13 1 6.276464 1.626208 6002113 11 1 238 57062
1 0.7622492 0.8652949 0.6588318 1 10.45543 1.454899 6002113 11 0 94.04846 1.464302 6002113 13 1 269 64332
1 0.5254593 0.4028046 0.5994089 0 51.60718 1.358806 6002113 11 1 31.75319 1.489447 6002113 13 1 270 64607
1 0.5764854 0.5951216 0.5546703 1 40.74607 1.353962 6002113 11 1 54.00643 2.031545 6002113 13 1 270 64637
1 0.5631819 0.4694994 0.6055688 1 37.0843 2.368892 6002113 11 1 39.59364 1.649613 6002113 13 1 270 64736
1 0.5314228 0.5697247 0.4892392 1 11.4674 1.227295 6002113 11 1 53.1529 1.908291 6002113 13 1 277 66304
1 0.9330272 1.165662 0.6989502 0 140.5298 1.20978 6003113 11 0 87.0657 1.887251 6003113 13 1 278 66622
1 0.5477981 0.5668843 0.5250256 1 69.70914 2.397555 6002113 13 1 67.22178 4.252084 6002113 11 1 279 66819
1 0.5416277 0.4226007 0.6101028 0 90.86726 1.755802 6003113 13 0 104.8294 1.960055 6003113 11 1 280 67018
1 0.5762507 0.6293275 0.5220752 0 65.84415 1.530375 6002113 13 0 126.1386 1.398965 6002113 11 1 307 73443
1 0.5282785 0.554262 0.4982984 1 54.01856 2.302812 6002113 11 0 50.61978 1.392107 6002113 13 1 307 73501
1 0.5266237 0.5499548 0.4990422 0 337.2389 1.415351 6003113 11 0 76.45544 1.617867 6003113 13 1 307 73502
1 0.5244987 0.5683367 0.4779848 1 42.7612 1.471566 6002113 13 1 22.58207 1.385276 6002113 11 1 413 98910
1 0.01302673 0.002137652 0.05518701 0 40.63538 1.533822 6002113 11 1 31.77126 2.350955 6002113 13 1 413 99087
1 0.6448439 0.9391438 0.4462655 1 46.24416 1.803658 6002113 13 1 81.23819 4.217035 6002113 11 1 414 99266
1 0.5762507 0.6293275 0.5220752 0 1401.198 2.07373 6003113 11 0 116.8174 1.525797 6003113 13 1 6 1341
1 0.01302673 0.002137652 0.05518701 0 103.7502 1.416017 6002113 13 1 54.44816 1.944992 6002113 11 1 6 1373
1 0.5618237 0.6205709 0.5052561 0 53.21186 1.319603 6002113 13 1 47.83854 1.525573 6002113 11 1 38 8972
1 0.5254593 0.4028046 0.5994089 0 39.21354 8.621966 6002113 11 0 106.6091 2.322954 6002113 13 1 38 9064
1 0.5497594 0.569738 0.5257817 1 31.72426 1.523193 6002113 13 1 48.01303 2.818712 6002113 11 1 81 19415
1 0.588144 0.5054888 0.619637 0 56.41217 1.474719 6002113 13 1 1.721193 1.533182 6002113 11 1 167 39845
1 0.03952796 0.008452482 0.1246154 0 50.09026 1.271129 6002113 11 1 39.13862 1.5491 6002113 13 1 167 39862
1 0.517458 0.550009 0.4813292 0 85.81653 1.41367 6002113 11 0 84.78783 1.461022 6002113 13 1 8 1892
1 0.5562873 0.6165259 0.4990861 1 33.35584 1.981338 6002113 13 1 8.249217 3.466377 6002113 11 1 13 2925
1 0.5762507 0.6293275 0.5220752 0 94.77481 1.705353 6002113 13 1 9.158697 1.696274 6002113 11 1 13 2952
1 0.5272219 0.5691352 0.4820344 1 21.85967 2.230751 6002113 11 1 39.20718 1.841449 6002113 13 1 13 2975
1 0.1439334 0.276346 0.07151251 0 75.40821 1.393667 6002113 11 0 97.77575 2.186642 6002113 13 1 14 3275
1 0.332514 0.1831242 0.4877928 0 105.7687 1.453862 6002113 11 1 16.30743 1.350538 6002113 13 1 14 3293
1 0.01391071 0.002243285 0.06043945 0 118.8688 1.721234 6003113 13 0 403.4221 2.404717 6003113 11 1 19 4365
1 0.55158 0.5725396 0.52633 0 70.34109 1.415969 6002113 13 1 3.127886 1.387211 6002113 11 1 19 4498
1 0.7025557 0.9670474 0.4916945 1 29.26492 2.112064 6002113 13 0 74.6722 2.201318 6002113 11 1 20 4589
1 0.5477981 0.5668843 0.5250256 0 984.4491 1.503004 6003113 11 0 72.47646 1.662132 6003113 13 1 20 4785
1 0.2589673 0.4640636 0.1403912 1 40.71583 1.51626 6002113 13 1 14.72375 1.751597 6002113 11 1 47 11151
1 0.5866594 0.5983355 0.5696974 0 51.10122 1.669062 6002113 11 0 73.33307 1.746447 6002113 13 1 47 11265
1 0.5764854 0.5951216 0.5546703 1 48.21915 1.500799 6002113 11 1 30.7597 1.379637 6002113 13 1 95 22590
1 0.4580497 0.3003624 0.5857744 1 53.85001 1.734256 6002113 13 1 47.93476 1.834563 6002113 11 1 96 22814
1 0.5282785 0.554262 0.4982984 1 28.76704 1.553686 6002113 13 0 66.04754 2.19203 6002113 11 1 96 22967
1 0.2690341 0.1318973 0.4338007 1 42.24371 1.412035 6002113 13 1 0.496323 1.306769 6002113 11 1 97 23162
1 0.3967369 0.2440586 0.532822 1 26.64814 1.412933 6002113 11 1 41.11012 2.908052 6002113 13 1 98 23290
1 0.1152196 0.03763067 0.2542145 1 35.37171 1.506597 6003113 13 0 119.1571 1.4457 6003113 11 1 98 23323
1 0.2221058 0.09363705 0.4034487 1 24.3336 1.314935 6002113 11 1 24.95891 1.537945 6002113 13 1 98 23446
1 0.7479302 0.8530712 0.6393862 0 58.43353 1.602054 6002113 13 1 18.88467 2.085492 6002113 11 1 105 25015
1 0.5089338 0.3831331 0.5881627 0 245.0231 1.847174 6003113 11 1 30.87935 1.49561 6003113 13 1 105 25081
1 0.5958909 0.5929161 0.5824302 0 74.20973 1.620392 6003113 13 1 48.68797 1.465578 6003113 11 1 106 25204
1 0.07638145 0.0201346 0.199904 1 28.3235 1.483672 6002113 11 1 37.63318 1.642513 6002113 13 1 106 25217
1 0.5952835 0.611509 0.5762983 1 37.02729 1.487197 6002113 11 0 52.34476 1.418987 6002113 13 1 106 25349
1 0.5726925 0.4622901 0.6298592 1 47.2587 1.738349 6002113 13 0 60.06729 1.488368 6002113 11 1 106 25375
1 0.5836614 0.5931804 0.5673237 0 54.85774 1.54375 6002113 11 0 63.16692 1.591631 6002113 13 1 109 25984
1 0.6136458 0.6014555 0.6027775 0 9.826365 1.82097 6002113 11 1 51.4264 3.054813 6002113 13 1 110 26246
1 0.567017 0.6240464 0.5111355 0 67.19479 1.559524 6002113 13 0 70.71494 1.770701 6002113 11 1 110 26302
1 0.3948935 0.2325427 0.5489042 0 54.12645 1.382007 6002113 13 1 1.663631 1.514975 6002113 11 1 36 8496
1 0.6086565 0.5913109 0.5998238 1 36.25993 3.01693 6003113 11 0 117.1721 1.713487 6003113 13 1 36 8517
1 0.5314228 0.5697247 0.4892392 1 23.74128 1.369715 6002113 13 1 33.35459 1.532982 6002113 11 1 36 8576
1 0.5997004 0.600599 0.585084 0 38.53228 1.628636 6002113 11 1 35.73288 1.510593 6002113 13 1 36 8610
1 0.517458 0.550009 0.4813292 0 259.3406 1.706794 6003113 11 0 90.89195 1.591882 6003113 13 1 160 38309
1 0.5314228 0.5697247 0.4892392 0 6.536042 10.04572 6002113 11 1 36.82848 2.659234 6002113 13 1 169 40511
1 0.5739795 0.5919386 0.5532731 0 236.4126 1.468232 6003113 11 0 59.71469 1.477699 6003113 13 1 212 50877
1 0.2639978 0.1232767 0.4426338 0 77.04864 1.386716 6002113 13 1 10.74976 1.497906 6002113 11 1 76 18002
1 0.1883655 0.07525583 0.3565631 1 45.60637 3.658219 6003113 11 0 101.5092 2.13533 6003113 13 1 76 18012
1 0.5532137 0.5752672 0.5266728 1 27.54209 1.476578 6002113 11 0 114.2425 1.819771 6002113 13 1 141 33676
1 0.5688243 0.5852158 0.5499623 0 54.39634 1.445334 6002113 13 1 3.991675 3.646867 6002113 11 1 141 33823
1 0.6647661 0.7390303 0.5949469 1 16.3927 2.585276 6002113 11 1 44.51775 1.61838 6002113 13 1 142 33989
1 0.06818588 0.017431 0.1831226 0 142.5207 2.079332 6003113 11 0 139.9245 1.611343 6003113 13 1 143 34154
1 0.01201097 0.001906234 0.05349415 0 92.90998 1.999434 6003113 13 1 93.21851 4.935345 6003113 11 1 143 34196
1 0.5532137 0.5752672 0.5266728 1 19.05025 4.146224 6002113 11 1 45.75462 1.860977 6002113 13 1 181 43297
1 0.1677999 0.06163852 0.3385446 1 10.96941 2.414548 6002113 11 1 24.29873 1.558487 6002113 13 1 181 43393
1 0.4787497 0.3205257 0.6027815 0 109.5771 1.838784 6003113 13 0 112.4642 1.607053 6003113 11 1 182 43472
1 0.6086565 0.5913109 0.5998238 0 178.638 2.984951 6003113 13 0 111.2317 8.913195 6003113 11 1 182 43554
1 0.5910162 0.5567505 0.5901788 1 16.41911 1.471781 6002113 11 0 73.56917 1.822622 6002113 13 1 182 43638
1 0.5739795 0.5919386 0.5532731 0 64.51397 1.473917 6002113 13 1 23.33312 1.584255 6002113 11 1 184 43931
1 0.5788639 0.5982325 0.5558819 1 38.28055 1.689029 6002113 11 1 49.74107 1.509228 6002113 13 1 190 45454
1 0.3948935 0.2325427 0.5489042 0 99.26999 1.411752 6002113 11 0 81.21478 1.419773 6002113 13 1 195 46603
1 0.5498481 0.4511571 0.5978136 0 105.0381 1.419414 6002113 13 1 7.25972 1.644788 6002113 11 1 196 46809
1 0.4169807 0.2620942 0.5507454 0 56.27713 2.557082 6002113 13 1 11.67469 1.390053 6002113 11 1 213 50914
1 0.3171137 0.5267799 0.1917663 1 32.85891 1.476972 6002113 13 1 2.112157 1.480188 6002113 11 1 213 51071
1 0.5272219 0.5691352 0.4820344 1 6.909955 1.559809 6002113 11 1 35.47388 1.479869 6002113 13 1 216 51791
1 0.7622492 0.8652949 0.6588318 1 51.8352 1.55566 6002113 13 0 149.9602 1.528091 6002113 11 1 225 53953
1 0.5295258 0.5695821 0.4857943 0 81.95753 1.493449 6002113 13 1 25.23086 1.403915 6002113 11 1 226 54041
1 0.588144 0.5054888 0.619637 1 16.01765 1.691859 6002113 11 1 40.52642 1.923795 6002113 13 1 371 88809
1 0.5181258 0.5478516 0.4849526 0 93.72176 1.572916 6002113 13 1 21.15704 1.527516 6002113 11 1 371 88873
1 0.5762507 0.6293275 0.5220752 1 38.68305 1.579987 6002113 13 1 41.25811 1.507143 6002113 11 1 371 88900
1 0.5836614 0.5931804 0.5673237 0 82.67352 1.51035 6002113 13 1 63.65494 3.813974 6002113 11 1 371 88968
1 0.5895806 0.6030737 0.5720374 1 18.89634 1.415081 6002113 11 0 74.11558 1.431446 6002113 13 1 372 89221
1 0.5532137 0.5752672 0.5266728 1 80.99709 3.054754 6003113 13 0 162.5882 4.094293 6003113 11 1 391 93756
1 0.7848549 0.9604481 0.6011686 1 14.20246 3.132885 6002113 11 0 55.69175 1.815737 6002113 13 1 391 93830
1 0.5964026 0.5417793 0.6069945 0 415.0401 1.536948 6003113 11 1 19.52176 1.555886 6003113 13 1 392 93869
1 0.5718377 0.6269594 0.5167355 0 54.04718 1.473795 6003113 13 0 104.2537 1.350977 6003113 11 1 392 93980
1 0.5295258 0.5695821 0.4857943 0 474.9652 1.405225 6003113 11 1 27.03342 1.449494 6003113 13 1 403 96525
1 0.5631819 0.4694994 0.6055688 0 78.06884 1.524997 6003113 11 0 60.00354 2.198487 6003113 13 1 404 96892
1 0.5759591 0.4876316 0.6128632 0 276.3549 3.188787 6003113 11 1 51.79006 2.021921 6003113 13 1 404 96905
1 0.6136458 0.6014555 0.6027775 1 0.2106592 1.430837 6002113 11 0 77.56771 1.646194 6002113 13 1 1 121
1 0.5958909 0.5929161 0.5824302 1 36.69121 1.735138 6002113 13 1 6.063514 1.345173 6002113 11 1 156 37311
1 0.5179189 0.5490608 0.4833063 1 13.91932 1.42982 6003113 11 0 87.18954 1.497301 6003113 13 1 157 37572
1 0.7753953 0.8768815 0.6761842 0 94.97004 1.815391 6003113 13 1 26.736 4.34215 6003113 11 1 157 37634
1 0.5788639 0.5982325 0.5558819 1 57.94269 2.034706 6002113 11 1 20.00758 1.52437 6002113 13 1 158 37786
1 0.5179189 0.5490608 0.4833063 1 6.951198 3.151574 6002113 11 1 46.25756 1.623824 6002113 13 1 158 37824
1 0.517458 0.550009 0.4813292 0 50.25545 1.53705 6003113 13 0 245.4465 1.932457 6003113 11 1 158 37876
1 0.3621084 0.5427805 0.2377097 1 24.99993 1.659482 6002113 11 0 69.77198 1.32158 6002113 13 1 164 39311
1 0.5997139 0.5230071 0.6258666 0 65.35519 1.891057 6002113 13 1 5.468075 1.413854 6002113 11 1 171 40999
1 0.612693 0.570597 0.6153595 1 41.18105 1.762566 6002113 13 0 81.50222 2.120438 6002113 11 1 172 41045
1 0.1104112 0.03394089 0.2553055 0 93.58022 1.642326 6002113 13 1 23.34918 1.570631 6002113 11 1 173 41361
1 0.9330272 1.165662 0.6989502 0 125.0475 2.473928 6003113 11 0 141.6843 2.54741 6003113 13 1 356 85224
1 0.6647661 0.7390303 0.5949469 1 29.89788 1.500566 6002113 11 0 52.59067 1.599008 6002113 13 1 356 85295
1 0.5532137 0.5752672 0.5266728 1 42.46627 2.273726 6002113 13 1 26.35105 1.824894 6002113 11 1 356 85382
1 0.5254593 0.4028046 0.5994089 0 97.41576 2.083659 6003113 13 0 357.3879 1.124268 6003113 11 1 375 89883
1 0.02478621 0.00463422 0.08957542 1 1.754798 1.448778 6002113 11 0 56.147 1.796243 6002113 13 1 375 89996
1 0.5714342 0.5886496 0.5516996 1 7.797084 1.955342 6002113 11 1 60.85656 1.694588 6002113 13 1 401 96101
1 0.7631126 1.024915 0.5403691 0 72.01105 1.714443 6002113 13 1 0.5045022 1.293567 6002113 11 1 401 96151
1 0.8205639 0.9861007 0.6425961 0 978.5212 1.497633 6003113 11 0 69.2056 1.538647 6003113 13 1 401 96211
1 0.6032776 0.6076099 0.5877098 0 517.9371 1.409616 6003113 11 1 21.61558 1.396768 6003113 13 1 402 96323
1 0.5477981 0.5668843 0.5250256 1 31.60368 1.753363 6002113 13 1 29.44846 1.410893 6002113 11 1 402 96349
1 0.4374391 0.2808723 0.5684127 1 37.20219 1.59189 6002113 13 1 17.99183 1.843813 6002113 11 1 402 96378
1 0.5952835 0.611509 0.5762983 0 1157.483 1.533089 6003113 11 1 35.65089 1.400826 6003113 13 1 402 96432
1 0.5821005 0.8557132 0.4029537 1 40.27905 1.532481 6002113 13 0 27.87457 1.530784 6002113 11 1 402 96450
1 0.5918038 0.5846312 0.5797378 0 81.42176 1.357056 6002113 13 1 11.56812 1.739237 6002113 11 1 407 97514
1 0.6647661 0.7390303 0.5949469 1 0.7943981 2.053816 6002113 11 1 45.74158 1.557003 6002113 13 1 407 97575
1 0.6647661 0.7390303 0.5949469 0 56.60006 1.491895 6002113 13 1 18.52219 2.08602 6002113 11 1 73 17518
1 0.5213501 0.5671303 0.4736687 0 110.6996 1.643319 6002113 11 1 49.26736 1.702042 6002113 13 1 74 17608
1 0.5266237 0.5499548 0.4990422 1 66.3368 2.151432 6003113 13 0 956.4378 2.046556 6003113 11 1 78 18620
1 0.3527923 0.1987178 0.5081832 1 36.50871 1.442853 6002113 13 0 129.1208 1.408234 6002113 11 1 93 22135
1 0.5254593 0.4028046 0.5994089 0 47.22869 1.457791 6003113 13 0 306.4245 2.078759 6003113 11 1 93 22286
1 0.5952835 0.611509 0.5762983 1 41.86874 1.55509 6002113 13 1 13.17433 1.469517 6002113 11 1 94 22415
1 0.5714342 0.5886496 0.5516996 0 69.32281 1.528111 6002113 13 1 23.52859 1.478875 6002113 11 1 94 22514
1 0.5618237 0.6205709 0.5052561 0 98.14542 1.666251 6003113 13 0 81.50164 1.768964 6003113 11 1 104 24801
1 0.55158 0.5725396 0.52633 1 4.918568 2.681595 6002113 11 0 91.01392 1.942831 6002113 13 1 113 26929
1 0.5997139 0.5230071 0.6258666 0 115.2726 2.79394 6003113 11 1 60.41489 1.818269 6003113 13 1 113 26960
1 0.4947012 0.3518164 0.5957602 1 31.72395 1.435054 6002113 11 0 63.99529 1.473413 6002113 13 1 113 27087
1 0.5532137 0.5752672 0.5266728 1 10.00381 1.564726 6002113 11 1 36.2226 1.48949 6002113 13 1 114 27269
1 0.1221513 0.03870894 0.2758521 0 485.9751 1.493773 6003113 11 0 92.58192 1.382963 6003113 13 1 177 42342
1 0.5573887 0.4424525 0.62027 0 96.81005 1.501348 6002113 13 0 59.2862 1.499087 6002113 11 1 177 42418
1 0.5618237 0.6205709 0.5052561 0 76.26559 1.473947 6002113 13 1 62.48202 2.819946 6002113 11 1 177 42475
1 0.5181258 0.5478516 0.4849526 0 14.26464 5.203967 6002113 11 0 75.80112 1.850416 6002113 13 1 179 42749
1 0.2047332 0.08404274 0.3795956 0 348.146 6.126287 6003113 11 1 58.21295 3.654737 6003113 13 1 179 42888
1 0.0607434 0.01506151 0.1674532 0 92.97816 1.683203 6003113 13 0 242.5059 1.712504 6003113 11 1 180 42987
1 0.5762507 0.6293275 0.5220752 1 0.09249126 3.104882 6003113 11 1 74.43193 3.002968 6003113 13 1 180 43129
1 0.5155952 0.7620206 0.3528518 1 38.90583 1.930971 6002113 13 1 28.00356 1.32987 6002113 11 1 319 76492
1 0.5546474 0.5779464 0.5268154 1 33.93425 1.452036 6002113 13 1 9.586085 1.504333 6002113 11 1 320 76588
1 0.4947012 0.3518164 0.5957602 1 55.56498 1.794118 6003113 13 1 36.60625 2.805535 6003113 11 1 320 76692
1 0.7876326 0.8878482 0.6917219 1 5.946862 1.680977 6002113 11 1 25.19374 2.269596 6002113 13 1 320 76752
1 0.006089109 0.0009090437 0.03104627 1 104.7613 3.091557 6002113 11 1 23.14841 1.203477 6002113 13 1 323 77454
1 0.5714342 0.5886496 0.5516996 0 59.94453 1.830795 6002113 11 1 50.92374 1.708821 6002113 13 1 345 82699
1 0.02478621 0.00463422 0.08957542 0 129.451 2.075336 6003113 13 0 753.995 2.936163 6003113 11 1 72 17227
1 0.1439334 0.276346 0.07151251 0 61.38425 1.373144 6002113 13 1 13.54955 1.626667 6002113 11 1 239 57222
1 0.5762507 0.6293275 0.5220752 0 97.38635 2.325861 6003113 13 1 3.148432 1.849685 6003113 11 1 239 57252
1 0.5546474 0.5779464 0.5268154 1 31.72622 4.485549 6002113 11 1 42.38355 1.853844 6002113 13 1 239 57317
1 0.3736025 0.2151899 0.5285726 0 121.2738 4.657725 6003113 11 0 98.72134 1.626044 6003113 13 1 240 57392
1 0.03479059 0.007232409 0.1127152 0 70.71838 1.335282 6002113 13 1 2.819767 1.694037 6002113 11 1 241 57749
1 0.5282785 0.554262 0.4982984 0 120.7132 1.820597 6002113 13 1 5.616648 1.465834 6002113 11 1 242 57957
1 0.3527923 0.1987178 0.5081832 0 55.75943 1.555894 6002113 13 1 27.38932 1.574314 6002113 11 1 44 10325
1 0.567017 0.6240464 0.5111355 1 47.80383 1.404836 6002113 13 1 3.497295 1.433252 6002113 11 1 44 10402
1 0.1396007 0.04838719 0.2943295 0 8.872542 5.401404 6003113 11 0 77.02699 2.197761 6003113 13 1 44 10554
1 0.5873008 0.5265231 0.6023225 0 79.68092 1.459274 6003113 13 0 450.0521 1.443862 6003113 11 1 52 12472
1 0.5895806 0.6030737 0.5720374 1 25.86723 1.655633 6002113 13 1 22.98121 2.229124 6002113 11 1 59 13994
1 0.2613127 0.4399297 0.1568884 1 38.78173 1.507627 6002113 13 1 60.59283 5.993267 6002113 11 1 59 14003
1 0.6573245 0.7328399 0.586741 1 13.39657 1.609876 6002113 11 1 37.64911 1.450648 6002113 13 1 64 15187
1 0.5089338 0.3831331 0.5881627 1 36.81178 2.73348 6002113 13 1 103.7513 7.239484 6002113 11 1 75 17894
1 0.5958909 0.5929161 0.5824302 0 69.56551 2.195158 6002113 13 1 13.43999 1.613314 6002113 11 1 253 60575
1 0.6448439 0.9391438 0.4462655 0 111.5929 1.677624 6003113 13 0 90.27271 2.060827 6003113 11 1 253 60592
1 0.03952796 0.008452482 0.1246154 1 13.29806 1.436686 6002113 11 0 56.46154 1.387366 6002113 13 1 265 63371
1 0.5866594 0.5983355 0.5696974 0 686.2776 2.029915 6003113 11 1 54.07856 1.829374 6003113 13 1 266 63676
1 0.5167031 0.5506821 0.479012 1 39.9643 2.515585 6002113 13 1 30.36363 1.559888 6002113 11 1 266 63818
1 0.5295258 0.5695821 0.4857943 0 54.44765 1.463159 6002113 13 1 44.37224 2.186872 6002113 11 1 282 67453
1 0.63258 0.7110067 0.558628 1 2.41334 2.124421 6002113 11 0 55.553 1.169281 6002113 13 1 282 67461
1 0.0200014 0.003485674 0.07836146 1 30.24766 1.425404 6002113 13 1 33.04513 1.660603 6002113 11 1 285 68346
1 0.1729784 0.06722977 0.3343768 0 90.34723 1.582933 6003113 13 0 497.2345 1.396456 6003113 11 1 286 68429
1 0.3499435 0.1883899 0.5229445 1 26.9511 1.503368 6002113 13 1 48.69406 1.535565 6002113 11 1 252 60410
1 0.2451584 0.1116618 0.4192517 0 136.0659 1.300019 6002113 11 0 77.07609 1.795699 6002113 13 1 252 60470
1 0.2589673 0.4640636 0.1403912 1 66.41594 1.71652 6002113 13 1 0.6895196 2.764 6002113 11 1 259 61955
1 0.5167031 0.5506821 0.479012 0 89.97691 1.889436 6003113 13 0 462.7366 2.301835 6003113 11 1 260 62255
1 0.5958909 0.5929161 0.5824302 1 79.94465 2.079406 6002113 13 0 126.7682 2.571487 6002113 11 1 284 68079
1 0.7848549 0.9604481 0.6011686 0 52.84126 1.302643 6003113 13 0 521.0173 1.685503 6003113 11 1 297 71053
1 0.5167031 0.5506821 0.479012 1 49.95714 1.547202 6003113 13 0 1114.769 2.192912 6003113 11 1 297 71057
1 0.4374391 0.2808723 0.5684127 1 46.76685 1.412919 6002113 13 1 18.06027 1.597678 6002113 11 1 297 71274
1 0.5244987 0.5683367 0.4779848 0 653.6541 2.191838 6003113 11 0 64.00231 1.604341 6003113 13 1 298 71401
1 0.2639978 0.1232767 0.4426338 1 35.36333 1.655382 6002113 11 0 45.21054 1.729065 6002113 13 1 387 92839
1 0.5726925 0.4622901 0.6298592 0 122.1685 1.792106 6002113 11 1 34.67092 1.278003 6002113 13 1 388 92948
1 0.5974015 0.5689293 0.5935574 1 16.06826 1.446882 6002113 11 0 92.6186 1.552693 6002113 13 1 388 92967
1 0.6448439 0.9391438 0.4462655 0 236.1823 1.606407 6003113 11 0 86.88252 1.568953 6003113 13 1 174 41628
1 0.5958909 0.5929161 0.5824302 0 85.76533 1.51239 6003113 11 0 114.7924 2.126289 6003113 13 1 174 41697
1 0.6412468 0.7187812 0.5687311 0 71.55124 1.708247 6003113 13 0 342.933 1.615 6003113 11 1 174 41721
1 0.4947012 0.3518164 0.5957602 1 38.7164 1.396972 6003113 13 1 31.45914 1.461266 6003113 11 1 174 41732
1 0.1677999 0.06163852 0.3385446 0 68.54751 1.501871 6002113 13 1 6.231862 1.808727 6002113 11 1 174 41755
1 0.1677999 0.06163852 0.3385446 0 103.2875 1.391699 6003113 11 0 77.01896 1.496229 6003113 13 1 207 49615
1 0.5688243 0.5852158 0.5499623 0 55.88305 1.45656 6002113 11 0 74.15414 1.410122 6002113 13 1 11 2445
1 0.332514 0.1831242 0.4877928 1 57.93891 1.549457 6003113 13 0 536.533 2.337436 6003113 11 1 11 2550
1 0.5254593 0.4028046 0.5994089 1 18.75553 1.445884 6002113 11 0 106.0422 1.532677 6002113 13 1 11 2609
1 0.6136458 0.6014555 0.6027775 0 52.33141 1.444065 6002113 13 1 6.052843 1.504905 6002113 11 1 12 2796
1 0.5167031 0.5506821 0.479012 1 25.1336 3.684625 6002113 11 1 26.32604 1.716979 6002113 13 1 23 5427
1 0.5688243 0.5852158 0.5499623 0 54.20634 1.787266 6003113 13 0 472.7538 2.932906 6003113 11 1 39 9298
1 0.2102512 0.09099275 0.3742424 0 102.7406 1.623194 6002113 13 1 19.33803 2.797847 6002113 11 1 39 9306
