1 0.5631819 0.4694994 0.6055688 1 30.21204 1.864598 6002113 13 0 73.38942 1.577239 6002113 13 1 117 28046
1 0.1269531 0.04272098 0.2737629 0 58.40017 1.300648 6003113 13 1 7.224456 1.892436 6003113 13 1 117 28075
1 0.9061426 1.048168 0.7526054 1 20.2173 2.205518 6002113 13 0 74.17916 1.595101 6002113 13 1 118 28115
1 0.5618237 0.6205709 0.5052561 0 118.1877 1.666604 6002113 13 1 25.55786 1.773209 6002113 13 1 130 31112
1 0.5416277 0.4226007 0.6101028 1 32.90157 1.473047 6002113 13 1 21.8343 1.450305 6002113 13 1 131 31366
1 0.5714342 0.5886496 0.5516996 0 250.6597 2.140937 6003113 13 0 140.9792 2.096038 6003113 13 1 132 31530
1 0.2881128 0.1446569 0.4556899 0 49.37009 1.234493 6002113 13 1 54.02091 1.841258 6002113 13 1 132 31547
1 0.7479302 0.8530712 0.6393862 0 206.1566 2.401478 6003113 13 1 57.16275 2.244677 6003113 13 1 137 32736
1 0.7753953 0.8768815 0.6761842 0 160.0315 1.923602 6003113 13 0 103.8183 2.021943 6003113 13 1 303 72662
1 0.63258 0.7110067 0.558628 1 46.83897 1.580386 6002113 13 0 74.9027 2.434493 6002113 13 1 303 72680
1 0.5895806 0.6030737 0.5720374 0 102.5608 1.34966 6003113 13 0 46.26978 1.518383 6003113 13 1 304 72737
1 0.5089338 0.3831331 0.5881627 1 62.46296 1.746807 6002113 13 0 130.5257 1.964664 6002113 13 1 304 72854
1 0.517458 0.550009 0.4813292 1 17.908 2.114903 6002113 13 1 46.70827 2.441394 6002113 13 1 333 79742
1 0.2451584 0.1116618 0.4192517 0 84.92012 1.498002 6003113 13 0 108.9042 1.86588 6003113 13 1 334 80105
1 0.2451584 0.1116618 0.4192517 0 84.92012 1.498002 6003113 13 0 108.9042 1.86588 6003113 13 1 334 80105
1 0.5179189 0.5490608 0.4833063 1 32.64876 1.471859 6003113 13 0 331.1416 1.543537 6003113 13 1 361 86418
1 0.5836614 0.5931804 0.5673237 0 104.9617 1.884929 6002113 13 1 49.50108 1.81634 6002113 13 1 40 9487
1 0.5910162 0.5567505 0.5901788 1 17.11071 1.442881 6002113 13 1 15.65734 1.440688 6002113 13 1 45 10656
1 0.5997004 0.600599 0.585084 0 13.37256 2.78824 6003113 13 1 52.30333 1.692549 6003113 13 1 45 10776
1 0.1532031 0.0546767 0.3159225 0 99.37333 1.840232 6003113 13 0 96.13427 1.41096 6003113 13 1 46 11040
1 0.2646042 0.4246775 0.1631307 0 83.67397 1.428307 6003113 13 0 298.7153 2.27801 6003113 13 1 53 12496
1 0.6573245 0.7328399 0.586741 0 52.79939 1.441815 6002113 13 1 57.6843 2.080135 6002113 13 1 54 12896
1 0.6573245 0.7328399 0.586741 0 61.45418 1.419698 6002113 13 1 14.64188 1.661504 6002113 13 1 65 15434
1 0.3967369 0.2440586 0.532822 0 70.9344 1.352609 6002113 13 1 20.10624 1.581217 6002113 13 1 66 15672
1 0.3967369 0.2440586 0.532822 1 0.1227374 1.609717 6002113 13 1 59.59307 1.829962 6002113 13 1 66 15678
1 0.5266237 0.5499548 0.4990422 1 6.205967 1.54114 6002113 13 0 104.681 1.389218 6002113 13 1 66 15756
1 0.5244179 0.7743813 0.3627396 1 3.114967 1.605215 6002113 13 1 21.84691 1.515787 6002113 13 1 89 21315
1 0.5958909 0.5929161 0.5824302 1 10.74288 3.529098 6003113 13 1 40.84575 1.797219 6003113 13 1 89 21334
1 0.567017 0.6240464 0.5111355 0 51.85524 1.575717 6002113 13 1 35.14826 1.790325 6002113 13 1 102 24440
1 0.5156123 0.5510817 0.476349 0 75.18673 1.526075 6002113 13 1 5.378639 1.496978 6002113 13 1 111 26438
1 0.5997004 0.600599 0.585084 0 61.65223 3.576687 6002113 13 1 35.67355 1.535126 6002113 13 1 111 26493
1 0.5275663 0.5521672 0.4987836 1 38.06668 1.536287 6002113 13 1 32.34691 1.684886 6002113 13 1 112 26654
1 0.5275663 0.5521672 0.4987836 1 38.06668 1.536287 6002113 13 1 32.34691 1.684886 6002113 13 1 112 26654
1 0.5836614 0.5931804 0.5673237 1 1.538921 2.029136 6002113 13 1 31.33953 1.256581 6002113 13 1 112 26815
1 0.5821005 0.8557132 0.4029537 0 50.0172 1.814913 6003113 13 0 70.35986 1.380691 6003113 13 1 112 26844
1 0.5631819 0.4694994 0.6055688 1 31.43437 1.436462 6002113 13 0 81.06329 1.656528 6002113 13 1 150 35793
1 0.2646042 0.4246775 0.1631307 0 52.94846 1.448013 6002113 13 1 32.79528 1.662653 6002113 13 1 150 35953
1 0.5179189 0.5490608 0.4833063 0 46.47563 1.340768 6002113 13 1 37.49895 1.605605 6002113 13 1 151 36083
1 0.8205639 0.9861007 0.6425961 1 59.44335 1.920594 6003113 13 1 10.07789 3.509863 6003113 13 1 151 36197
1 0.5618237 0.6205709 0.5052561 1 41.97767 1.45211 6003113 13 0 54.03216 1.3917 6003113 13 1 152 36357
1 0.5618237 0.6205709 0.5052561 1 41.97767 1.45211 6003113 13 0 54.03216 1.3917 6003113 13 1 152 36357
1 0.5714342 0.5886496 0.5516996 1 9.304093 1.675026 6002113 13 0 75.61499 1.373939 6002113 13 1 152 36389
1 0.5167031 0.5506821 0.479012 1 38.64634 3.077637 6002113 13 1 42.91883 1.699935 6002113 13 1 153 36481
1 0.08538405 0.02321139 0.2178409 0 51.76198 1.419716 6003113 13 1 0.3794909 1.830187 6003113 13 1 153 36634
1 0.6647661 0.7390303 0.5949469 0 813.451 1.738645 6003113 13 0 112.3301 1.488255 6003113 13 1 153 36648
1 0.2272445 0.1009137 0.3964395 0 292.8936 1.573962 6003113 13 0 97.29635 1.453577 6003113 13 1 154 36809
1 0.7848549 0.9604481 0.6011686 1 45.01614 1.429766 6003113 13 0 347.0361 1.444555 6003113 13 1 326 78094
1 0.2221058 0.09363705 0.4034487 0 111.798 1.617063 6003113 13 0 339.8355 1.859352 6003113 13 1 326 78171
1 0.3499435 0.1883899 0.5229445 1 41.83605 3.708539 6002113 13 1 8.227119 1.901687 6002113 13 1 335 80190
1 0.09959436 0.02969352 0.2358939 1 2.605835 1.486727 6002113 13 1 48.96911 1.554369 6002113 13 1 336 80491
1 0.5213501 0.5671303 0.4736687 1 38.18524 1.493144 6003113 13 0 162.2913 1.962998 6003113 13 1 339 81129
1 0.5910162 0.5567505 0.5901788 0 43.46402 1.329736 6002113 13 0 227.5341 1.778315 6002113 13 1 339 81231
1 0.567017 0.6240464 0.5111355 1 3.734769 1.398293 6003113 13 1 43.04534 1.44121 6003113 13 1 340 81594
1 0.4947012 0.3518164 0.5957602 0 161.4571 2.16944 6003113 13 0 107.809 1.682687 6003113 13 1 381 91400
1 0.3079744 0.1583086 0.4778822 1 3.66179 2.15409 6002113 13 1 57.84225 1.773077 6002113 13 1 382 91606
1 0.4374391 0.2808723 0.5684127 0 57.08556 1.427169 6002113 13 1 8.772256 1.47939 6002113 13 1 415 99362
1 0.63258 0.7110067 0.558628 0 107.64 1.77207 6002113 13 1 7.960831 2.364142 6002113 13 1 415 99422
1 0.5290058 0.5579008 0.4965126 0 51.23123 1.213576 6002113 13 1 8.674831 7.366584 6002113 13 1 415 99443
1 0.008248657 0.001247956 0.04032122 0 81.21671 1.386908 6002113 13 1 47.24628 1.485681 6002113 13 1 235 56263
1 0.5167031 0.5506821 0.479012 0 23.58318 1.953121 6002113 13 0 56.75483 1.647302 6002113 13 1 236 56426
1 0.4166096 0.2507721 0.5691213 0 73.50005 1.556829 6002113 13 1 20.37103 1.423689 6002113 13 1 236 56444
1 0.5964026 0.5417793 0.6069945 0 49.52357 1.358035 6002113 13 1 35.14435 1.781525 6002113 13 1 263 62920
1 0.588144 0.5054888 0.619637 0 73.70791 1.403963 6002113 13 1 46.59878 1.515088 6002113 13 1 263 63120
1 0.5788639 0.5982325 0.5558819 1 9.739004 4.564157 6002113 13 0 56.73217 1.693747 6002113 13 1 264 63136
1 0.588144 0.5054888 0.619637 0 108.6452 1.42539 6002113 13 1 2.972992 1.424847 6002113 13 1 290 69376
1 0.5759591 0.4876316 0.6128632 0 59.96246 1.505777 6003113 13 0 66.48956 1.391119 6003113 13 1 290 69470
1 0.5759591 0.4876316 0.6128632 0 59.96246 1.505777 6003113 13 0 66.48956 1.391119 6003113 13 1 290 69470
1 0.5497594 0.569738 0.5257817 0 46.37603 1.186118 6002113 13 1 34.1414 1.991407 6002113 13 1 318 76240
1 0.5836614 0.5931804 0.5673237 0 132.2101 1.557105 6002113 13 0 56.63579 1.490321 6002113 13 1 318 76280
1 0.5836614 0.5931804 0.5673237 0 132.2101 1.557105 6002113 13 0 56.63579 1.490321 6002113 13 1 318 76280
1 0.5573887 0.4424525 0.62027 0 160.2135 1.77791 6003113 13 0 498.3385 1.754257 6003113 13 1 33 7899
1 0.1729784 0.06722977 0.3343768 1 17.13903 1.40556 6002113 13 0 62.36109 1.456446 6002113 13 1 34 8102
1 0.649493 0.7260728 0.5780458 1 6.105211 4.329909 6002113 13 1 32.90607 1.301325 6002113 13 1 123 29429
1 0.5477981 0.5668843 0.5250256 1 23.25927 2.634491 6002113 13 1 53.56503 1.632752 6002113 13 1 123 29443
1 0.7622492 0.8652949 0.6588318 1 50.21001 3.251497 6002113 13 0 114.9845 2.391436 6002113 13 1 124 29696
1 0.5318362 0.3930153 0.6229063 0 446.4627 1.421775 6003113 13 0 97.64076 1.473274 6003113 13 1 127 30465
1 0.5618237 0.6205709 0.5052561 1 48.78329 1.435616 6002113 13 0 91.14588 1.591087 6002113 13 1 128 30524
1 0.5156123 0.5510817 0.476349 0 97.90583 1.402856 6002113 13 1 7.009189 1.491928 6002113 13 1 190 45414
1 0.5618237 0.6205709 0.5052561 0 79.705 1.854643 6002113 13 1 13.40227 1.556035 6002113 13 1 140 33387
1 0.0005057448 0.0001056236 0.002790143 0 68.44612 1.622002 6002113 13 0 78.17709 1.695148 6002113 13 1 140 33429
1 0.5181258 0.5478516 0.4849526 1 42.09107 1.450268 6002113 13 1 28.61057 1.315266 6002113 13 1 140 33552
1 0.2221058 0.09363705 0.4034487 0 426.7668 2.069906 6003113 13 0 100.4235 1.657363 6003113 13 1 273 65281
1 0.007682582 0.001173301 0.03672747 0 103.9626 1.77694 6002113 13 1 53.32989 2.365172 6002113 13 1 273 65505
1 0.2837624 0.1357965 0.466535 1 28.92295 1.715218 6003113 13 0 65.65539 2.548923 6003113 13 1 274 65660
1 0.5314228 0.5697247 0.4892392 1 48.87394 2.07691 6003113 13 0 1007.417 1.486772 6003113 13 1 274 65733
1 0.7876326 0.8878482 0.6917219 1 30.87721 1.389075 6002113 13 1 23.15663 1.469311 6002113 13 1 275 65883
1 0.63258 0.7110067 0.558628 0 111.4392 1.997725 6003113 13 0 935.723 3.000887 6003113 13 1 275 65951
1 0.4947012 0.3518164 0.5957602 1 38.34962 1.486066 6002113 13 1 40.22325 1.809947 6002113 13 1 276 66078
1 0.5181258 0.5478516 0.4849526 1 36.9899 1.764277 6003113 13 1 39.93794 1.909947 6003113 13 1 276 66149
1 0.6573245 0.7328399 0.586741 1 28.54465 2.989032 6002113 13 1 0.7794011 8.619206 6002113 13 1 276 66206
1 0.8795399 1.124261 0.6450055 0 39.45113 1.284228 6002113 13 1 1.502716 5.117741 6002113 13 1 276 66238
1 0.0607434 0.01506151 0.1674532 1 33.43583 3.186512 6002113 13 0 209.4088 2.240259 6002113 13 1 293 70309
1 0.0607434 0.01506151 0.1674532 1 33.43583 3.186512 6002113 13 0 209.4088 2.240259 6002113 13 1 293 70309
1 0.5213501 0.5671303 0.4736687 0 84.85618 1.546701 6002113 13 0 48.28453 1.567095 6002113 13 1 294 70321
1 0.5498481 0.4511571 0.5978136 1 24.21084 1.727587 6002113 13 0 43.37585 1.217209 6002113 13 1 299 71672
1 0.5181258 0.5478516 0.4849526 1 44.45303 1.718247 6002113 13 0 85.0802 1.488676 6002113 13 1 300 71879
1 0.5181258 0.5478516 0.4849526 1 44.45303 1.718247 6002113 13 0 85.0802 1.488676 6002113 13 1 300 71879
1 0.5714342 0.5886496 0.5516996 0 59.34838 1.218671 6002113 13 1 10.78582 1.843242 6002113 13 1 300 71934
1 0.5759591 0.4876316 0.6128632 1 36.0093 1.843006 6002113 13 1 47.90256 1.540568 6002113 13 1 331 79383
1 0.2047332 0.08404274 0.3795956 1 27.55829 1.381122 6003113 13 0 132.3788 1.455279 6003113 13 1 332 79524
1 0.4374391 0.2808723 0.5684127 0 987.5574 2.089731 6003113 13 0 83.43172 1.465111 6003113 13 1 332 79641
1 0.5282785 0.554262 0.4982984 0 265.9083 2.572652 6003113 13 0 122.5291 2.305158 6003113 13 1 341 81620
1 0.5788639 0.5982325 0.5558819 1 4.483068 1.492461 6003113 13 1 41.72932 2.860935 6003113 13 1 341 81772
1 0.3634303 0.5613242 0.2305602 1 66.50724 2.130342 6002113 13 1 21.51905 1.781935 6002113 13 1 342 81878
1 0.5295258 0.5695821 0.4857943 1 80.16242 2.0913 6003113 13 0 177.3031 2.044686 6003113 13 1 342 81912
1 0.73212 0.8401718 0.6176243 0 10.06266 2.670316 6002113 13 1 31.64285 1.852599 6002113 13 1 344 82452
1 0.06818588 0.017431 0.1831226 0 121.6563 1.778214 6003113 13 0 644.3303 3.14206 6003113 13 1 362 86717
1 0.73212 0.8401718 0.6176243 1 50.86009 1.59368 6002113 13 1 40.41594 1.393372 6002113 13 1 362 86737
1 0.4166096 0.2507721 0.5691213 1 42.3364 1.527332 6002113 13 0 4.509243 1.442805 6002113 13 1 362 86815
1 0.5290058 0.5579008 0.4965126 0 176.8159 1.934631 6003113 13 1 60.67171 1.654392 6003113 13 1 365 87568
1 0.5290058 0.5579008 0.4965126 0 70.2771 1.443813 6003113 13 0 494.7019 1.443291 6003113 13 1 365 87576
1 0.517458 0.550009 0.4813292 1 21.89891 1.480296 6002113 13 1 8.379197 1.74421 6002113 13 1 366 87773
1 0.5295258 0.5695821 0.4857943 1 0.05404429 1.915567 6002113 13 0 45.38715 1.237201 6002113 13 1 369 88345
1 0.5895806 0.6030737 0.5720374 1 3.51915 2.132605 6002113 13 1 59.77888 1.965944 6002113 13 1 369 88436
1 0.517458 0.550009 0.4813292 1 6.783042 4.619662 6002113 13 1 112.5615 5.927796 6002113 13 1 369 88467
1 0.5179189 0.5490608 0.4833063 1 27.99587 3.10342 6002113 13 0 74.38641 1.83506 6002113 13 1 369 88515
1 0.5181258 0.5478516 0.4849526 0 539.3817 1.771496 6003113 13 0 64.54425 1.503684 6003113 13 1 9 1925
1 0.5179189 0.5490608 0.4833063 0 55.75385 1.413992 6002113 13 1 43.81194 1.421692 6002113 13 1 9 2055
1 0.5910162 0.5567505 0.5901788 0 172.7604 6.278136 6003113 13 1 171.1895 4.404315 6003113 13 1 10 2305
1 0.158545 0.05991846 0.3130569 0 140.6462 1.948123 6003113 13 0 165.4836 1.831616 6003113 13 1 101 24036
1 0.5974015 0.5689293 0.5935574 0 63.21059 1.717775 6002113 13 1 14.14892 1.367029 6002113 13 1 184 44078
1 0.5618237 0.6205709 0.5052561 1 47.26511 1.711563 6002113 13 1 31.79357 1.538158 6002113 13 1 217 51923
1 0.5272219 0.5691352 0.4820344 0 82.672 1.473805 6002113 13 1 11.6181 1.455244 6002113 13 1 218 52289
1 0.08053406 0.0225782 0.2003654 0 55.98278 1.367444 6002113 13 1 29.75676 1.476673 6002113 13 1 267 63890
1 0.3171137 0.5267799 0.1917663 0 116.9874 2.837695 6003113 13 0 253.6287 1.654194 6003113 13 1 267 63940
1 0.5314228 0.5697247 0.4892392 0 89.80772 1.790403 6003113 13 0 168.7543 1.511315 6003113 13 1 268 64271
1 0.5562873 0.6165259 0.4990861 1 59.22173 2.358564 6002113 13 0 94.14304 2.694096 6002113 13 1 287 68794
1 0.01736219 0.002962011 0.06984233 1 43.69777 4.916391 6002113 13 1 45.98783 1.605702 6002113 13 1 287 68842
1 0.4758722 0.3318007 0.5814311 0 61.75148 6.623249 6003113 13 1 86.28352 2.215238 6003113 13 1 288 68908
1 0.5759591 0.4876316 0.6128632 0 77.51366 1.358474 6002113 13 0 59.40948 1.478952 6002113 13 1 288 68980
1 0.7753953 0.8768815 0.6761842 0 54.57908 1.708056 6002113 13 1 59.48425 1.608989 6002113 13 1 291 69770
1 0.2589673 0.4640636 0.1403912 1 44.12507 1.378471 6002113 13 1 43.5505 1.802493 6002113 13 1 61 14407
1 0.332514 0.1831242 0.4877928 1 26.94262 1.292829 6002113 13 1 17.12261 1.561297 6002113 13 1 61 14575
1 0.6647661 0.7390303 0.5949469 1 38.53456 1.304823 6002113 13 1 12.1461 2.142183 6002113 13 1 69 16449
1 0.5997004 0.600599 0.585084 1 15.33238 1.492784 6001113 13 1 1.325363 1.377924 6001113 13 1 69 16499
1 0.7848549 0.9604481 0.6011686 0 116.7356 1.598136 6002113 13 0 85.36284 1.42779 6002113 13 1 70 16587
1 0.5974015 0.5689293 0.5935574 1 23.59681 1.852093 6002113 13 1 55.82235 1.678569 6002113 13 1 70 16695
1 0.5314228 0.5697247 0.4892392 0 55.9117 1.423812 6003113 13 0 481.9256 1.407064 6003113 13 1 70 16792
1 0.8225547 1.0774 0.5917727 1 40.30543 2.279449 6002113 13 1 15.38572 2.983276 6002113 13 1 83 19733
1 0.5179189 0.5490608 0.4833063 1 7.332928 1.711861 6002113 13 0 89.79183 1.528487 6002113 13 1 91 21721
1 0.5275663 0.5521672 0.4987836 0 360.4811 1.86245 6003113 13 0 133.4976 1.502307 6003113 13 1 79 18875
1 0.5618237 0.6205709 0.5052561 0 82.93539 1.481876 6002113 13 1 19.98094 1.41508 6002113 13 1 85 20268
1 0.5244987 0.5683367 0.4779848 0 68.23635 1.678723 6003113 13 0 135.1079 1.29629 6003113 13 1 86 20627
1 0.5562873 0.6165259 0.4990861 0 170.0202 4.364653 6003113 13 0 124.8475 2.045216 6003113 13 1 87 20788
1 0.5714342 0.5886496 0.5516996 0 348.9632 1.509051 6003113 13 1 41.05561 1.883969 6003113 13 1 88 20892
1 0.3967369 0.2440586 0.532822 0 12.57439 3.428145 6003113 13 0 149.1635 1.752833 6003113 13 1 88 21014
1 0.5618237 0.6205709 0.5052561 1 2.285384 1.576853 6001113 13 1 18.91651 1.330077 6001113 13 1 117 27889
1 0.6647661 0.7390303 0.5949469 1 61.51472 2.004759 6003113 13 0 403.1886 1.908083 6003113 13 1 233 55881
1 0.5089338 0.3831331 0.5881627 1 32.89794 1.589371 6002113 13 0 90.40786 1.537329 6002113 13 1 234 56089
1 0.6066679 0.6139975 0.5903023 0 46.99302 1.33733 6003113 13 0 734.3768 1.660377 6003113 13 1 243 58093
1 0.5952835 0.611509 0.5762983 0 381.3468 2.277507 6003113 13 0 61.75683 1.186196 6003113 13 1 243 58254
1 0.5318362 0.3930153 0.6229063 0 43.75893 9.269243 6002113 13 0 66.55931 1.626567 6002113 13 1 243 58297
1 0.0607434 0.01506151 0.1674532 0 1204.114 1.874457 6003113 13 1 44.84816 1.532293 6003113 13 1 28 6499
1 0.158545 0.05991846 0.3130569 0 808.4499 1.548675 6003113 13 0 89.79936 1.454855 6003113 13 1 28 6703
1 0.5244987 0.5683367 0.4779848 1 27.40068 2.510396 6002113 13 0 31.18945 1.22072 6002113 13 1 41 9648
1 0.8795399 1.124261 0.6450055 0 201.7266 1.36059 6003113 13 1 38.46889 1.515276 6003113 13 1 41 9833
1 0.55158 0.5725396 0.52633 0 99.05005 1.576292 6002113 13 1 17.32518 1.93043 6002113 13 1 42 9899
1 0.332514 0.1831242 0.4877928 0 103.3015 1.391354 6003113 13 0 369.2639 1.8458 6003113 13 1 388 92994
1 0.5952835 0.611509 0.5762983 0 73.55111 1.538018 6002113 13 1 4.082365 1.611125 6002113 13 1 393 94171
1 0.1269531 0.04272098 0.2737629 1 1.639135 1.418948 6002113 13 0 104.5649 1.381557 6002113 13 1 394 94494
1 0.6032551 0.5804401 0.5967605 1 24.23838 2.228849 6002113 13 1 30.25609 2.031044 6002113 13 1 396 94821
1 0.5416277 0.4226007 0.6101028 1 47.3401 1.529922 6002113 13 1 26.01579 1.680007 6002113 13 1 396 94874
1 0.5416277 0.4226007 0.6101028 1 47.3401 1.529922 6002113 13 1 26.01579 1.680007 6002113 13 1 396 94874
1 0.2451584 0.1116618 0.4192517 0 139.5309 2.049725 6003113 13 0 924.2 6.16678 6003113 13 1 409 98004
1 0.5089338 0.3831331 0.5881627 0 101.6509 1.910171 6002113 13 1 12.20794 1.996004 6002113 13 1 409 98081
1 0.5546474 0.5779464 0.5268154 1 12.33556 1.484766 6002113 13 1 16.32645 1.601362 6002113 13 1 410 98290
1 0.6136458 0.6014555 0.6027775 1 19.44284 2.591507 6002113 13 1 23.79609 1.639002 6002113 13 1 410 98396
1 0.1221513 0.03870894 0.2758521 1 13.0081 1.686782 6003113 13 0 69.18127 1.751284 6003113 13 1 411 98526
1 0.517458 0.550009 0.4813292 0 107.6177 1.78649 6002113 13 1 14.00588 3.710787 6002113 13 1 411 98577
1 0.5266237 0.5499548 0.4990422 0 128.9981 1.748483 6003113 13 0 97.36983 2.908621 6003113 13 1 329 78899
1 0.2451584 0.1116618 0.4192517 1 32.82701 2.317755 6002113 13 0 47.97379 2.060618 6002113 13 1 377 90447
1 0.001509598 0.0002522134 0.009104216 1 76.99343 3.274664 6002113 13 1 19.18012 3.116447 6002113 13 1 377 90451
1 0.5213501 0.5671303 0.4736687 0 49.3279 1.390467 6002113 13 1 52.49018 1.54366 6002113 13 1 378 90557
1 0.5181258 0.5478516 0.4849526 0 33.33283 1.214888 6003113 13 0 303.7472 2.229972 6003113 13 1 378 90713
1 0.2589673 0.4640636 0.1403912 1 3.87923 2.06448 6002113 13 1 39.41782 1.789937 6002113 13 1 378 90714
1 0.8795399 1.124261 0.6450055 0 136.6506 1.915501 6003113 13 0 590.5303 3.89533 6003113 13 1 21 4838
1 0.5714342 0.5886496 0.5516996 1 33.37832 1.995668 6002113 13 1 58.7072 2.429783 6002113 13 1 21 4891
1 0.5244987 0.5683367 0.4779848 1 2.849138 1.651976 6002113 13 0 59.21982 1.521022 6002113 13 1 21 5033
1 0.5726925 0.4622901 0.6298592 1 42.02987 1.400874 6002113 13 1 0.6250826 1.489209 6002113 13 1 22 5178
1 0.05072705 0.01149535 0.1514777 1 1.089575 1.565804 6002113 13 1 29.1719 1.908784 6002113 13 1 22 5208
1 0.2881128 0.1446569 0.4556899 1 13.15182 1.54707 6002113 13 0 97.97053 1.522329 6002113 13 1 25 5840
1 0.5287565 0.5561895 0.4975524 1 34.06754 3.752174 6002113 13 0 58.36422 1.930109 6002113 13 1 25 5915
1 0.5213501 0.5671303 0.4736687 0 68.90356 1.4721 6003113 13 0 53.45401 1.761541 6003113 13 1 26 6029
1 0.4169807 0.2620942 0.5507454 1 12.37515 2.017166 6002113 13 1 40.62091 1.635093 6002113 13 1 26 6051
1 0.6032551 0.5804401 0.5967605 0 62.14873 1.411069 6002113 13 0 54.35436 1.511827 6002113 13 1 26 6102
1 0.5836614 0.5931804 0.5673237 0 93.49273 1.640588 6002113 13 1 22.87089 1.456826 6002113 13 1 26 6131
1 0.5179189 0.5490608 0.4833063 1 27.63471 3.575436 6002113 13 0 125.0002 2.545326 6002113 13 1 57 13507
1 0.55158 0.5725396 0.52633 0 435.1808 2.201397 6003113 13 0 103.5615 3.08569 6003113 13 1 347 83155
1 0.5213501 0.5671303 0.4736687 1 18.6191 1.479107 6002113 13 1 45.51001 1.472318 6002113 13 1 348 83281
1 0.05400157 0.01299014 0.1528512 0 127.1684 2.01553 6003113 13 0 105.5881 2.4638 6003113 13 1 348 83416
1 0.5726925 0.4622901 0.6298592 0 75.26379 1.520105 6002113 13 1 16.19841 1.995497 6002113 13 1 348 83488
1 0.2047332 0.08404274 0.3795956 1 130.519 4.432716 6003113 13 0 53.70097 1.286893 6003113 13 1 4 850
1 0.5156123 0.5510817 0.476349 0 87.73876 1.510023 6002113 13 0 89.67711 1.994727 6002113 13 1 15 3449
1 0.7622492 0.8652949 0.6588318 0 409.3337 2.071385 6003113 13 0 78.8905 1.707409 6003113 13 1 15 3548
1 0.63258 0.7110067 0.558628 0 107.5698 2.841609 6003113 13 0 363.5544 2.018142 6003113 13 1 16 3607
1 0.5213501 0.5671303 0.4736687 0 102.6038 1.459081 6002113 13 0 53.60505 1.388086 6002113 13 1 17 3853
1 0.5213501 0.5671303 0.4736687 0 102.6038 1.459081 6002113 13 0 53.60505 1.388086 6002113 13 1 17 3853
1 0.5532137 0.5752672 0.5266728 0 112.3495 1.46704 6003113 13 0 565.2827 1.379166 6003113 13 1 17 3932
1 0.5266237 0.5499548 0.4990422 1 6.619791 1.422334 6002113 13 0 50.46883 1.424332 6002113 13 1 18 4247
1 0.8795399 1.124261 0.6450055 1 21.30534 1.59302 6002113 13 1 48.35104 2.605421 6002113 13 1 305 73200
1 0.517458 0.550009 0.4813292 1 53.09137 1.488996 6002113 13 1 16.42379 3.932489 6002113 13 1 306 73338
1 0.7834347 1.103071 0.5443225 0 96.39558 1.600314 6003113 13 0 154.016 2.158872 6003113 13 1 351 84035
1 0.5290058 0.5579008 0.4965126 1 36.84449 1.368419 6002113 13 0 85.6028 2.016681 6002113 13 1 353 84560
1 0.612693 0.570597 0.6153595 0 242.1921 1.384021 6003113 13 1 50.94764 1.813797 6003113 13 1 353 84605
1 0.5714342 0.5886496 0.5516996 0 69.0658 1.566247 6003113 13 0 1176.042 2.04702 6003113 13 1 359 85970
1 0.5895806 0.6030737 0.5720374 0 146.7043 1.880419 6003113 13 0 359.0656 1.467548 6003113 13 1 360 86400
1 0.5133753 0.3722426 0.6095979 1 60.89254 1.774883 6002113 13 1 23.50849 3.040223 6002113 13 1 363 87119
1 0.3736025 0.2151899 0.5285726 1 28.95609 1.893008 6002113 13 1 49.5038 1.564511 6002113 13 1 364 87156
1 0.3736025 0.2151899 0.5285726 1 28.95609 1.893008 6002113 13 1 49.5038 1.564511 6002113 13 1 364 87156
1 0.08053406 0.0225782 0.2003654 0 483.9955 1.708823 6003113 13 0 86.15245 1.467775 6003113 13 1 364 87240
1 0.158545 0.05991846 0.3130569 1 30.44368 2.027204 6002113 13 1 34.69552 2.996423 6002113 13 1 367 87968
1 0.03241327 0.006380578 0.1109184 1 44.23579 1.490061 6002113 13 0 54.89321 1.786934 6002113 13 1 367 87990
1 0.6136458 0.6014555 0.6027775 0 61.30005 1.405648 6003113 13 1 50.15847 1.649972 6003113 13 1 367 88023
1 0.5275663 0.5521672 0.4987836 1 92.94599 2.471989 6003113 13 1 36.12801 2.474152 6003113 13 1 346 82881
1 0.5910162 0.5567505 0.5901788 0 55.44282 1.327693 6003113 13 0 958.2679 1.998315 6003113 13 1 358 85848
1 0.5714342 0.5886496 0.5516996 0 142.2741 2.390474 6003113 13 1 37.06492 1.908224 6003113 13 1 29 6869
1 0.4374391 0.2808723 0.5684127 1 31.92217 1.444012 6002113 13 0 104.1421 1.8017 6002113 13 1 29 6891
1 0.5952835 0.611509 0.5762983 1 25.73503 1.459594 6003113 13 0 244.2306 1.669878 6003113 13 1 29 6941
1 0.4580497 0.3003624 0.5857744 1 158.0907 8.462991 6003113 13 0 130.8843 1.466598 6003113 13 1 49 11749
1 0.6573245 0.7328399 0.586741 1 23.99074 1.46222 6002113 13 0 57.65751 1.450147 6002113 13 1 56 13214
1 0.6066679 0.6139975 0.5903023 1 60.89489 1.807067 6002113 13 1 23.65797 3.686831 6002113 13 1 56 13257
1 0.5287565 0.5561895 0.4975524 0 138.5553 1.63062 6003113 13 1 49.46526 2.522564 6003113 13 1 56 13276
1 0.5764854 0.5951216 0.5546703 0 113.8154 1.580106 6003113 13 0 569.5939 2.690938 6003113 13 1 56 13306
1 0.4374391 0.2808723 0.5684127 0 77.38869 1.622 6002113 13 0 64.21122 1.801937 6002113 13 1 56 13309
1 0.4609929 0.6820365 0.3120403 1 59.80193 2.179773 6002113 13 1 7.687821 1.31265 6002113 13 1 205 49030
1 0.5958909 0.5929161 0.5824302 1 49.80735 1.542273 6002113 13 0 111.5161 1.432642 6002113 13 1 205 49159
1 0.5788639 0.5982325 0.5558819 0 67.07053 1.502552 6002113 13 1 26.25628 1.348735 6002113 13 1 206 49256
1 0.8795399 1.124261 0.6450055 0 62.34701 1.536633 6002113 13 1 50.79537 2.474453 6002113 13 1 206 49331
1 0.5774951 0.5107735 0.5972872 1 46.49135 1.478116 6002113 13 0 66.18199 1.399014 6002113 13 1 209 50046
1 0.5774951 0.5107735 0.5972872 1 46.49135 1.478116 6002113 13 0 66.18199 1.399014 6002113 13 1 209 50046
1 0.5546474 0.5779464 0.5268154 0 67.77442 1.291395 6002113 13 1 23.60521 1.54494 6002113 13 1 210 50371
1 0.567017 0.6240464 0.5111355 0 45.39492 1.303765 6002113 13 1 2.699239 2.138384 6002113 13 1 233 55774
1 0.73212 0.8401718 0.6176243 0 78.27335 1.67679 6003113 13 0 69.26556 1.499845 6003113 13 1 233 55855
1 0.6647661 0.7390303 0.5949469 0 76.87772 2.999295 6002113 13 0 48.96794 1.542234 6002113 13 1 180 43186
1 0.5266237 0.5499548 0.4990422 1 46.24066 2.537313 6002113 13 1 36.41765 1.636772 6002113 13 1 193 46189
1 0.5974015 0.5689293 0.5935574 1 0.3714359 1.529605 6002113 13 0 61.90086 1.478022 6002113 13 1 194 46406
1 0.2221058 0.09363705 0.4034487 0 215.8215 1.914501 6003113 13 0 102.1148 1.604024 6003113 13 1 194 46420
1 0.4169807 0.2620942 0.5507454 0 47.65699 1.291331 6002113 13 1 18.16472 1.907359 6002113 13 1 194 46499
1 0.5290058 0.5579008 0.4965126 0 48.96255 1.346327 6002113 13 1 19.11348 1.470832 6002113 13 1 194 46511
1 0.5282785 0.554262 0.4982984 1 19.12309 1.525062 6002113 13 0 76.74961 1.366956 6002113 13 1 203 48567
1 0.03241327 0.006380578 0.1109184 1 2.700277 1.38382 6002113 13 0 61.82401 1.885745 6002113 13 1 203 48660
1 0.5213501 0.5671303 0.4736687 1 43.08444 1.541917 6002113 13 0 74.03567 1.486979 6002113 13 1 204 48884
1 0.2690341 0.1318973 0.4338007 1 4.051474 2.542415 6002113 13 1 62.81285 1.844836 6002113 13 1 249 59758
1 0.5133753 0.3722426 0.6095979 1 95.74873 3.660779 6002113 13 0 83.38549 1.396207 6002113 13 1 295 70626
1 0.73212 0.8401718 0.6176243 1 25.87932 1.893472 6002113 13 0 64.65439 1.579302 6002113 13 1 296 70892
1 0.5836614 0.5931804 0.5673237 0 156.7192 1.968652 6003113 13 1 42.91045 1.650965 6003113 13 1 305 72981
1 0.6136458 0.6014555 0.6027775 0 62.76597 1.63413 6002113 13 1 53.15263 2.605145 6002113 13 1 167 40031
1 0.5562873 0.6165259 0.4990861 0 106.4575 3.484641 6002113 13 1 57.237 1.827258 6002113 13 1 168 40196
1 0.5167031 0.5506821 0.479012 1 37.48936 2.433154 6002113 13 0 99.0885 1.756814 6002113 13 1 168 40220
1 0.4758722 0.3318007 0.5814311 0 66.74586 1.494032 6002113 13 1 22.40047 1.619825 6002113 13 1 229 54747
1 0.3285948 0.1728787 0.5003204 1 23.06605 1.559088 6002113 13 0 26.98538 1.876676 6002113 13 1 229 54922
1 0.6448439 0.9391438 0.4462655 0 734.2708 2.297223 6003113 13 0 63.85406 1.420725 6003113 13 1 230 54972
1 0.5764854 0.5951216 0.5546703 1 9.436737 1.295858 6002113 13 0 85.80477 1.80188 6002113 13 1 315 75423
1 0.5821005 0.8557132 0.4029537 1 18.71994 1.592014 6002113 13 0 67.11552 1.550282 6002113 13 1 315 75538
1 0.2639978 0.1232767 0.4426338 0 108.6224 1.690008 6002113 13 0 2.163475 1.454005 6002113 13 1 315 75571
1 0.5958909 0.5929161 0.5824302 0 73.21226 1.534536 6003113 13 0 823.5717 1.652671 6003113 13 1 316 75800
1 0.6032776 0.6076099 0.5877098 0 84.51728 1.450533 6003113 13 0 70.72807 1.383779 6003113 13 1 316 75822
1 0.5133753 0.3722426 0.6095979 0 55.89314 1.624099 6002113 13 0 66.70981 1.42899 6002113 13 1 322 77152
1 0.5133753 0.3722426 0.6095979 0 55.89314 1.624099 6002113 13 0 66.70981 1.42899 6002113 13 1 322 77152
1 0.5167031 0.5506821 0.479012 1 44.59026 1.367203 6002113 13 1 3.323018 1.711828 6002113 13 1 322 77247
1 0.612693 0.570597 0.6153595 1 15.29719 1.320661 6003113 13 0 317.3854 1.713458 6003113 13 1 327 78347
1 0.03241327 0.006380578 0.1109184 1 13.28257 1.863204 6002113 13 1 21.77421 1.384885 6002113 13 1 327 78388
1 0.5895806 0.6030737 0.5720374 0 59.43141 1.560007 6002113 13 0 34.71183 3.293946 6002113 13 1 110 26365
1 0.5952835 0.611509 0.5762983 0 57.59977 1.770293 6002113 13 0 14.02262 1.493504 6002113 13 1 122 29145
1 0.6573245 0.7328399 0.586741 1 55.1792 3.906414 6002113 13 1 4.814161 2.360044 6002113 13 1 122 29206
1 0.1152196 0.03763067 0.2542145 1 45.50002 1.473714 6003113 13 1 11.62732 1.789602 6003113 13 1 192 45984
1 0.5895806 0.6030737 0.5720374 1 15.65607 1.733591 6002113 13 1 37.82307 1.623608 6002113 13 1 192 46017
1 0.1396007 0.04838719 0.2943295 0 1511.757 2.099463 6003113 13 0 71.51003 1.557281 6003113 13 1 197 47054
1 0.1532031 0.0546767 0.3159225 0 63.19621 2.247698 6002113 13 0 70.25222 1.692408 6002113 13 1 197 47056
1 0.2690341 0.1318973 0.4338007 0 128.7204 2.383884 6002113 13 1 6.829026 1.29566 6002113 13 1 197 47068
1 0.6048125 0.5564877 0.6113285 1 15.18307 3.067096 6002113 13 1 42.07212 1.664348 6002113 13 1 198 47308
1 0.5762507 0.6293275 0.5220752 1 17.88259 2.963459 6002113 13 0 59.45888 1.436282 6002113 13 1 199 47669
1 0.5964026 0.5417793 0.6069945 1 40.14623 1.515756 6002113 13 1 40.34946 1.574029 6002113 13 1 199 47730
1 0.5997004 0.600599 0.585084 0 11.78715 5.428876 6002113 13 0 52.1501 2.980819 6002113 13 1 200 47861
1 0.517458 0.550009 0.4813292 1 20.35777 1.724428 6003113 13 1 76.2457 4.669183 6003113 13 1 237 56695
1 0.612693 0.570597 0.6153595 0 186.2995 2.233083 6003113 13 0 201.6767 4.728335 6003113 13 1 237 56696
1 0.5759591 0.4876316 0.6128632 0 560.5809 1.895064 6003113 13 0 87.57999 1.37476 6003113 13 1 238 56911
1 0.63258 0.7110067 0.558628 1 31.08882 1.451298 6003113 13 0 387.7538 2.588716 6003113 13 1 269 64415
1 0.6086565 0.5913109 0.5998238 1 9.875603 1.735584 6002113 13 1 38.47327 1.384006 6002113 13 1 269 64541
1 0.5718377 0.6269594 0.5167355 1 48.2426 3.426638 6002113 13 1 49.85508 1.993802 6002113 13 1 270 64642
1 0.6066679 0.6139975 0.5903023 0 31.81918 3.236061 6002113 13 1 70.74147 1.785296 6002113 13 1 277 66272
1 0.5762507 0.6293275 0.5220752 1 24.73932 1.56296 6002113 13 1 3.959876 1.379594 6002113 13 1 277 66396
1 0.5866594 0.5983355 0.5696974 1 45.77993 1.462008 6002113 13 1 29.53868 1.709862 6002113 13 1 278 66715
1 0.5133753 0.3722426 0.6095979 1 35.18909 1.603078 6002113 13 1 48.45385 2.176801 6002113 13 1 279 66733
1 0.5836614 0.5931804 0.5673237 1 20.67923 2.387609 6002113 13 1 42.27828 2.489992 6002113 13 1 279 66822
1 0.5714342 0.5886496 0.5516996 1 32.63459 1.6614 6002113 13 1 11.64884 1.503487 6002113 13 1 280 66988
1 0.5573887 0.4424525 0.62027 1 33.11878 3.786013 6003113 13 1 27.63053 2.189678 6003113 13 1 280 67119
1 0.8795399 1.124261 0.6450055 1 6.713713 1.825345 6002113 13 0 27.42543 1.594143 6002113 13 1 414 99226
1 0.5562873 0.6165259 0.4990861 1 30.88518 1.504902 6002113 13 1 21.09565 2.116103 6002113 13 1 414 99326
1 0.5179189 0.5490608 0.4833063 0 652.22 2.139785 6003113 13 0 134.5578 1.82004 6003113 13 1 5 993
1 0.5416277 0.4226007 0.6101028 0 100.6399 1.480975 6003113 13 0 417.8383 1.403035 6003113 13 1 6 1246
1 0.5562873 0.6165259 0.4990861 1 32.27156 3.652502 6003113 13 0 99.78259 1.480376 6003113 13 1 38 9058
1 0.5739795 0.5919386 0.5532731 1 7.622644 1.418123 6002113 13 0 82.42545 1.432991 6002113 13 1 38 9104
1 0.5498481 0.4511571 0.5978136 0 235.3016 1.790629 6003113 13 0 92.1882 1.448579 6003113 13 1 82 19469
1 0.5213501 0.5671303 0.4736687 1 16.88834 1.586198 6002113 13 1 26.91697 1.571461 6002113 13 1 82 19598
1 0.7479302 0.8530712 0.6393862 0 567.6929 1.555202 6003113 13 0 102.6227 2.09259 6003113 13 1 82 19607
1 0.1104112 0.03394089 0.2553055 1 33.0841 1.45447 6002113 13 0 54.05781 1.539173 6002113 13 1 167 39913
1 0.649493 0.7260728 0.5780458 0 405.8608 1.334033 6003113 13 0 118.0645 1.456587 6003113 13 1 14 3141
1 0.5244179 0.7743813 0.3627396 0 27.7122 2.081655 6002113 13 1 52.88687 1.567584 6002113 13 1 19 4369
1 0.3499435 0.1883899 0.5229445 0 450.8321 2.261761 6003113 13 1 53.84079 1.612572 6003113 13 1 19 4419
1 0.6412468 0.7187812 0.5687311 1 19.83248 1.627727 6002113 13 1 48.8376 1.428015 6002113 13 1 19 4455
1 0.5873008 0.5265231 0.6023225 1 35.3098 1.492285 6002113 13 1 0.962495 1.425433 6002113 13 1 20 4694
1 0.3079744 0.1583086 0.4778822 0 211.8646 1.523741 6003113 13 0 74.95866 1.646 6003113 13 1 20 4702
1 0.332514 0.1831242 0.4877928 0 121.9459 1.545947 6002113 13 1 30.8636 2.081587 6002113 13 1 48 11333
1 0.5573887 0.4424525 0.62027 1 0.2817912 12.01251 6002113 13 1 89.90894 2.970767 6002113 13 1 48 11348
1 0.04482308 0.009864578 0.1375179 1 37.93776 1.290676 6002113 13 1 14.0955 1.667726 6002113 13 1 67 15959
1 0.8809592 1.029419 0.71877 0 60.30806 1.874649 6002113 13 0 69.69654 1.50902 6002113 13 1 67 16041
1 0.01504938 0.002516407 0.06213839 0 101.4044 1.623155 6002113 13 1 12.98554 1.849259 6002113 13 1 90 21440
1 0.5181258 0.5478516 0.4849526 0 81.84503 1.455029 6002113 13 1 7.916732 1.435843 6002113 13 1 90 21534
1 0.5133753 0.3722426 0.6095979 1 39.34753 1.687294 6002113 13 1 27.42344 3.156649 6002113 13 1 90 21582
1 0.7631126 1.024915 0.5403691 1 19.07719 1.405075 6002113 13 1 33.73225 1.406272 6002113 13 1 95 22569
1 0.5266237 0.5499548 0.4990422 0 362.0795 1.579473 6003113 13 1 59.69748 2.751306 6003113 13 1 96 22898
1 0.73212 0.8401718 0.6176243 1 44.07515 1.407442 6003113 13 0 638.4938 1.488707 6003113 13 1 106 25325
1 0.6048125 0.5564877 0.6113285 0 68.72697 1.494593 6002113 13 1 11.24751 1.791479 6002113 13 1 106 25380
1 0.5156123 0.5510817 0.476349 1 45.62417 1.399534 6002113 13 1 22.03419 1.517141 6002113 13 1 110 26168
1 0.6573245 0.7328399 0.586741 1 7.405653 1.438077 6003113 13 0 93.66933 1.43407 6003113 13 1 35 8181
1 0.5314228 0.5697247 0.4892392 1 46.54121 2.935527 6003113 13 0 79.55402 2.143897 6003113 13 1 159 38023
1 0.5718377 0.6269594 0.5167355 0 70.22784 1.314878 6002113 13 1 10.75623 3.654346 6002113 13 1 169 40484
1 0.5964026 0.5417793 0.6069945 1 55.97123 2.053601 6002113 13 1 35.78236 1.6638 6002113 13 1 170 40689
1 0.5895806 0.6030737 0.5720374 0 122.5415 1.820079 6002113 13 1 5.362378 3.291527 6002113 13 1 211 50523
1 0.7848549 0.9604481 0.6011686 0 65.52669 1.48932 6002113 13 1 40.20748 1.373608 6002113 13 1 212 50745
1 0.5997139 0.5230071 0.6258666 1 46.8685 1.563915 6003113 13 0 246.3923 1.433525 6003113 13 1 212 50867
1 0.5964026 0.5417793 0.6069945 1 47.89782 2.171956 6002113 13 1 14.53715 2.553394 6002113 13 1 142 33845
1 0.7876326 0.8878482 0.6917219 1 11.27156 4.444586 6002113 13 0 88.02912 1.890868 6002113 13 1 142 33903
1 0.5282785 0.554262 0.4982984 1 46.05125 1.408141 6003113 13 0 127.7096 1.43521 6003113 13 1 143 34122
1 0.5272219 0.5691352 0.4820344 1 46.14813 2.261135 6002113 13 0 82.78616 1.502697 6002113 13 1 143 34150
1 0.03479059 0.007232409 0.1127152 1 43.31413 2.961012 6003113 13 0 760.7292 2.534323 6003113 13 1 144 34395
1 0.6136458 0.6014555 0.6027775 0 109.9056 1.834484 6002113 13 1 29.57037 1.556227 6002113 13 1 181 43355
1 0.5873008 0.5265231 0.6023225 0 46.91507 1.411764 6002113 13 1 14.6124 1.583622 6002113 13 1 182 43489
1 0.5964026 0.5417793 0.6069945 0 118.3245 2.408832 6003113 13 0 132.2214 2.602493 6003113 13 1 182 43570
1 0.6086565 0.5913109 0.5998238 1 43.72633 3.469474 6002113 13 1 66.63614 2.157744 6002113 13 1 195 46583
1 0.5952835 0.611509 0.5762983 0 368.0935 3.044698 6003113 13 1 83.80273 3.590871 6003113 13 1 195 46617
1 0.2881128 0.1446569 0.4556899 0 87.67791 1.738748 6003113 13 0 96.65899 1.802863 6003113 13 1 196 46832
1 0.2646042 0.4246775 0.1631307 0 89.71796 1.537439 6002113 13 1 5.339362 1.830442 6002113 13 1 214 51190
1 0.007089265 0.001064434 0.03540659 0 93.26596 2.873374 6003113 13 0 652.1431 1.383714 6003113 13 1 214 51253
1 0.588144 0.5054888 0.619637 0 54.56237 1.687552 6002113 13 1 14.41808 1.461362 6002113 13 1 215 51455
1 0.567017 0.6240464 0.5111355 0 53.09303 1.399931 6002113 13 0 57.71528 1.432756 6002113 13 1 216 51690
1 0.7479302 0.8530712 0.6393862 0 88.24281 1.941625 6003113 13 0 234.336 2.628438 6003113 13 1 225 53794
1 0.5213501 0.5671303 0.4736687 0 34.29483 2.782086 6002113 13 0 82.10391 1.844849 6002113 13 1 225 53994
1 0.9330272 1.165662 0.6989502 0 66.91452 1.531885 6002113 13 1 12.22294 1.327789 6002113 13 1 368 88257
1 0.6032776 0.6076099 0.5877098 0 82.446 1.646843 6003113 13 0 369.6621 1.42031 6003113 13 1 392 93897
1 0.55158 0.5725396 0.52633 1 14.115 2.104073 6002113 13 0 77.86143 1.29404 6002113 13 1 1 32
1 0.5952835 0.611509 0.5762983 0 107.1015 1.488376 6003113 13 0 104.4267 1.404774 6003113 13 1 2 469
1 0.5089338 0.3831331 0.5881627 1 38.61913 1.439289 6003113 13 1 41.46301 1.371604 6003113 13 1 155 37083
1 0.6573245 0.7328399 0.586741 0 77.56024 4.152082 6002113 13 1 60.63457 1.967563 6002113 13 1 157 37518
1 0.3967369 0.2440586 0.532822 1 58.43665 2.982849 6002113 13 1 17.50258 7.365745 6002113 13 1 157 37576
1 0.6066679 0.6139975 0.5903023 0 90.5524 1.78897 6003113 13 0 99.17075 1.523554 6003113 13 1 158 37702
1 0.5244987 0.5683367 0.4779848 1 40.83247 1.403899 6002113 13 1 12.68165 2.007741 6002113 13 1 164 39189
1 0.9330272 1.165662 0.6989502 0 666.8835 1.512137 6003113 13 0 63.69469 1.433384 6003113 13 1 164 39263
1 0.649493 0.7260728 0.5780458 1 17.35841 1.410617 6002113 13 1 43.93848 1.377099 6002113 13 1 171 40860
1 0.6032776 0.6076099 0.5877098 1 33.83413 1.531808 6002113 13 1 7.659394 1.361771 6002113 13 1 171 40928
1 0.6032551 0.5804401 0.5967605 1 70.31105 2.297256 6003113 13 0 353.4639 1.760705 6003113 13 1 171 40929
1 0.5910162 0.5567505 0.5901788 1 56.92575 1.632252 6003113 13 0 1468.547 1.571751 6003113 13 1 172 41244
1 0.6086565 0.5913109 0.5998238 0 647.3698 2.04574 6003113 13 1 56.65955 1.778303 6003113 13 1 173 41409
1 0.5764854 0.5951216 0.5546703 0 59.99792 1.464632 6002113 13 0 164.4735 1.6141 6002113 13 1 355 84976
1 0.3117667 0.4907445 0.1947719 1 42.72498 1.909716 6002113 13 0 68.63896 1.244935 6002113 13 1 355 84998
1 0.5866594 0.5983355 0.5696974 0 9.577651 4.80425 6002113 13 0 154.6924 2.058288 6002113 13 1 356 85365
1 0.5688243 0.5852158 0.5499623 0 82.36541 1.526622 6002113 13 1 29.31893 1.383852 6002113 13 1 375 89901
1 0.5997139 0.5230071 0.6258666 1 73.75651 2.533376 6002113 13 1 83.89456 2.910448 6002113 13 1 375 89978
1 0.5688243 0.5852158 0.5499623 1 23.72485 1.932537 6002113 13 1 38.40692 1.618716 6002113 13 1 401 96067
1 0.001509598 0.0002522134 0.009104216 1 12.1735 2.61598 6002113 13 1 48.40881 1.688617 6002113 13 1 401 96170
1 0.6048125 0.5564877 0.6113285 1 13.15222 2.061669 6002113 13 0 123.0918 2.303107 6002113 13 1 401 96222
1 0.2690341 0.1318973 0.4338007 1 28.38519 3.688829 6002113 13 0 82.50732 1.418115 6002113 13 1 73 17378
1 0.6136458 0.6014555 0.6027775 0 76.20074 1.786526 6003113 13 1 39.64203 1.444507 6003113 13 1 77 18377
1 0.5739795 0.5919386 0.5532731 1 48.05258 1.730124 6002113 13 1 38.30855 1.650297 6002113 13 1 77 18437
1 0.9330272 1.165662 0.6989502 1 17.14421 2.626278 6002113 13 1 64.5593 1.790378 6002113 13 1 77 18452
1 0.6048125 0.5564877 0.6113285 1 56.02395 2.197887 6003113 13 0 90.05016 1.467976 6003113 13 1 93 22296
1 0.5290058 0.5579008 0.4965126 1 57.31202 3.094623 6003113 13 1 14.806 2.500793 6003113 13 1 103 24599
1 0.2451584 0.1116618 0.4192517 1 32.84327 1.337108 6002113 13 0 62.5695 2.617235 6002113 13 1 103 24720
1 0.5179189 0.5490608 0.4833063 0 168.0262 3.123555 6003113 13 0 185.6414 2.209304 6003113 13 1 114 27162
1 0.8205639 0.9861007 0.6425961 1 53.5906 1.627494 6003113 13 0 737.688 1.811966 6003113 13 1 114 27259
1 0.0002303787 5.454406e-05 0.0009596629 0 106.9432 1.533319 6002113 13 1 13.76861 1.522236 6002113 13 1 148 35410
1 0.588144 0.5054888 0.619637 0 141.0378 2.052969 6002113 13 0 35.12645 1.813481 6002113 13 1 178 42534
1 0.5726925 0.4622901 0.6298592 0 267.8279 1.525357 6003113 13 0 61.49233 1.403746 6003113 13 1 178 42577
1 0.1104112 0.03394089 0.2553055 1 14.92159 1.658375 6002113 13 0 49.72178 1.409094 6002113 13 1 179 42940
1 0.5924498 0.6074459 0.5742529 0 218.4239 3.422718 6003113 13 0 199.9743 2.792562 6003113 13 1 180 42962
1 0.5964026 0.5417793 0.6069945 1 26.42965 1.423953 6002113 13 0 58.45237 5.626101 6002113 13 1 180 42985
1 0.5290058 0.5579008 0.4965126 1 41.72211 1.446198 6002113 13 0 19.84188 1.720264 6002113 13 1 180 43008
1 0.5179189 0.5490608 0.4833063 0 86.76368 1.565916 6003113 13 0 95.96705 1.313426 6003113 13 1 180 43017
1 0.1104112 0.03394089 0.2553055 0 64.65255 1.686926 6003113 13 0 256.4778 2.047146 6003113 13 1 310 74265
1 0.5714342 0.5886496 0.5516996 1 64.47708 2.096959 6003113 13 0 436.9748 3.492143 6003113 13 1 319 76379
1 0.8795399 1.124261 0.6450055 1 2.374989 1.330778 6002113 13 1 22.44254 1.712 6002113 13 1 319 76425
1 0.5618237 0.6205709 0.5052561 1 0.4139822 1.439025 6002113 13 0 76.17545 1.412724 6002113 13 1 320 76611
1 0.332514 0.1831242 0.4877928 1 40.0065 1.991455 6002113 13 1 100.9101 7.52922 6002113 13 1 320 76707
1 0.612693 0.570597 0.6153595 0 12.17051 2.90993 6002113 13 1 21.81642 1.839568 6002113 13 1 323 77344
1 0.612693 0.570597 0.6153595 1 37.10576 1.971437 6002113 13 0 91.05973 2.258053 6002113 13 1 323 77378
1 0.01302673 0.002137652 0.05518701 0 88.32104 1.651204 6002113 13 0 3.047248 6.839931 6002113 13 1 324 77688
1 0.4787497 0.3205257 0.6027815 0 179.5493 1.518115 6003113 13 0 136.047 1.715906 6003113 13 1 337 80738
1 0.5718377 0.6269594 0.5167355 0 90.03853 1.641356 6002113 13 1 17.11279 1.983883 6002113 13 1 338 80887
1 0.55158 0.5725396 0.52633 1 101.3919 16.47697 6003113 13 0 82.73884 1.513208 6003113 13 1 338 80925
1 0.7848549 0.9604481 0.6011686 1 47.07082 1.948586 6003113 13 0 218.2331 2.846797 6003113 13 1 338 80941
1 0.7876326 0.8878482 0.6917219 0 54.94563 1.45483 6002113 13 0 72.60942 1.414042 6002113 13 1 338 81111
1 0.7876326 0.8878482 0.6917219 0 54.94563 1.45483 6002113 13 0 72.60942 1.414042 6002113 13 1 338 81111
1 0.5546474 0.5779464 0.5268154 0 58.55497 1.505828 6002113 13 1 42.60357 1.877838 6002113 13 1 345 82676
1 0.6412468 0.7187812 0.5687311 0 39.29553 1.376558 6002113 13 1 8.480763 2.5077 6002113 13 1 58 13812
1 0.7622492 0.8652949 0.6588318 0 150.4674 1.651202 6003113 13 0 92.72711 1.441949 6003113 13 1 71 16842
1 0.55158 0.5725396 0.52633 0 99.5379 3.016918 6002113 13 1 13.60422 1.903864 6002113 13 1 71 17033
1 0.5573887 0.4424525 0.62027 0 82.69734 1.822099 6002113 13 1 27.40035 2.43912 6002113 13 1 241 57767
1 0.5244987 0.5683367 0.4779848 0 84.28807 1.328186 6002113 13 1 47.54081 1.649427 6002113 13 1 242 57905
1 0.8205639 0.9861007 0.6425961 1 28.34808 1.436462 6002113 13 1 19.74695 1.412917 6002113 13 1 242 58063
1 0.5295258 0.5695821 0.4857943 1 40.48249 1.571641 6002113 13 1 37.08141 2.00065 6002113 13 1 251 60078
1 0.7025557 0.9670474 0.4916945 1 27.718 1.395631 6002113 13 1 41.43938 1.403754 6002113 13 1 251 60129
1 0.1729784 0.06722977 0.3343768 0 100.1662 1.593069 6003113 13 0 62.7052 1.731809 6003113 13 1 44 10405
1 0.649493 0.7260728 0.5780458 1 22.24448 2.913887 6002113 13 1 23.07077 1.304034 6002113 13 1 44 10424
1 0.5718377 0.6269594 0.5167355 1 25.47695 1.337332 6002113 13 0 33.64855 1.391347 6002113 13 1 44 10431
1 0.5272219 0.5691352 0.4820344 0 79.55541 1.380604 6003113 13 0 142.4812 1.436375 6003113 13 1 44 10452
1 0.612693 0.570597 0.6153595 1 6.2755 4.281131 6002113 13 1 64.42806 1.841392 6002113 13 1 51 12076
1 0.2690341 0.1318973 0.4338007 1 36.37277 1.560922 6002113 13 1 18.44793 3.255549 6002113 13 1 51 12150
1 0.6647661 0.7390303 0.5949469 1 57.26742 2.164896 6002113 13 1 66.32326 3.852187 6002113 13 1 51 12158
1 0.5275663 0.5521672 0.4987836 0 74.812 1.827914 6003113 13 0 156.8572 1.658948 6003113 13 1 52 12372
1 0.001829603 0.00029073 0.01089172 0 87.0766 1.731618 6003113 13 0 123.7398 1.551246 6003113 13 1 59 13954
1 0.03952796 0.008452482 0.1246154 0 464.7394 4.698096 6003113 13 1 66.03233 1.961227 6003113 13 1 59 13986
1 0.3634303 0.5613242 0.2305602 0 102.1652 1.854326 6002113 13 0 68.86631 1.792632 6002113 13 1 59 14159
1 0.1104112 0.03394089 0.2553055 0 218.4525 3.96737 6003113 13 1 39.17241 1.767747 6003113 13 1 60 14206
1 0.8525429 1.008901 0.681981 1 21.88194 1.635966 6002113 13 0 82.5463 1.448791 6002113 13 1 60 14318
1 0.1729784 0.06722977 0.3343768 0 627.3657 1.267195 6003113 13 0 58.67317 1.568555 6003113 13 1 63 15019
1 0.5497594 0.569738 0.5257817 0 82.76997 2.046093 6003113 13 0 761.0162 4.69332 6003113 13 1 64 15212
1 0.5631819 0.4694994 0.6055688 1 11.81724 1.718687 6002113 13 0 68.5098 1.410244 6002113 13 1 75 17888
1 0.08538405 0.02321139 0.2178409 0 191.8444 3.101252 6003113 13 1 96.60252 9.418112 6003113 13 1 253 60590
1 0.5213501 0.5671303 0.4736687 1 2.383916 2.317899 6002113 13 1 32.33855 1.456036 6002113 13 1 253 60640
1 0.4947012 0.3518164 0.5957602 1 0.7647175 1.456461 6002113 13 0 76.84013 1.616674 6002113 13 1 253 60674
1 0.3967369 0.2440586 0.532822 0 54.74992 6.203729 6003113 13 0 63.3442 1.682992 6003113 13 1 254 60824
1 0.6048125 0.5564877 0.6113285 0 56.99886 1.470744 6002113 13 1 12.28521 1.659575 6002113 13 1 254 60920
1 0.5133753 0.3722426 0.6095979 0 66.4812 1.555926 6003113 13 0 448.3778 1.32449 6003113 13 1 254 60926
1 0.3171137 0.5267799 0.1917663 0 55.57852 1.464643 6002113 13 1 12.2 1.401671 6002113 13 1 265 63487
1 0.5788639 0.5982325 0.5558819 1 14.56821 1.567342 6003113 13 0 95.37988 1.708878 6003113 13 1 266 63679
1 0.3117667 0.4907445 0.1947719 0 39.87721 4.250114 6003113 13 1 50.84028 1.890215 6003113 13 1 281 67244
1 0.5181258 0.5478516 0.4849526 0 42.87243 3.544604 6003113 13 0 89.67986 1.965556 6003113 13 1 282 67469
1 0.73212 0.8401718 0.6176243 1 9.757325 1.609492 6002113 13 1 25.83007 1.667374 6002113 13 1 282 67648
1 0.5181258 0.5478516 0.4849526 0 85.4901 1.485251 6002113 13 1 11.26134 1.507015 6002113 13 1 285 68314
1 0.4166096 0.2507721 0.5691213 0 126.3723 1.64079 6003113 13 0 81.31458 1.731041 6003113 13 1 286 68448
1 0.5282785 0.554262 0.4982984 1 5.967677 1.714161 6002113 13 0 55.26889 2.133075 6002113 13 1 286 68489
1 0.5213501 0.5671303 0.4736687 0 226.0624 2.332652 6003113 13 0 86.09669 1.71241 6003113 13 1 260 62188
1 0.5739795 0.5919386 0.5532731 1 54.04874 2.152888 6003113 13 0 140.1081 1.449373 6003113 13 1 260 62251
1 0.5290058 0.5579008 0.4965126 0 35.87346 1.281473 6002113 13 1 5.987863 5.305873 6002113 13 1 260 62278
1 0.09959436 0.02969352 0.2358939 1 35.24121 1.737259 6002113 13 0 94.26871 1.896465 6002113 13 1 260 62300
1 0.5631819 0.4694994 0.6055688 1 1.326888 1.344569 6002113 13 0 66.62084 1.466609 6002113 13 1 260 62305
1 0.5924498 0.6074459 0.5742529 0 141.6748 1.44036 6003113 13 0 84.76873 1.632533 6003113 13 1 260 62353
1 0.6066679 0.6139975 0.5903023 1 21.21216 1.473603 6002113 13 1 0.1532905 1.647487 6002113 13 1 283 67740
1 0.1269531 0.04272098 0.2737629 1 13.57228 4.353199 6002113 13 1 38.72207 2.417137 6002113 13 1 283 67750
1 0.1677999 0.06163852 0.3385446 1 24.75242 1.476247 6003113 13 0 78.63274 1.439027 6003113 13 1 284 67943
1 0.5167031 0.5506821 0.479012 1 0.03354711 2.133461 6003113 13 0 139.8576 1.651558 6003113 13 1 284 68019
1 0.2639978 0.1232767 0.4426338 0 13.03517 1.770022 6002113 13 0 100.1856 1.534043 6002113 13 1 297 71155
1 0.5497594 0.569738 0.5257817 1 56.22945 1.615167 6003113 13 1 51.30278 1.652264 6003113 13 1 298 71494
1 0.3527923 0.1987178 0.5081832 0 121.6344 6.19847 6002113 13 1 76.40493 2.77543 6002113 13 1 387 92734
1 0.5167031 0.5506821 0.479012 0 100.6228 1.936456 6003113 13 0 112.1542 2.646348 6003113 13 1 174 41546
1 0.5688243 0.5852158 0.5499623 1 43.87335 1.604965 6003113 13 0 140.8593 1.564795 6003113 13 1 174 41579
1 0.5759591 0.4876316 0.6128632 0 146.5292 2.032626 6003113 13 1 28.31358 4.743135 6003113 13 1 174 41700
1 0.8525429 1.008901 0.681981 0 71.05402 1.830842 6003113 13 0 703.8528 2.424927 6003113 13 1 417 99881
1 0.2837624 0.1357965 0.466535 0 46.88016 1.420911 6002113 13 1 38.91825 1.705503 6002113 13 1 417 99924
1 0.0369662 0.007475412 0.1230844 1 6.293968 3.522819 6002113 13 1 57.3331 1.774666 6002113 13 1 11 2557
1 0.5759591 0.4876316 0.6128632 1 34.67886 1.551286 6002113 13 1 6.607163 1.81899 6002113 13 1 11 2574
1 0.5746185 0.8494006 0.3960752 1 5.487172 1.533392 6002113 13 0 93.10545 1.471664 6002113 13 1 24 5756
1 0.5156123 0.5510817 0.476349 1 49.65197 1.664775 6002113 13 0 57.11751 1.397482 6002113 13 1 39 9143
1 0.5156123 0.5510817 0.476349 1 49.65197 1.664775 6002113 13 0 57.11751 1.397482 6002113 13 1 39 9143
