1 0.8205639 0.9861007 0.6425961 1 30.94929 2.145271 6002113 13 0 61.20816 2.020781 6002113 13 1 261 62572
1 0.7753953 0.8768815 0.6761842 0 160.0315 1.923602 6003113 13 0 103.8183 2.021943 6003113 13 1 303 72662
1 0.2646042 0.4246775 0.1631307 0 52.94846 1.448013 6002113 13 1 32.79528 1.662653 6002113 13 1 150 35953
1 0.2589673 0.4640636 0.1403912 1 10.36843 1.522305 6002113 13 1 17.87772 1.435158 6002113 13 1 150 35976
1 0.5964026 0.5417793 0.6069945 0 49.52357 1.358035 6002113 13 1 35.14435 1.781525 6002113 13 1 263 62920
1 0.5759591 0.4876316 0.6128632 0 59.96246 1.505777 6003113 13 0 66.48956 1.391119 6003113 13 1 290 69470
1 0.332514 0.1831242 0.4877928 1 26.94262 1.292829 6002113 13 1 17.12261 1.561297 6002113 13 1 61 14575
1 0.5562873 0.6165259 0.4990861 0 170.0202 4.364653 6003113 13 0 124.8475 2.045216 6003113 13 1 87 20788
1 0.5416277 0.4226007 0.6101028 1 47.3401 1.529922 6002113 13 1 26.01579 1.680007 6002113 13 1 396 94874
1 0.6032551 0.5804401 0.5967605 0 62.14873 1.411069 6002113 13 0 54.35436 1.511827 6002113 13 1 26 6102
1 0.5788639 0.5982325 0.5558819 0 67.07053 1.502552 6002113 13 1 26.25628 1.348735 6002113 13 1 206 49256
1 0.06818588 0.017431 0.1831226 0 273.7885 1.547255 6003113 13 1 34.01867 1.991028 6003113 13 1 228 54530
1 0.5282785 0.554262 0.4982984 1 19.12309 1.525062 6002113 13 0 76.74961 1.366956 6002113 13 1 203 48567
1 0.5282785 0.554262 0.4982984 1 19.12309 1.525062 6002113 13 0 76.74961 1.366956 6002113 13 1 203 48567
1 0.5774951 0.5107735 0.5972872 1 37.24009 2.247566 6002113 13 1 19.97307 1.554047 6002113 13 1 295 70794
1 0.5952835 0.611509 0.5762983 0 61.67001 1.536083 6003113 13 0 239.2652 1.67051 6003113 13 1 37 8813
1 0.5910162 0.5567505 0.5901788 0 67.61568 1.443753 6002113 13 0 102.0921 1.724856 6002113 13 1 160 38170
1 0.5964026 0.5417793 0.6069945 1 55.97123 2.053601 6002113 13 1 35.78236 1.6638 6002113 13 1 170 40689
1 0.517458 0.550009 0.4813292 0 101.5687 1.321604 6002113 13 0 150.9199 1.599607 6002113 13 1 371 88966
1 0.5739795 0.5919386 0.5532731 1 48.05258 1.730124 6002113 13 1 38.30855 1.650297 6002113 13 1 77 18437
1 0.6647661 0.7390303 0.5949469 1 57.26742 2.164896 6002113 13 1 66.32326 3.852187 6002113 13 1 51 12158
1 0.5739795 0.5919386 0.5532731 1 54.04874 2.152888 6003113 13 0 140.1081 1.449373 6003113 13 1 260 62251
